020060501 
020060502 
020060503 
020060504 
020060505 
020060506 
020060507 
020060508 
020060509 
020060510 
020060511 
030060501 
030060502 
030060503 
030060504 
030060505 
030060506 
030060507 
030060508 
030060509 
030060510 
030060511 
040060501 
040060502 
040060503 
040060504 
040060505 
040060506 
040060507 
040060508 
040060509 
040060510 
040060511 
050060501 
050060502 
050060503 
050060504 
050060505 
050060506 
050060507 
050060508 
050060509 
050060510 
050060511 
060060501 
060060502 
060060503 
060060504 
060060505 
060060506 
060060507 
060060508 
060060509 
060060510 
060060511 
070060501 
070060502 
070060503 
070060504 
070060505 
070060506 
070060507 
070060508 
070060509 
070060510 
070060511 
080060501 
080060502 
080060503 
080060504 
080060505 
080060506 
080060507 
080060508 
080060509 
080060510 
080060511 
090060501 
090060502 
090060503 
090060504 
090060505 
090060506 
090060507 
090060508 
090060509 
090060510 
090060511 
100060501 
100060502 
100060503 
100060504 
100060505 
100060506 
100060507 
100060508 
100060509 
100060510 
100060511 
110060501 
110060502 
110060503 
110060504 
110060505 
110060506 
110060507 
110060508 
110060509 
110060510 
110060511 
120060501 
120060502 
120060503 
120060504 
120060505 
120060506 
120060507 
120060508 
120060509 
120060510 
120060511 
130060501 
130060502 
130060503 
130060504 
130060505 
130060506 
130060507 
130060508 
130060509 
130060510 
130060511 
140060501 
140060502 
140060503 
140060504 
140060505 
140060506 
140060507 
140060508 
140060509 
140060510 
140060511 
150060501 
150060502 
150060503 
150060504 
150060505 
150060506 
150060507 
150060508 
150060509 
150060510 
150060511 
160060501 
160060502 
160060503 
160060504 
160060505 
160060506 
160060507 
160060508 
160060509 
160060510 
160060511 
170060501 
170060502 
170060503 
170060504 
170060505 
170060506 
170060507 
170060508 
170060509 
170060510 
170060511 
180060501 
180060502 
180060503 
180060504 
180060505 
180060506 
180060507 
180060508 
180060509 
180060510 
180060511 
190060501 
190060502 
190060503 
190060504 
190060505 
190060506 
190060507 
190060508 
190060509 
190060510 
190060511 
200060501 
200060502 
200060503 
200060504 
200060505 
200060506 
200060507 
200060508 
200060509 
200060510 
200060511 
210060501 
210060502 
210060503 
210060504 
210060505 
210060506 
210060507 
210060508 
210060509 
210060510 
210060511 
220060501 
220060502 
220060503 
220060504 
220060505 
220060506 
220060507 
220060508 
220060509 
220060510 
220060511 
230060501 
230060502 
230060503 
230060504 
230060505 
230060506 
230060507 
230060508 
230060509 
230060510 
230060511 
240060501 
240060502 
240060503 
240060504 
240060505 
240060506 
240060507 
240060508 
240060509 
240060510 
240060511 
250060501 
250060502 
250060503 
250060504 
250060505 
250060506 
250060507 
250060508 
250060509 
250060510 
250060511 
260060501 
260060502 
260060503 
260060504 
260060505 
260060506 
260060507 
260060508 
260060509 
260060510 
260060511 
270060501 
270060502 
270060503 
270060504 
270060505 
270060506 
270060507 
270060508 
270060509 
270060510 
270060511 
280060501 
280060502 
280060503 
280060504 
280060505 
280060506 
280060507 
280060508 
280060509 
280060510 
280060511 
290060501 
290060502 
290060503 
290060504 
290060505 
290060506 
290060507 
290060508 
290060509 
290060510 
290060511 
310060501 
310060502 
310060503 
310060504 
310060505 
310060506 
310060507 
310060508 
310060509 
310060510 
310060511 
320060501 
320060502 
320060503 
320060504 
320060505 
320060506 
320060507 
320060508 
320060509 
320060510 
320060511 
330060501 
330060502 
330060503 
330060504 
330060505 
330060506 
330060507 
330060508 
330060509 
330060510 
330060511 
340060501 
340060502 
340060503 
340060504 
340060505 
340060506 
340060507 
340060508 
340060509 
340060510 
340060511 
360060501 
360060502 
360060503 
360060504 
360060505 
360060506 
360060507 
360060508 
360060509 
360060510 
360060511 
370060501 
370060502 
370060503 
370060504 
370060505 
370060506 
370060507 
370060508 
370060509 
370060510 
370060511 
380060501 
380060502 
380060503 
380060504 
380060505 
380060506 
380060507 
380060508 
380060509 
380060510 
380060511 
390060501 
390060502 
390060503 
390060504 
390060505 
390060506 
390060507 
390060508 
390060509 
390060510 
390060511 
400060501 
400060502 
400060503 
400060504 
400060505 
400060506 
400060507 
400060508 
400060509 
400060510 
400060511 
410060501 
410060502 
410060503 
410060504 
410060505 
410060506 
410060507 
410060508 
410060509 
410060510 
410060511 
430060501 
430060502 
430060503 
430060504 
430060505 
430060506 
430060507 
430060508 
430060509 
430060510 
430060511 
440060501 
440060502 
440060503 
440060504 
440060505 
440060506 
440060507 
440060508 
440060509 
440060510 
440060511 
450060501 
450060502 
450060503 
450060504 
450060505 
450060506 
450060507 
450060508 
450060509 
450060510 
450060511 
460060501 
460060502 
460060503 
460060504 
460060505 
460060506 
460060507 
460060508 
460060509 
460060510 
460060511 
470060501 
470060502 
470060503 
470060504 
470060505 
470060506 
470060507 
470060508 
470060509 
470060510 
470060511 
510060501 
510060502 
510060503 
510060504 
510060505 
510060506 
510060507 
510060508 
510060509 
510060510 
510060511 
520060501 
520060502 
520060503 
520060504 
520060505 
520060506 
520060507 
520060508 
520060509 
520060510 
520060511 
530060501 
530060502 
530060503 
530060504 
530060505 
530060506 
530060507 
530060508 
530060509 
530060510 
530060511 
540060501 
540060502 
540060503 
540060504 
540060505 
540060506 
540060507 
540060508 
540060509 
540060510 
540060511 
550060501 
550060502 
550060503 
550060504 
550060505 
550060506 
550060507 
550060508 
550060509 
550060510 
550060511 
560060501 
560060502 
560060503 
560060504 
560060505 
560060506 
560060507 
560060508 
560060509 
560060510 
560060511 
570060501 
570060502 
570060503 
570060504 
570060505 
570060506 
570060507 
570060508 
570060509 
570060510 
570060511 
580060501 
580060502 
580060503 
580060504 
580060505 
580060506 
580060507 
580060508 
580060509 
580060510 
580060511 
590060501 
590060502 
590060503 
590060504 
590060505 
590060506 
590060507 
590060508 
590060509 
590060510 
590060511 
600060501 
600060502 
600060503 
600060504 
600060505 
600060506 
600060507 
600060508 
600060509 
600060510 
600060511 
610060501 
610060502 
610060503 
610060504 
610060505 
610060506 
610060507 
610060508 
610060509 
610060510 
610060511 
620060501 
620060502 
620060503 
620060504 
620060505 
620060506 
620060507 
620060508 
620060509 
620060510 
620060511 
630060501 
630060502 
630060503 
630060504 
630060505 
630060506 
630060507 
630060508 
630060509 
630060510 
630060511 
640060501 
640060502 
640060503 
640060504 
640060505 
640060506 
640060507 
640060508 
640060509 
640060510 
640060511 
650060501 
650060502 
650060503 
650060504 
650060505 
650060506 
650060507 
650060508 
650060509 
650060510 
650060511 
660060501 
660060502 
660060503 
660060504 
660060505 
660060506 
660060507 
660060508 
660060509 
660060510 
660060511 
670060501 
670060502 
670060503 
670060504 
670060505 
670060506 
670060507 
670060508 
670060509 
670060510 
670060511 
680060501 
680060502 
680060503 
680060504 
680060505 
680060506 
680060507 
680060508 
680060509 
680060510 
680060511 
690060501 
690060502 
690060503 
690060504 
690060505 
690060506 
690060507 
690060508 
690060509 
690060510 
690060511 
700060501 
700060502 
700060503 
700060504 
700060505 
700060506 
700060507 
700060508 
700060509 
700060510 
700060511 
710060501 
710060502 
710060503 
710060504 
710060505 
710060506 
710060507 
710060508 
710060509 
710060510 
710060511 
720060501 
720060502 
720060503 
720060504 
720060505 
720060506 
720060507 
720060508 
720060509 
720060510 
720060511 
730060501 
730060502 
730060503 
730060504 
730060505 
730060506 
730060507 
730060508 
730060509 
730060510 
730060511 
740060501 
740060502 
740060503 
740060504 
740060505 
740060506 
740060507 
740060508 
740060509 
740060510 
740060511 
750060501 
750060502 
750060503 
750060504 
750060505 
750060506 
750060507 
750060508 
750060509 
750060510 
750060511 
760060501 
760060502 
760060503 
760060504 
760060505 
760060506 
760060507 
760060508 
760060509 
760060510 
760060511 
770060501 
770060502 
770060503 
770060504 
770060505 
770060506 
770060507 
770060508 
770060509 
770060510 
770060511 
780060501 
780060502 
780060503 
780060504 
780060505 
780060506 
780060507 
780060508 
780060509 
780060510 
780060511 
790060501 
790060502 
790060503 
790060504 
790060505 
790060506 
790060507 
790060508 
790060509 
790060510 
790060511 
800060501 
800060502 
800060503 
800060504 
800060505 
800060506 
800060507 
800060508 
800060509 
800060510 
800060511 
810060501 
810060502 
810060503 
810060504 
810060505 
810060506 
810060507 
810060508 
810060509 
810060510 
810060511 
