010355001
010355002
010355003
010355004
010355005
010355006
010355007
010355008
010355009
010355010
010355011
010365001
010365002
010365003
010365004
010365005
010365006
010365007
010365008
010365009
010365010
010365011
010375001
010375002
010375003
010375004
010375005
010375006
010375007
010375008
010375009
010375010
010375011
010385001
010385002
010385003
010385004
010385005
010385006
010385007
010385008
010385009
010385010
010385011
010395001
010395002
010395003
010395004
010395005
010395006
010395007
010395008
010395009
010395010
010395011
010405001
010405002
010405003
010405004
010405005
010405006
010405007
010405008
010405009
010405010
010405011
010415001
010415002
010415003
010415004
010415005
010415006
010415007
010415008
010415009
010415010
010415011
010425001
010425002
010425003
010425004
010425005
010425006
010425007
010425008
010425009
010425010
010425011
010435001
010435002
010435003
010435004
010435005
010435006
010435007
010435008
010435009
010435010
010435011
010445001
010445002
010445003
010445004
010445005
010445006
010445007
010445008
010445009
010445010
010445011
010455001
010455002
010455003
010455004
010455005
010455006
010455007
010455008
010455009
010455010
010455011
010465001
010465002
010465003
010465004
010465005
010465006
010465007
010465008
010465009
010465010
010465011
010475001
010475002
010475003
010475004
010475005
010475006
010475007
010475008
010475009
010475010
010475011
010485001
010485002
010485003
010485004
010485005
010485006
010485007
010485008
010485009
010485010
010485011
010495001
010495002
010495003
010495004
010495005
010495006
010495007
010495008
010495009
010495010
010495011
010505001
010505002
010505003
010505004
010505005
010505006
010505007
010505008
010505009
010505010
010505011
010515001
010515002
010515003
010515004
010515005
010515006
010515007
010515008
010515009
010515010
010515011
010525001
010525002
010525003
010525004
010525005
010525006
010525007
010525008
010525009
010525010
010525011
010535001
010535002
010535003
010535004
010535005
010535006
010535007
010535008
010535009
010535010
010535011
010545001
010545002
010545003
010545004
010545005
010545006
010545007
010545008
010545009
010545010
010545011
010555001
010555002
010555003
010555004
010555005
010555006
010555007
010555008
010555009
010555010
010555011
010565001
010565002
010565003
010565004
010565005
010565006
010565007
010565008
010565009
010565010
010565011
