020355001
020355002
020355003
020355004
020355005
020355006
020355007
020355008
020355009
020355010
020355011
020365001
020365002
020365003
020365004
020365005
020365006
020365007
020365008
020365009
020365010
020365011
020375001
020375002
020375003
020375004
020375005
020375006
020375007
020375008
020375009
020375010
020375011
020385001
020385002
020385003
020385004
020385005
020385006
020385007
020385008
020385009
020385010
020385011
020395001
020395002
020395003
020395004
020395005
020395006
020395007
020395008
020395009
020395010
020395011
020405001
020405002
020405003
020405004
020405005
020405006
020405007
020405008
020405009
020405010
020405011
020415001
020415002
020415003
020415004
020415005
020415006
020415007
020415008
020415009
020415010
020415011
020425001
020425002
020425003
020425004
020425005
020425006
020425007
020425008
020425009
020425010
020425011
020435001
020435002
020435003
020435004
020435005
020435006
020435007
020435008
020435009
020435010
020435011
020445001
020445002
020445003
020445004
020445005
020445006
020445007
020445008
020445009
020445010
020445011
020455001
020455002
020455003
020455004
020455005
020455006
020455007
020455008
020455009
020455010
020455011
020465001
020465002
020465003
020465004
020465005
020465006
020465007
020465008
020465009
020465010
020465011
020475001
020475002
020475003
020475004
020475005
020475006
020475007
020475008
020475009
020475010
020475011
020485001
020485002
020485003
020485004
020485005
020485006
020485007
020485008
020485009
020485010
020485011
020495001
020495002
020495003
020495004
020495005
020495006
020495007
020495008
020495009
020495010
020495011
020505001
020505002
020505003
020505004
020505005
020505006
020505007
020505008
020505009
020505010
020505011
020515001
020515002
020515003
020515004
020515005
020515006
020515007
020515008
020515009
020515010
020515011
020525001
020525002
020525003
020525004
020525005
020525006
020525007
020525008
020525009
020525010
020525011
020535001
020535002
020535003
020535004
020535005
020535006
020535007
020535008
020535009
020535010
020535011
020545001
020545002
020545003
020545004
020545005
020545006
020545007
020545008
020545009
020545010
020545011
020555001
020555002
020555003
020555004
020555005
020555006
020555007
020555008
020555009
020555010
020555011
020565001
020565002
020565003
020565004
020565005
020565006
020565007
020565008
020565009
020565010
020565011
030355001
030355002
030355003
030355004
030355005
030355006
030355007
030355008
030355009
030355010
030355011
030365001
030365002
030365003
030365004
030365005
030365006
030365007
030365008
030365009
030365010
030365011
030375001
030375002
030375003
030375004
030375005
030375006
030375007
030375008
030375009
030375010
030375011
030385001
030385002
030385003
030385004
030385005
030385006
030385007
030385008
030385009
030385010
030385011
030395001
030395002
030395003
030395004
030395005
030395006
030395007
030395008
030395009
030395010
030395011
030405001
030405002
030405003
030405004
030405005
030405006
030405007
030405008
030405009
030405010
030405011
030415001
030415002
030415003
030415004
030415005
030415006
030415007
030415008
030415009
030415010
030415011
030425001
030425002
030425003
030425004
030425005
030425006
030425007
030425008
030425009
030425010
030425011
030435001
030435002
030435003
030435004
030435005
030435006
030435007
030435008
030435009
030435010
030435011
030445001
030445002
030445003
030445004
030445005
030445006
030445007
030445008
030445009
030445010
030445011
030455001
030455002
030455003
030455004
030455005
030455006
030455007
030455008
030455009
030455010
030455011
030465001
030465002
030465003
030465004
030465005
030465006
030465007
030465008
030465009
030465010
030465011
030475001
030475002
030475003
030475004
030475005
030475006
030475007
030475008
030475009
030475010
030475011
030485001
030485002
030485003
030485004
030485005
030485006
030485007
030485008
030485009
030485010
030485011
030495001
030495002
030495003
030495004
030495005
030495006
030495007
030495008
030495009
030495010
030495011
030505001
030505002
030505003
030505004
030505005
030505006
030505007
030505008
030505009
030505010
030505011
030515001
030515002
030515003
030515004
030515005
030515006
030515007
030515008
030515009
030515010
030515011
030525001
030525002
030525003
030525004
030525005
030525006
030525007
030525008
030525009
030525010
030525011
030535001
030535002
030535003
030535004
030535005
030535006
030535007
030535008
030535009
030535010
030535011
030545001
030545002
030545003
030545004
030545005
030545006
030545007
030545008
030545009
030545010
030545011
030555001
030555002
030555003
030555004
030555005
030555006
030555007
030555008
030555009
030555010
030555011
030565001
030565002
030565003
030565004
030565005
030565006
030565007
030565008
030565009
030565010
030565011
040355001
040355002
040355003
040355004
040355005
040355006
040355007
040355008
040355009
040355010
040355011
040365001
040365002
040365003
040365004
040365005
040365006
040365007
040365008
040365009
040365010
040365011
040375001
040375002
040375003
040375004
040375005
040375006
040375007
040375008
040375009
040375010
040375011
040385001
040385002
040385003
040385004
040385005
040385006
040385007
040385008
040385009
040385010
040385011
040395001
040395002
040395003
040395004
040395005
040395006
040395007
040395008
040395009
040395010
040395011
040405001
040405002
040405003
040405004
040405005
040405006
040405007
040405008
040405009
040405010
040405011
040415001
040415002
040415003
040415004
040415005
040415006
040415007
040415008
040415009
040415010
040415011
040425001
040425002
040425003
040425004
040425005
040425006
040425007
040425008
040425009
040425010
040425011
040435001
040435002
040435003
040435004
040435005
040435006
040435007
040435008
040435009
040435010
040435011
040445001
040445002
040445003
040445004
040445005
040445006
040445007
040445008
040445009
040445010
040445011
040455001
040455002
040455003
040455004
040455005
040455006
040455007
040455008
040455009
040455010
040455011
040465001
040465002
040465003
040465004
040465005
040465006
040465007
040465008
040465009
040465010
040465011
040475001
040475002
040475003
040475004
040475005
040475006
040475007
040475008
040475009
040475010
040475011
040485001
040485002
040485003
040485004
040485005
040485006
040485007
040485008
040485009
040485010
040485011
040495001
040495002
040495003
040495004
040495005
040495006
040495007
040495008
040495009
040495010
040495011
040505001
040505002
040505003
040505004
040505005
040505006
040505007
040505008
040505009
040505010
040505011
040515001
040515002
040515003
040515004
040515005
040515006
040515007
040515008
040515009
040515010
040515011
040525001
040525002
040525003
040525004
040525005
040525006
040525007
040525008
040525009
040525010
040525011
040535001
040535002
040535003
040535004
040535005
040535006
040535007
040535008
040535009
040535010
040535011
040545001
040545002
040545003
040545004
040545005
040545006
040545007
040545008
040545009
040545010
040545011
040555001
040555002
040555003
040555004
040555005
040555006
040555007
040555008
040555009
040555010
040555011
040565001
040565002
040565003
040565004
040565005
040565006
040565007
040565008
040565009
040565010
040565011
050365001
050365002
050365003
050365004
050365005
050365006
050365007
050365008
050365009
050365010
050365011
050375001
050375002
050375003
050375004
050375005
050375006
050375007
050375008
050375009
050375010
050375011
050385001
050385002
050385003
050385004
050385005
050385006
050385007
050385008
050385009
050385010
050385011
050395001
050395002
050395003
050395004
050395005
050395006
050395007
050395008
050395009
050395010
050395011
050405001
050405002
050405003
050405004
050405005
050405006
050405007
050405008
050405009
050405010
050405011
050415001
050415002
050415003
050415004
050415005
050415006
050415007
050415008
050415009
050415010
050415011
050425001
050425002
050425003
050425004
050425005
050425006
050425007
050425008
050425009
050425010
050425011
050435001
050435002
050435003
050435004
050435005
050435006
050435007
050435008
050435009
050435010
050435011
050445001
050445002
050445003
050445004
050445005
050445006
050445007
050445008
050445009
050445010
050445011
060355001
060355002
060355003
060355004
060355005
060355006
060355007
060355008
060355009
060355010
060355011
060365001
060365002
060365003
060365004
060365005
060365006
060365007
060365008
060365009
060365010
060365011
060375001
060375002
060375003
060375004
060375005
060375006
060375007
060375008
060375009
060375010
060375011
060385001
060385002
060385003
060385004
060385005
060385006
060385007
060385008
060385009
060385010
060385011
060395001
060395002
060395003
060395004
060395005
060395006
060395007
060395008
060395009
060395010
060395011
060405001
060405002
060405003
060405004
060405005
060405006
060405007
060405008
060405009
060405010
060405011
060415001
060415002
060415003
060415004
060415005
060415006
060415007
060415008
060415009
060415010
060415011
060425001
060425002
060425003
060425004
060425005
060425006
060425007
060425008
060425009
060425010
060425011
060435001
060435002
060435003
060435004
060435005
060435006
060435007
060435008
060435009
060435010
060435011
060445001
060445002
060445003
060445004
060445005
060445006
060445007
060445008
060445009
060445010
060445011
060455001
060455002
060455003
060455004
060455005
060455006
060455007
060455008
060455009
060455010
060455011
060465001
060465002
060465003
060465004
060465005
060465006
060465007
060465008
060465009
060465010
060465011
060475001
060475002
060475003
060475004
060475005
060475006
060475007
060475008
060475009
060475010
060475011
060485001
060485002
060485003
060485004
060485005
060485006
060485007
060485008
060485009
060485010
060485011
060495001
060495002
060495003
060495004
060495005
060495006
060495007
060495008
060495009
060495010
060495011
060505001
060505002
060505003
060505004
060505005
060505006
060505007
060505008
060505009
060505010
060505011
060515001
060515002
060515003
060515004
060515005
060515006
060515007
060515008
060515009
060515010
060515011
060525001
060525002
060525003
060525004
060525005
060525006
060525007
060525008
060525009
060525010
060525011
060535001
060535002
060535003
060535004
060535005
060535006
060535007
060535008
060535009
060535010
060535011
060545001
060545002
060545003
060545004
060545005
060545006
060545007
060545008
060545009
060545010
060545011
060555001
060555002
060555003
060555004
060555005
060555006
060555007
060555008
060555009
060555010
060555011
060565001
060565002
060565003
060565004
060565005
060565006
060565007
060565008
060565009
060565010
060565011
080355001
080355002
080355003
080355004
080355005
080355006
080355007
080355008
080355009
080355010
080355011
080365001
080365002
080365003
080365004
080365005
080365006
080365007
080365008
080365009
080365010
080365011
080375001
080375002
080375003
080375004
080375005
080375006
080375007
080375008
080375009
080375010
080375011
080385001
080385002
080385003
080385004
080385005
080385006
080385007
080385008
080385009
080385010
080385011
080395001
080395002
080395003
080395004
080395005
080395006
080395007
080395008
080395009
080395010
080395011
080405001
080405002
080405003
080405004
080405005
080405006
080405007
080405008
080405009
080405010
080405011
080415001
080415002
080415003
080415004
080415005
080415006
080415007
080415008
080415009
080415010
080415011
080425001
080425002
080425003
080425004
080425005
080425006
080425007
080425008
080425009
080425010
080425011
080435001
080435002
080435003
080435004
080435005
080435006
080435007
080435008
080435009
080435010
080435011
080445001
080445002
080445003
080445004
080445005
080445006
080445007
080445008
080445009
080445010
080445011
080455001
080455002
080455003
080455004
080455005
080455006
080455007
080455008
080455009
080455010
080455011
080465001
080465002
080465003
080465004
080465005
080465006
080465007
080465008
080465009
080465010
080465011
080475001
080475002
080475003
080475004
080475005
080475006
080475007
080475008
080475009
080475010
080475011
080485001
080485002
080485003
080485004
080485005
080485006
080485007
080485008
080485009
080485010
080485011
080495001
080495002
080495003
080495004
080495005
080495006
080495007
080495008
080495009
080495010
080495011
080505001
080505002
080505003
080505004
080505005
080505006
080505007
080505008
080505009
080505010
080505011
080515001
080515002
080515003
080515004
080515005
080515006
080515007
080515008
080515009
080515010
080515011
080525001
080525002
080525003
080525004
080525005
080525006
080525007
080525008
080525009
080525010
080525011
080535001
080535002
080535003
080535004
080535005
080535006
080535007
080535008
080535009
080535010
080535011
080545001
080545002
080545003
080545004
080545005
080545006
080545007
080545008
080545009
080545010
080545011
080555001
080555002
080555003
080555004
080555005
080555006
080555007
080555008
080555009
080555010
080555011
080565001
080565002
080565003
080565004
080565005
080565006
080565007
080565008
080565009
080565010
080565011
090385001
090385002
090385003
090385004
090385005
090385006
090385007
090385008
090385009
090385010
090385011
090395001
090395002
090395003
090395004
090395005
090395006
090395007
090395008
090395009
090395010
090395011
090405001
090405002
090405003
090405004
090405005
090405006
090405007
090405008
090405009
090405010
090405011
090415001
090415002
090415003
090415004
090415005
090415006
090415007
090415008
090415009
090415010
090415011
110355001
110355002
110355003
110355004
110355005
110355006
110355007
110355008
110355009
110355010
110355011
110365001
110365002
110365003
110365004
110365005
110365006
110365007
110365008
110365009
110365010
110365011
110385001
110385002
110385003
110385004
110385005
110385006
110385007
110385008
110385009
110385010
110385011
110395001
110395002
110395003
110395004
110395005
110395006
110395007
110395008
110395009
110395010
110395011
110405001
110405002
110405003
110405004
110405005
110405006
110405007
110405008
110405009
110405010
110405011
110415001
110415002
110415003
110415004
110415005
110415006
110415007
110415008
110415009
110415010
110415011
110425001
110425002
110425003
110425004
110425005
110425006
110425007
110425008
110425009
110425010
110425011
110435001
110435002
110435003
110435004
110435005
110435006
110435007
110435008
110435009
110435010
110435011
110445001
110445002
110445003
110445004
110445005
110445006
110445007
110445008
110445009
110445010
110445011
110455001
110455002
110455003
110455004
110455005
110455006
110455007
110455008
110455009
110455010
110455011
110465001
110465002
110465003
110465004
110465005
110465006
110465007
110465008
110465009
110465010
110465011
110475001
110475002
110475003
110475004
110475005
110475006
110475007
110475008
110475009
110475010
110475011
110485001
110485002
110485003
110485004
110485005
110485006
110485007
110485008
110485009
110485010
110485011
110495001
110495002
110495003
110495004
110495005
110495006
110495007
110495008
110495009
110495010
110495011
110505001
110505002
110505003
110505004
110505005
110505006
110505007
110505008
110505009
110505010
110505011
110515001
110515002
110515003
110515004
110515005
110515006
110515007
110515008
110515009
110515010
110515011
110525001
110525002
110525003
110525004
110525005
110525006
110525007
110525008
110525009
110525010
110525011
110535001
110535002
110535003
110535004
110535005
110535006
110535007
110535008
110535009
110535010
110535011
130355001
130355002
130355003
130355004
130355005
130355006
130355007
130355008
130355009
130355010
130355011
130365001
130365002
130365003
130365004
130365005
130365006
130365007
130365008
130365009
130365010
130365011
130375001
130375002
130375003
130375004
130375005
130375006
130375007
130375008
130375009
130375010
130375011
130385001
130385002
130385003
130385004
130385005
130385006
130385007
130385008
130385009
130385010
130385011
130395001
130395002
130395003
130395004
130395005
130395006
130395007
130395008
130395009
130395010
130395011
130405001
130405002
130405003
130405004
130405005
130405006
130405007
130405008
130405009
130405010
130405011
130415001
130415002
130415003
130415004
130415005
130415006
130415007
130415008
130415009
130415010
130415011
130425001
130425002
130425003
130425004
130425005
130425006
130425007
130425008
130425009
130425010
130425011
130435001
130435002
130435003
130435004
130435005
130435006
130435007
130435008
130435009
130435010
130435011
130445001
130445002
130445003
130445004
130445005
130445006
130445007
130445008
130445009
130445010
130445011
130455001
130455002
130455003
130455004
130455005
130455006
130455007
130455008
130455009
130455010
130455011
130465001
130465002
130465003
130465004
130465005
130465006
130465007
130465008
130465009
130465010
130465011
130475001
130475002
130475003
130475004
130475005
130475006
130475007
130475008
130475009
130475010
130475011
130485001
130485002
130485003
130485004
130485005
130485006
130485007
130485008
130485009
130485010
130485011
130495001
130495002
130495003
130495004
130495005
130495006
130495007
130495008
130495009
130495010
130495011
130505001
130505002
130505003
130505004
130505005
130505006
130505007
130505008
130505009
130505010
130505011
130515001
130515002
130515003
130515004
130515005
130515006
130515007
130515008
130515009
130515010
130515011
130525001
130525002
130525003
130525004
130525005
130525006
130525007
130525008
130525009
130525010
130525011
130535001
130535002
130535003
130535004
130535005
130535006
130535007
130535008
130535009
130535010
130535011
130545001
130545002
130545003
130545004
130545005
130545006
130545007
130545008
130545009
130545010
130545011
130555001
130555002
130555003
130555004
130555005
130555006
130555007
130555008
130555009
130555010
130555011
130565001
130565002
130565003
130565004
130565005
130565006
130565007
130565008
130565009
130565010
130565011
140355001
140355002
140355003
140355004
140355005
140355006
140355007
140355008
140355009
140355010
140355011
140365001
140365002
140365003
140365004
140365005
140365006
140365007
140365008
140365009
140365010
140365011
140375001
140375002
140375003
140375004
140375005
140375006
140375007
140375008
140375009
140375010
140375011
140385001
140385002
140385003
140385004
140385005
140385006
140385007
140385008
140385009
140385010
140385011
140395001
140395002
140395003
140395004
140395005
140395006
140395007
140395008
140395009
140395010
140395011
140405001
140405002
140405003
140405004
140405005
140405006
140405007
140405008
140405009
140405010
140405011
140415001
140415002
140415003
140415004
140415005
140415006
140415007
140415008
140415009
140415010
140415011
140425001
140425002
140425003
140425004
140425005
140425006
140425007
140425008
140425009
140425010
140425011
140435001
140435002
140435003
140435004
140435005
140435006
140435007
140435008
140435009
140435010
140435011
140445001
140445002
140445003
140445004
140445005
140445006
140445007
140445008
140445009
140445010
140445011
140455001
140455002
140455003
140455004
140455005
140455006
140455007
140455008
140455009
140455010
140455011
140465001
140465002
140465003
140465004
140465005
140465006
140465007
140465008
140465009
140465010
140465011
140475001
140475002
140475003
140475004
140475005
140475006
140475007
140475008
140475009
140475010
140475011
140485001
140485002
140485003
140485004
140485005
140485006
140485007
140485008
140485009
140485010
140485011
140495001
140495002
140495003
140495004
140495005
140495006
140495007
140495008
140495009
140495010
140495011
140505001
140505002
140505003
140505004
140505005
140505006
140505007
140505008
140505009
140505010
140505011
140515001
140515002
140515003
140515004
140515005
140515006
140515007
140515008
140515009
140515010
140515011
140525001
140525002
140525003
140525004
140525005
140525006
140525007
140525008
140525009
140525010
140525011
140535001
140535002
140535003
140535004
140535005
140535006
140535007
140535008
140535009
140535010
140535011
140545001
140545002
140545003
140545004
140545005
140545006
140545007
140545008
140545009
140545010
140545011
140555001
140555002
140555003
140555004
140555005
140555006
140555007
140555008
140555009
140555010
140555011
140565001
140565002
140565003
140565004
140565005
140565006
140565007
140565008
140565009
140565010
140565011
150355001
150355002
150355003
150355004
150355005
150355006
150355007
150355008
150355009
150355010
150355011
150365001
150365002
150365003
150365004
150365005
150365006
150365007
150365008
150365009
150365010
150365011
150375001
150375002
150375003
150375004
150375005
150375006
150375007
150375008
150375009
150375010
150375011
150385001
150385002
150385003
150385004
150385005
150385006
150385007
150385008
150385009
150385010
150385011
150395001
150395002
150395003
150395004
150395005
150395006
150395007
150395008
150395009
150395010
150395011
150405001
150405002
150405003
150405004
150405005
150405006
150405007
150405008
150405009
150405010
150405011
150415001
150415002
150415003
150415004
150415005
150415006
150415007
150415008
150415009
150415010
150415011
150425001
150425002
150425003
150425004
150425005
150425006
150425007
150425008
150425009
150425010
150425011
150435001
150435002
150435003
150435004
150435005
150435006
150435007
150435008
150435009
150435010
150435011
150445001
150445002
150445003
150445004
150445005
150445006
150445007
150445008
150445009
150445010
150445011
150455001
150455002
150455003
150455004
150455005
150455006
150455007
150455008
150455009
150455010
150455011
150465001
150465002
150465003
150465004
150465005
150465006
150465007
150465008
150465009
150465010
150465011
150475001
150475002
150475003
150475004
150475005
150475006
150475007
150475008
150475009
150475010
150475011
150485001
150485002
150485003
150485004
150485005
150485006
150485007
150485008
150485009
150485010
150485011
150495001
150495002
150495003
150495004
150495005
150495006
150495007
150495008
150495009
150495010
150495011
150505001
150505002
150505003
150505004
150505005
150505006
150505007
150505008
150505009
150505010
150505011
150515001
150515002
150515003
150515004
150515005
150515006
150515007
150515008
150515009
150515010
150515011
150525001
150525002
150525003
150525004
150525005
150525006
150525007
150525008
150525009
150525010
150525011
150535001
150535002
150535003
150535004
150535005
150535006
150535007
150535008
150535009
150535010
150535011
150545001
150545002
150545003
150545004
150545005
150545006
150545007
150545008
150545009
150545010
150545011
150555001
150555002
150555003
150555004
150555005
150555006
150555007
150555008
150555009
150555010
150555011
150565001
150565002
150565003
150565004
150565005
150565006
150565007
150565008
150565009
150565010
150565011
160355001
160355002
160355003
160355004
160355005
160355006
160355007
160355008
160355009
160355010
160355011
160365001
160365002
160365003
160365004
160365005
160365006
160365007
160365008
160365009
160365010
160365011
160375001
160375002
160375003
160375004
160375005
160375006
160375007
160375008
160375009
160375010
160375011
160385001
160385002
160385003
160385004
160385005
160385006
160385007
160385008
160385009
160385010
160385011
160395001
160395002
160395003
160395004
160395005
160395006
160395007
160395008
160395009
160395010
160395011
160405001
160405002
160405003
160405004
160405005
160405006
160405007
160405008
160405009
160405010
160405011
160415001
160415002
160415003
160415004
160415005
160415006
160415007
160415008
160415009
160415010
160415011
160425001
160425002
160425003
160425004
160425005
160425006
160425007
160425008
160425009
160425010
160425011
160435001
160435002
160435003
160435004
160435005
160435006
160435007
160435008
160435009
160435010
160435011
160445001
160445002
160445003
160445004
160445005
160445006
160445007
160445008
160445009
160445010
160445011
160455001
160455002
160455003
160455004
160455005
160455006
160455007
160455008
160455009
160455010
160455011
160465001
160465002
160465003
160465004
160465005
160465006
160465007
160465008
160465009
160465010
160465011
160475001
160475002
160475003
160475004
160475005
160475006
160475007
160475008
160475009
160475010
160475011
160485001
160485002
160485003
160485004
160485005
160485006
160485007
160485008
160485009
160485010
160485011
160495001
160495002
160495003
160495004
160495005
160495006
160495007
160495008
160495009
160495010
160495011
160505001
160505002
160505003
160505004
160505005
160505006
160505007
160505008
160505009
160505010
160505011
160515001
160515002
160515003
160515004
160515005
160515006
160515007
160515008
160515009
160515010
160515011
160525001
160525002
160525003
160525004
160525005
160525006
160525007
160525008
160525009
160525010
160525011
160535001
160535002
160535003
160535004
160535005
160535006
160535007
160535008
160535009
160535010
160535011
160545001
160545002
160545003
160545004
160545005
160545006
160545007
160545008
160545009
160545010
160545011
160555001
160555002
160555003
160555004
160555005
160555006
160555007
160555008
160555009
160555010
160555011
160565001
160565002
160565003
160565004
160565005
160565006
160565007
160565008
160565009
160565010
160565011
170355001
170355002
170355003
170355004
170355005
170355006
170355007
170355008
170355009
170355010
170355011
170365001
170365002
170365003
170365004
170365005
170365006
170365007
170365008
170365009
170365010
170365011
170375001
170375002
170375003
170375004
170375005
170375006
170375007
170375008
170375009
170375010
170375011
170385001
170385002
170385003
170385004
170385005
170385006
170385007
170385008
170385009
170385010
170385011
170395001
170395002
170395003
170395004
170395005
170395006
170395007
170395008
170395009
170395010
170395011
170405001
170405002
170405003
170405004
170405005
170405006
170405007
170405008
170405009
170405010
170405011
170415001
170415002
170415003
170415004
170415005
170415006
170415007
170415008
170415009
170415010
170415011
170425001
170425002
170425003
170425004
170425005
170425006
170425007
170425008
170425009
170425010
170425011
170435001
170435002
170435003
170435004
170435005
170435006
170435007
170435008
170435009
170435010
170435011
170445001
170445002
170445003
170445004
170445005
170445006
170445007
170445008
170445009
170445010
170445011
170455001
170455002
170455003
170455004
170455005
170455006
170455007
170455008
170455009
170455010
170455011
170465001
170465002
170465003
170465004
170465005
170465006
170465007
170465008
170465009
170465010
170465011
170475001
170475002
170475003
170475004
170475005
170475006
170475007
170475008
170475009
170475010
170475011
170485001
170485002
170485003
170485004
170485005
170485006
170485007
170485008
170485009
170485010
170485011
170495001
170495002
170495003
170495004
170495005
170495006
170495007
170495008
170495009
170495010
170495011
170505001
170505002
170505003
170505004
170505005
170505006
170505007
170505008
170505009
170505010
170505011
170515001
170515002
170515003
170515004
170515005
170515006
170515007
170515008
170515009
170515010
170515011
170525001
170525002
170525003
170525004
170525005
170525006
170525007
170525008
170525009
170525010
170525011
170535001
170535002
170535003
170535004
170535005
170535006
170535007
170535008
170535009
170535010
170535011
170545001
170545002
170545003
170545004
170545005
170545006
170545007
170545008
170545009
170545010
170545011
170555001
170555002
170555003
170555004
170555005
170555006
170555007
170555008
170555009
170555010
170555011
170565001
170565002
170565003
170565004
170565005
170565006
170565007
170565008
170565009
170565010
170565011
190365001
190365002
190365003
190365004
190365005
190365006
190365007
190365008
190365009
190365010
190365011
190375001
190375002
190375003
190375004
190375005
190375006
190375007
190375008
190375009
190375010
190375011
190385001
190385002
190385003
190385004
190385005
190385006
190385007
190385008
190385009
190385010
190385011
190395001
190395002
190395003
190395004
190395005
190395006
190395007
190395008
190395009
190395010
190395011
190405001
190405002
190405003
190405004
190405005
190405006
190405007
190405008
190405009
190405010
190405011
190415001
190415002
190415003
190415004
190415005
190415006
190415007
190415008
190415009
190415010
190415011
190425001
190425002
190425003
190425004
190425005
190425006
190425007
190425008
190425009
190425010
190425011
210355001
210355002
210355003
210355004
210355005
210355006
210355007
210355008
210355009
210355010
210355011
210365001
210365002
210365003
210365004
210365005
210365006
210365007
210365008
210365009
210365010
210365011
210375001
210375002
210375003
210375004
210375005
210375006
210375007
210375008
210375009
210375010
210375011
210385001
210385002
210385003
210385004
210385005
210385006
210385007
210385008
210385009
210385010
210385011
220405001
220405002
220405003
220405004
220405005
220405006
220405007
220405008
220405009
220405010
220405011
220415001
220415002
220415003
220415004
220415005
220415006
220415007
220415008
220415009
220415010
220415011
220425001
220425002
220425003
220425004
220425005
220425006
220425007
220425008
220425009
220425010
220425011
220435001
220435002
220435003
220435004
220435005
220435006
220435007
220435008
220435009
220435010
220435011
220445001
220445002
220445003
220445004
220445005
220445006
220445007
220445008
220445009
220445010
220445011
220455001
220455002
220455003
220455004
220455005
220455006
220455007
220455008
220455009
220455010
220455011
220465001
220465002
220465003
220465004
220465005
220465006
220465007
220465008
220465009
220465010
220465011
220475001
220475002
220475003
220475004
220475005
220475006
220475007
220475008
220475009
220475010
220475011
220485001
220485002
220485003
220485004
220485005
220485006
220485007
220485008
220485009
220485010
220485011
220495001
220495002
220495003
220495004
220495005
220495006
220495007
220495008
220495009
220495010
220495011
260365001
260365002
260365003
260365004
260365005
260365006
260365007
260365008
260365009
260365010
260365011
260375001
260375002
260375003
260375004
260375005
260375006
260375007
260375008
260375009
260375010
260375011
260385001
260385002
260385003
260385004
260385005
260385006
260385007
260385008
260385009
260385010
260385011
260395001
260395002
260395003
260395004
260395005
260395006
260395007
260395008
260395009
260395010
260395011
260405001
260405002
260405003
260405004
260405005
260405006
260405007
260405008
260405009
260405010
260405011
260415001
260415002
260415003
260415004
260415005
260415006
260415007
260415008
260415009
260415010
260415011
260425001
260425002
260425003
260425004
260425005
260425006
260425007
260425008
260425009
260425010
260425011
260435001
260435002
260435003
260435004
260435005
260435006
260435007
260435008
260435009
260435010
260435011
260445001
260445002
260445003
260445004
260445005
260445006
260445007
260445008
260445009
260445010
260445011
260455001
260455002
260455003
260455004
260455005
260455006
260455007
260455008
260455009
260455010
260455011
260465001
260465002
260465003
260465004
260465005
260465006
260465007
260465008
260465009
260465010
260465011
260475001
260475002
260475003
260475004
260475005
260475006
260475007
260475008
260475009
260475010
260475011
260485001
260485002
260485003
260485004
260485005
260485006
260485007
260485008
260485009
260485010
260485011
260495001
260495002
260495003
260495004
260495005
260495006
260495007
260495008
260495009
260495010
260495011
260505001
260505002
260505003
260505004
260505005
260505006
260505007
260505008
260505009
260505010
260505011
260515001
260515002
260515003
260515004
260515005
260515006
260515007
260515008
260515009
260515010
260515011
260525001
260525002
260525003
260525004
260525005
260525006
260525007
260525008
260525009
260525010
260525011
260535001
260535002
260535003
260535004
260535005
260535006
260535007
260535008
260535009
260535010
260535011
260545001
260545002
260545003
260545004
260545005
260545006
260545007
260545008
260545009
260545010
260545011
260555001
260555002
260555003
260555004
260555005
260555006
260555007
260555008
260555009
260555010
260555011
260565001
260565002
260565003
260565004
260565005
260565006
260565007
260565008
260565009
260565010
260565011
280355001
280355002
280355003
280355004
280355005
280355006
280355007
280355008
280355009
280355010
280355011
280365001
280365002
280365003
280365004
280365005
280365006
280365007
280365008
280365009
280365010
280365011
310355001
310355002
310355003
310355004
310355005
310355006
310355007
310355008
310355009
310355010
310355011
310365001
310365002
310365003
310365004
310365005
310365006
310365007
310365008
310365009
310365010
310365011
310375001
310375002
310375003
310375004
310375005
310375006
310375007
310375008
310375009
310375010
310375011
310385001
310385002
310385003
310385004
310385005
310385006
310385007
310385008
310385009
310385010
310385011
310395001
310395002
310395003
310395004
310395005
310395006
310395007
310395008
310395009
310395010
310395011
310405001
310405002
310405003
310405004
310405005
310405006
310405007
310405008
310405009
310405010
310405011
310415001
310415002
310415003
310415004
310415005
310415006
310415007
310415008
310415009
310415010
310415011
310425001
310425002
310425003
310425004
310425005
310425006
310425007
310425008
310425009
310425010
310425011
310435001
310435002
310435003
310435004
310435005
310435006
310435007
310435008
310435009
310435010
310435011
310445001
310445002
310445003
310445004
310445005
310445006
310445007
310445008
310445009
310445010
310445011
310455001
310455002
310455003
310455004
310455005
310455006
310455007
310455008
310455009
310455010
310455011
310465001
310465002
310465003
310465004
310465005
310465006
310465007
310465008
310465009
310465010
310465011
310475001
310475002
310475003
310475004
310475005
310475006
310475007
310475008
310475009
310475010
310475011
310485001
310485002
310485003
310485004
310485005
310485006
310485007
310485008
310485009
310485010
310485011
310495001
310495002
310495003
310495004
310495005
310495006
310495007
310495008
310495009
310495010
310495011
310505001
310505002
310505003
310505004
310505005
310505006
310505007
310505008
310505009
310505010
310505011
310515001
310515002
310515003
310515004
310515005
310515006
310515007
310515008
310515009
310515010
310515011
310525001
310525002
310525003
310525004
310525005
310525006
310525007
310525008
310525009
310525010
310525011
310535001
310535002
310535003
310535004
310535005
310535006
310535007
310535008
310535009
310535010
310535011
310545001
310545002
310545003
310545004
310545005
310545006
310545007
310545008
310545009
310545010
310545011
310555001
310555002
310555003
310555004
310555005
310555006
310555007
310555008
310555009
310555010
310555011
310565001
310565002
310565003
310565004
310565005
310565006
310565007
310565008
310565009
310565010
310565011
330355001
330355002
330355003
330355004
330355005
330355006
330355007
330355008
330355009
330355010
330355011
330365001
330365002
330365003
330365004
330365005
330365006
330365007
330365008
330365009
330365010
330365011
330375001
330375002
330375003
330375004
330375005
330375006
330375007
330375008
330375009
330375010
330375011
