750355001
750355002
750355003
750355004
750355005
750355006
750355007
750355008
750355009
750355010
750355011
750365001
750365002
750365003
750365004
750365005
750365006
750365007
750365008
750365009
750365010
750365011
750375001
750375002
750375003
750375004
750375005
750375006
750375007
750375008
750375009
750375010
750375011
750385001
750385002
750385003
750385004
750385005
750385006
750385007
750385008
750385009
750385010
750385011
750395001
750395002
750395003
750395004
750395005
750395006
750395007
750395008
750395009
750395010
750395011
750405001
750405002
750405003
750405004
750405005
750405006
750405007
750405008
750405009
750405010
750405011
750415001
750415002
750415003
750415004
750415005
750415006
750415007
750415008
750415009
750415010
750415011
750425001
750425002
750425003
750425004
750425005
750425006
750425007
750425008
750425009
750425010
750425011
750435001
750435002
750435003
750435004
750435005
750435006
750435007
750435008
750435009
750435010
750435011
750445001
750445002
750445003
750445004
750445005
750445006
750445007
750445008
750445009
750445010
750445011
750455001
750455002
750455003
750455004
750455005
750455006
750455007
750455008
750455009
750455010
750455011
750465001
750465002
750465003
750465004
750465005
750465006
750465007
750465008
750465009
750465010
750465011
750475001
750475002
750475003
750475004
750475005
750475006
750475007
750475008
750475009
750475010
750475011
750485001
750485002
750485003
750485004
750485005
750485006
750485007
750485008
750485009
750485010
750485011
750495001
750495002
750495003
750495004
750495005
750495006
750495007
750495008
750495009
750495010
750495011
750505001
750505002
750505003
750505004
750505005
750505006
750505007
750505008
750505009
750505010
750505011
750515001
750515002
750515003
750515004
750515005
750515006
750515007
750515008
750515009
750515010
750515011
750525001
750525002
750525003
750525004
750525005
750525006
750525007
750525008
750525009
750525010
750525011
750535001
750535002
750535003
750535004
750535005
750535006
750535007
750535008
750535009
750535010
750535011
750545001
750545002
750545003
750545004
750545005
750545006
750545007
750545008
750545009
750545010
750545011
750555001
750555002
750555003
750555004
750555005
750555006
750555007
750555008
750555009
750555010
750555011
750565001
750565002
750565003
750565004
750565005
750565006
750565007
750565008
750565009
750565010
750565011
