12015.001
12015.002
12015.003
12015.004
12015.005
12015.006
12015.007
12015.008
12015.009
12015.010
12015.011
12015.501
12015.502
12015.503
12015.504
12015.505
12015.506
12015.507
12015.508
12015.509
12015.510
12015.511
12016.001
12016.002
12016.003
12016.004
12016.005
12016.006
12016.007
12016.008
12016.009
12016.010
12016.011
12016.501
12016.502
12016.503
12016.504
12016.505
12016.506
12016.507
12016.508
12016.509
12016.510
12016.511
12017.001
12017.002
12017.003
12017.004
12017.005
12017.006
12017.007
12017.008
12017.009
12017.010
12017.011
12017.501
12017.502
12017.503
12017.504
12017.505
12017.506
12017.507
12017.508
12017.509
12017.510
12017.511
12018.001
12018.002
12018.003
12018.004
12018.005
12018.006
12018.007
12018.008
12018.009
12018.010
12018.011
12018.501
12018.502
12018.503
12018.504
12018.505
12018.506
12018.507
12018.508
12018.509
12018.510
12018.511
12019.001
12019.002
12019.003
12019.004
12019.005
12019.006
12019.007
12019.008
12019.009
12019.010
12019.011
12019.501
12019.502
12019.503
12019.504
12019.505
12019.506
12019.507
12019.508
12019.509
12019.510
12019.511
12020.001
12020.002
12020.003
12020.004
12020.005
12020.006
12020.007
12020.008
12020.009
12020.010
12020.011
12020.501
12020.502
12020.503
12020.504
12020.505
12020.506
12020.507
12020.508
12020.509
12020.510
12020.511
12021.001
12021.002
12021.003
12021.004
12021.005
12021.006
12021.007
12021.008
12021.009
12021.010
12021.011
12021.501
12021.502
12021.503
12021.504
12021.505
12021.506
12021.507
12021.508
12021.509
12021.510
12021.511
12022.001
12022.002
12022.003
12022.004
12022.005
12022.006
12022.007
12022.008
12022.009
12022.010
12022.011
12022.501
12022.502
12022.503
12022.504
12022.505
12022.506
12022.507
12022.508
12022.509
12022.510
12022.511
12023.001
12023.002
12023.003
12023.004
12023.005
12023.006
12023.007
12023.008
12023.009
12023.010
12023.011
12023.501
12023.502
12023.503
12023.504
12023.505
12023.506
12023.507
12023.508
12023.509
12023.510
12023.511
12024.001
12024.002
12024.003
12024.004
12024.005
12024.006
12024.007
12024.008
12024.009
12024.010
12024.011
12024.501
12024.502
12024.503
12024.504
12024.505
12024.506
12024.507
12024.508
12024.509
12024.510
12024.511
12025.001
12025.002
12025.003
12025.004
12025.005
12025.006
12025.007
12025.008
12025.009
12025.010
12025.011
12025.501
12025.502
12025.503
12025.504
12025.505
12025.506
12025.507
12025.508
12025.509
12025.510
12025.511
12026.001
12026.002
12026.003
12026.004
12026.005
12026.006
12026.007
12026.008
12026.009
12026.010
12026.011
12026.501
12026.502
12026.503
12026.504
12026.505
12026.506
12026.507
12026.508
12026.509
12026.510
12026.511
12027.001
12027.002
12027.003
12027.004
12027.005
12027.006
12027.007
12027.008
12027.009
12027.010
12027.011
12027.501
12027.502
12027.503
12027.504
12027.505
12027.506
12027.507
12027.508
12027.509
12027.510
12027.511
12028.001
12028.002
12028.003
12028.004
12028.005
12028.006
12028.007
12028.008
12028.009
12028.010
12028.011
12028.501
12028.502
12028.503
12028.504
12028.505
12028.506
12028.507
12028.508
12028.509
12028.510
12028.511
12029.001
12029.002
12029.003
12029.004
12029.005
12029.006
12029.007
12029.008
12029.009
12029.010
12029.011
12029.501
12029.502
12029.503
12029.504
12029.505
12029.506
12029.507
12029.508
12029.509
12029.510
12029.511
