18023.510 
24018.006 
39028.010 
13028.008 
22025.009 
24020.002 
17021.010 
20027.010 
20019.507 
18021.011 
26020.004 
33017.506 
21019.509 
23016.008 
19028.007 
17015.504 
18024.007 
17023.504 
13017.001 
17025.503 
26027.006 
17015.003 
24023.502 
22022.502 
32027.501 
22028.505 
15027.507 
18029.003 
22023.509 
16018.507 
33015.505 
21022.002 
39029.504 
16016.505 
39029.503 
18024.008 
25020.506 
23022.001 
13022.011 
32016.011 
26017.507 
39018.511 
22021.010 
20028.509 
16016.007 
15019.506 
19021.509 
22020.001 
26017.006 
22018.008 
15022.006 
21018.003 
37026.507 
19016.005 
17027.511 
16025.009 
33028.508 
33020.003 
31016.507 
13015.009 
19015.505 
26017.005 
37016.003 
19018.511 
16024.506 
14028.510 
37024.510 
16021.502 
31016.508 
20027.004 
28017.506 
20016.511 
24029.509 
15026.010 
28027.007 
15027.502 
32023.010 
37020.002 
24026.010 
14022.008 
26019.009 
13029.009 
23019.011 
32023.007 
18017.501 
24018.506 
37024.008 
37027.504 
37018.005 
23026.009 
32028.501 
31017.006 
24020.003 
33018.502 
24024.501 
18026.004 
17020.504 
26028.505 
23017.503 
16026.502 
33024.505 
19028.005 
20018.502 
19026.507 
37017.011 
16022.505 
21024.503 
39017.010 
21025.507 
33022.004 
14024.004 
24021.005 
19022.003 
22018.502 
21029.504 
39020.507 
19025.001 
17028.001 
28016.508 
28022.007 
28027.011 
16022.504 
24018.501 
23016.502 
13020.505 
16016.003 
39020.504 
21020.001 
18015.002 
17029.507 
25025.008 
32019.004 
24017.502 
33025.004 
16018.009 
32017.010 
17022.008 
32029.004 
22017.506 
22028.503 
21022.508 
25020.511 
25017.001 
33020.508 
13022.509 
17026.504 
24023.003 
31028.507 
28019.511 
20023.005 
14016.006 
13026.008 
32015.011 
25016.504 
33021.506 
16019.005 
14026.507 
14022.005 
13025.005 
31022.508 
26020.502 
21016.502 
22021.511 
25019.010 
16025.011 
33020.007 
15016.003 
18022.011 
16029.001 
37021.002 
31029.010 
18022.503 
13018.006 
21021.504 
21019.504 
19019.010 
32029.508 
19022.011 
16017.004 
39018.010 
32023.001 
15015.005 
17028.507 
23019.003 
22027.005 
33020.504 
24028.008 
17028.508 
24019.507 
24025.006 
31018.511 
16017.511 
15024.511 
22027.506 
31023.010 
17021.511 
13017.506 
37027.506 
28025.001 
25019.506 
15024.509 
37027.005 
32029.011 
19015.506 
18020.003 
22029.005 
19025.503 
33019.006 
20026.502 
24024.004 
25018.004 
32022.005 
22015.501 
19022.008 
26025.007 
39022.001 
32023.004 
21021.501 
37015.502 
39017.003 
14025.504 
31027.008 
18029.503 
39026.504 
16027.509 
17017.510 
39023.011 
39027.003 
33028.506 
32028.009 
25018.008 
37022.503 
22015.010 
39024.508 
33027.502 
39018.004 
28023.008 
17023.506 
15019.004 
16029.503 
28028.503 
22028.509 
28028.001 
20018.509 
31021.011 
18026.006 
15027.505 
26015.010 
13024.004 
19027.004 
14018.503 
25019.505 
13020.011 
33025.010 
33017.505 
37023.011 
24016.509 
20020.511 
32018.507 
28027.501 
31018.503 
17027.506 
13028.011 
15018.502 
15024.006 
24018.005 
22022.002 
20029.004 
22019.502 
21027.509 
23015.502 
39027.004 
21029.001 
24027.005 
17020.010 
23024.005 
17016.011 
17027.006 
32027.004 
33023.005 
13020.001 
24024.002 
19024.502 
37017.507 
23028.005 
13024.005 
25019.008 
20029.001 
21028.507 
28027.511 
39017.504 
14021.509 
13028.510 
13018.511 
13015.005 
16022.011 
22026.503 
37021.502 
25029.511 
13026.510 
14019.510 
16016.509 
33024.509 
23022.003 
18027.003 
21022.006 
18016.511 
23024.503 
16020.501 
25020.503 
18022.510 
21015.508 
23022.011 
25016.008 
21016.009 
28026.007 
23018.002 
31018.506 
33021.004 
33028.501 
18018.007 
20019.504 
21022.502 
23028.009 
21017.008 
21026.009 
21018.008 
31028.501 
22023.501 
22025.003 
23026.502 
28015.507 
14020.009 
37026.005 
13023.508 
33021.011 
37022.509 
32016.001 
16019.003 
26016.510 
32029.005 
23020.505 
17022.001 
37019.006 
37015.006 
16023.007 
24026.009 
26028.502 
15022.011 
19025.506 
15016.006 
33028.504 
22022.510 
33025.006 
22026.011 
26016.506 
23026.510 
24027.511 
14023.503 
32015.009 
15028.003 
20019.506 
22029.010 
31029.509 
32026.001 
33025.509 
18025.511 
20025.003 
19022.009 
39015.503 
20025.008 
19018.008 
19027.010 
14025.001 
19018.009 
13016.002 
21026.001 
16022.501 
37017.506 
26019.006 
13023.509 
16018.508 
14018.504 
22029.508 
26023.507 
26021.506 
39017.005 
32028.509 
20024.004 
26016.008 
13029.007 
31026.506 
37025.002 
25026.509 
16019.007 
18015.505 
33021.005 
26016.001 
37022.011 
33026.003 
37015.003 
19029.511 
28023.001 
19023.502 
32025.011 
14026.004 
20019.005 
39022.011 
13015.505 
17027.002 
14029.003 
24021.003 
39023.503 
23018.007 
13018.010 
23017.502 
24025.007 
18025.011 
22017.005 
15025.010 
26020.509 
33017.508 
23015.501 
14021.511 
18017.007 
22029.506 
25029.505 
21015.502 
14023.003 
20016.505 
24029.001 
15026.504 
26024.003 
26016.503 
13025.008 
20018.006 
37015.509 
31016.501 
13015.003 
32027.506 
20017.001 
13016.007 
15026.011 
16024.507 
25024.504 
32015.004 
31018.011 
21025.511 
16021.010 
37029.005 
22020.006 
32021.006 
25025.001 
13023.511 
16021.507 
15023.004 
18029.005 
21018.011 
15018.009 
20023.508 
39028.502 
17017.006 
26028.504 
31020.505 
31021.510 
13017.003 
32029.501 
25016.007 
14020.509 
39025.002 
21017.511 
15026.009 
16018.005 
15022.504 
21015.511 
15020.005 
19025.011 
26027.010 
17027.505 
39028.001 
32019.507 
13029.508 
24020.011 
13026.009 
37025.508 
13019.005 
24016.008 
19029.007 
39028.510 
33017.511 
33024.008 
14015.006 
31027.509 
15025.504 
16026.504 
33024.001 
21026.504 
16022.005 
16023.509 
28027.505 
31017.511 
15025.004 
14022.007 
13026.006 
28017.503 
31019.003 
39023.007 
20015.503 
26025.008 
39023.009 
15029.502 
23015.010 
37017.010 
39024.007 
22027.011 
23026.504 
23023.508 
39025.509 
39028.011 
24026.502 
22023.508 
23021.010 
19021.505 
14023.508 
17018.504 
14029.509 
17018.005 
26022.511 
16019.503 
37022.007 
23015.009 
25027.006 
13017.005 
33022.009 
37027.511 
20015.009 
39020.501 
15027.005 
15017.501 
19029.003 
20020.007 
23017.509 
17020.004 
31015.509 
39015.010 
33019.507 
32016.501 
32019.506 
19020.510 
32025.002 
23015.509 
13025.003 
20026.510 
19027.503 
15023.006 
25022.507 
22027.010 
19023.007 
18029.002 
28022.504 
20016.510 
23020.508 
21023.501 
15016.008 
17015.004 
16028.009 
23020.502 
22018.003 
25020.510 
28021.003 
17029.501 
17015.001 
33021.001 
32024.011 
13019.007 
16021.002 
39023.010 
18027.001 
23017.004 
14023.509 
13018.002 
20021.507 
25026.001 
37021.005 
13022.007 
33026.501 
16021.511 
31023.003 
25020.010 
14025.509 
17027.501 
31023.504 
18028.501 
21024.004 
19018.507 
39017.002 
28024.502 
23018.004 
23018.009 
24023.511 
17025.005 
14026.001 
37016.010 
20029.502 
20017.007 
22018.004 
26020.008 
23022.507 
18028.506 
37021.011 
17019.501 
33018.004 
16019.011 
23019.001 
24028.510 
20029.508 
28025.004 
22020.503 
25019.501 
22017.011 
22029.509 
15024.009 
21019.004 
31024.505 
17015.503 
22018.509 
28019.507 
21024.003 
13024.511 
16029.510 
39019.003 
24018.002 
37018.504 
18018.506 
18022.006 
32029.009 
39024.003 
14015.510 
33025.002 
39026.010 
25016.005 
23025.008 
19029.507 
24016.007 
15025.011 
24028.006 
15026.507 
15027.506 
19027.002 
28026.009 
39029.003 
26018.507 
20019.004 
21028.003 
20022.003 
31021.509 
21021.006 
16017.504 
15021.002 
32016.505 
25016.511 
25015.507 
24015.009 
23017.501 
33029.010 
26022.504 
13015.504 
32019.504 
16025.004 
37024.001 
24021.502 
17022.003 
16022.502 
16015.002 
39015.007 
26028.009 
39021.504 
19016.502 
26022.011 
15017.502 
16015.507 
22022.006 
20026.503 
33028.505 
15026.509 
17015.005 
17029.002 
13028.502 
31018.001 
18015.006 
31027.508 
23026.508 
14020.003 
16022.003 
20015.003 
18018.006 
22027.009 
20017.004 
32017.002 
25023.010 
16015.503 
26027.502 
28016.007 
39019.509 
16028.504 
33024.005 
20026.508 
13019.508 
15024.001 
24029.004 
31028.009 
23022.510 
14019.011 
16020.511 
32026.005 
32017.001 
16021.505 
31015.005 
19021.511 
33020.507 
23029.507 
14015.505 
17016.509 
15020.004 
15026.004 
25018.502 
37021.510 
19026.007 
17019.011 
37024.003 
15017.511 
18025.508 
17028.504 
39024.004 
22024.004 
39029.002 
17026.009 
21026.508 
31025.008 
17025.004 
18016.010 
19028.004 
15015.511 
16026.004 
20018.501 
16026.511 
32028.508 
20028.504 
15029.503 
24018.008 
14029.004 
18019.506 
31024.010 
25016.505 
32020.507 
39017.510 
32017.009 
26017.011 
25024.005 
33027.509 
20018.011 
20026.001 
26027.507 
26025.011 
20018.004 
22021.002 
19016.505 
20015.002 
15021.504 
25023.009 
28028.007 
31026.507 
17028.010 
37025.006 
24024.006 
21027.011 
14027.004 
14022.506 
23022.508 
37022.001 
13023.004 
39026.502 
19019.002 
33022.001 
18018.003 
33015.009 
24026.508 
21026.002 
14029.503 
14018.010 
13018.005 
15019.503 
25021.010 
26026.007 
28028.002 
20015.504 
31029.005 
31025.510 
20024.009 
20027.502 
39020.004 
32029.010 
26028.503 
31028.504 
32024.003 
39021.505 
15015.004 
19018.007 
33026.504 
25015.508 
24027.002 
18026.504 
15028.002 
31029.510 
18026.007 
22017.009 
24024.003 
25018.509 
16027.503 
37017.508 
24027.009 
23020.004 
14016.506 
32017.504 
15018.510 
21019.008 
14016.001 
14016.511 
15017.506 
23021.003 
21024.509 
17023.005 
16025.508 
33022.511 
19021.501 
13021.511 
14017.505 
13021.505 
17021.508 
25015.510 
26023.002 
14023.502 
20017.005 
32029.503 
15016.011 
28027.510 
13020.009 
28023.009 
28029.010 
14017.011 
28018.503 
22026.506 
14029.501 
15024.510 
25028.508 
19026.504 
24025.501 
37017.505 
33018.508 
25016.509 
26018.501 
16019.008 
16019.001 
22018.007 
13025.508 
16022.510 
19022.005 
26018.003 
18019.510 
13017.509 
26029.008 
23028.511 
18028.010 
16024.001 
33029.501 
14026.002 
23029.509 
13019.504 
28018.511 
19026.511 
14028.008 
16029.505 
26020.009 
23024.509 
24024.008 
20023.509 
24026.005 
23022.509 
24019.505 
28018.003 
14016.003 
31016.510 
39024.006 
20017.008 
28026.504 
13026.011 
33020.010 
23021.505 
15022.506 
26021.005 
37021.009 
21029.002 
32016.009 
22028.007 
24015.509 
16027.002 
17027.010 
20029.506 
20022.505 
24017.004 
24016.001 
20028.010 
16025.506 
16024.008 
17019.008 
33017.008 
23019.009 
14022.508 
39020.011 
23023.004 
17017.004 
39023.504 
22026.504 
17023.007 
20016.004 
18018.010 
39024.506 
21028.505 
24026.511 
28017.502 
20027.501 
19015.504 
16023.001 
32015.001 
18019.505 
37021.007 
17016.004 
28023.504 
18018.004 
23018.502 
33019.010 
25028.008 
39026.508 
19024.004 
19015.011 
14022.010 
37024.002 
25016.010 
13025.502 
14017.001 
23028.509 
28026.510 
16026.005 
17021.505 
28025.502 
25022.501 
17020.003 
32016.510 
24017.008 
20017.011 
16025.008 
26017.504 
32021.008 
26015.005 
25027.001 
20025.501 
25026.002 
26015.508 
19020.011 
28024.004 
21029.501 
28026.505 
16020.001 
14017.007 
25028.011 
20026.006 
13022.511 
17026.505 
23023.005 
28016.002 
14028.009 
19016.504 
23022.009 
32024.508 
22020.008 
22015.509 
23018.011 
13029.506 
21024.501 
17026.011 
15021.007 
22025.501 
28020.005 
18025.507 
32025.502 
22025.506 
26025.501 
24018.010 
18025.003 
23027.508 
16027.507 
39025.506 
31025.005 
23015.008 
37018.508 
39028.002 
25025.503 
23015.505 
20020.008 
33026.509 
23024.003 
25028.003 
25019.001 
13027.006 
16018.002 
31021.506 
25027.008 
39023.507 
13023.011 
22016.509 
32026.004 
18028.503 
17026.001 
28021.503 
23022.506 
18018.008 
15016.501 
17024.510 
25019.509 
14021.004 
21015.509 
37022.006 
20015.508 
22015.505 
26020.001 
19016.002 
24023.005 
23016.003 
13024.506 
31022.507 
20026.506 
25017.006 
19015.510 
22025.004 
28023.501 
15018.008 
19016.501 
32024.510 
28019.008 
31029.003 
18019.007 
33024.009 
25029.508 
28025.011 
37017.504 
15019.505 
17022.011 
21023.508 
31016.001 
37026.506 
24017.006 
17020.009 
17017.511 
24019.502 
32016.004 
21023.507 
31022.501 
21027.005 
23019.506 
19018.001 
22027.007 
25029.503 
32017.007 
31018.508 
24028.010 
15016.007 
20028.508 
25020.508 
32019.003 
24019.508 
22023.502 
17023.010 
25018.001 
18020.510 
13029.504 
22027.501 
32024.502 
20026.005 
24029.005 
21016.503 
26018.006 
13029.510 
13027.011 
16020.010 
39026.004 
25022.004 
31022.010 
32015.510 
37021.010 
21025.005 
16015.001 
32018.009 
14018.502 
26024.508 
26024.009 
14028.005 
22021.508 
18023.502 
31021.503 
26028.507 
15028.505 
17016.009 
24016.508 
28024.508 
13018.508 
13028.511 
17025.506 
16021.508 
18023.003 
24015.511 
21021.510 
28028.508 
26020.511 
20022.507 
33027.004 
28019.009 
24029.008 
18027.005 
15022.505 
13028.507 
37019.504 
14027.511 
39019.504 
17021.510 
39029.006 
15021.005 
26019.502 
19017.008 
20028.003 
28020.509 
21015.506 
28017.005 
22025.503 
20025.005 
16029.007 
37023.506 
25021.006 
32026.003 
23029.001 
37021.006 
16021.009 
21026.509 
25018.007 
24016.511 
20029.002 
22020.509 
32024.507 
16027.011 
19027.011 
33019.002 
28021.511 
19019.008 
15029.509 
17021.504 
23027.502 
25017.509 
18022.501 
20024.002 
39027.504 
26024.001 
16025.505 
19017.502 
39016.501 
33020.002 
28023.505 
22029.504 
26022.009 
23029.008 
20024.007 
21021.502 
37019.506 
31023.002 
25028.511 
16029.006 
32022.504 
25021.004 
18022.003 
18026.508 
24026.004 
18029.510 
14028.011 
33017.501 
28026.509 
23019.504 
18016.506 
28029.510 
20019.510 
31028.003 
16023.501 
39021.003 
37019.501 
18015.010 
32025.511 
37020.001 
22016.003 
25025.506 
25016.004 
16017.501 
33025.503 
21021.010 
15029.508 
24027.008 
33029.011 
13025.007 
16019.006 
15029.510 
25021.008 
23024.006 
21023.010 
15018.509 
14015.501 
37016.011 
15019.509 
16018.011 
33023.505 
28027.503 
19024.509 
33015.507 
33021.501 
16028.002 
24024.502 
28021.509 
33026.009 
21015.011 
39027.005 
21020.007 
24017.506 
13021.504 
33024.511 
25019.007 
18026.001 
24028.507 
26019.505 
19019.510 
26028.003 
31026.005 
15019.001 
17017.509 
28015.505 
25026.005 
28020.507 
24022.003 
21022.001 
18020.502 
18026.009 
20018.007 
15022.502 
24020.006 
33021.007 
32022.505 
23019.505 
33026.505 
19019.502 
15018.011 
23017.009 
31026.008 
17024.001 
17019.010 
39029.509 
26020.507 
20027.503 
25016.501 
28028.510 
21021.001 
32020.008 
26016.505 
39025.011 
15023.501 
13016.503 
33025.508 
21015.507 
22016.510 
31016.509 
18023.509 
39019.007 
24018.511 
13016.510 
15022.509 
25023.505 
13019.006 
31027.505 
26019.503 
18017.003 
18016.509 
28019.003 
15028.503 
37019.001 
23025.502 
17022.010 
33023.009 
24028.502 
21018.001 
26022.503 
16025.504 
19017.505 
18019.002 
22024.510 
26015.011 
26029.502 
31016.004 
39028.009 
24015.001 
24024.007 
15023.511 
19023.506 
22016.009 
31019.007 
26023.502 
19017.003 
16019.502 
39025.008 
28019.004 
32016.003 
31019.511 
19015.003 
21020.002 
37024.009 
39020.007 
15026.508 
13027.510 
14018.510 
23015.507 
37018.511 
19026.002 
13028.001 
39017.001 
13023.003 
21018.511 
33024.501 
20022.508 
26018.004 
18024.511 
26025.508 
17017.502 
16016.508 
17021.001 
31027.003 
33022.007 
22015.009 
13024.008 
18028.003 
19029.011 
37026.508 
16026.501 
28016.504 
17016.508 
18020.004 
23019.508 
15017.008 
28016.509 
25018.010 
39025.504 
18015.501 
32022.007 
18020.503 
31023.511 
32022.509 
31016.504 
25024.002 
16026.009 
15016.509 
19023.503 
16027.005 
21022.009 
20018.005 
33029.007 
31019.008 
21021.507 
13024.003 
32015.008 
28020.501 
14023.510 
13024.503 
16020.506 
14019.509 
18021.007 
13023.504 
14029.001 
32015.506 
28015.510 
22022.507 
23021.007 
33018.003 
20018.505 
39019.008 
19024.510 
37029.008 
13028.504 
15022.002 
23029.506 
26024.509 
37025.010 
23024.010 
37025.511 
25026.511 
22020.502 
14021.007 
23023.503 
32024.002 
18017.009 
22017.006 
31028.510 
15019.007 
15027.503 
32022.002 
23025.505 
24024.511 
18021.006 
28023.508 
19018.006 
32028.004 
21016.011 
19015.004 
31022.008 
24016.002 
33024.502 
14024.505 
31017.010 
33016.511 
37018.002 
33021.507 
26026.009 
18021.009 
26022.506 
26017.505 
19017.511 
17025.510 
25027.002 
20019.011 
18023.508 
14026.504 
14015.503 
18027.510 
28024.011 
26029.009 
24025.511 
31019.510 
28018.507 
24017.508 
22026.510 
21023.510 
17029.509 
32024.501 
19023.509 
39015.506 
13016.010 
39028.508 
22017.001 
22015.011 
13025.511 
20017.504 
22028.004 
14019.010 
25018.501 
21025.004 
31024.511 
22024.007 
23024.008 
17027.004 
15021.011 
25020.502 
25027.508 
20018.504 
32019.501 
23022.005 
19015.509 
20028.007 
23016.501 
17020.506 
17024.511 
21018.510 
37029.506 
39022.510 
31020.503 
25022.506 
18019.005 
26015.008 
37018.008 
20020.010 
21015.001 
21027.511 
33017.002 
21021.506 
32015.010 
26023.011 
19021.001 
32018.504 
24029.507 
21023.506 
19020.511 
21024.002 
26021.007 
23016.508 
39021.508 
28019.002 
28027.008 
25021.510 
24023.002 
39019.508 
22027.504 
25017.505 
16016.011 
17015.010 
15027.002 
28028.511 
24015.510 
31029.008 
31029.502 
39021.010 
23023.008 
22019.004 
26020.501 
26017.010 
23024.506 
18025.506 
17026.511 
17020.509 
17021.507 
31024.005 
37024.006 
26027.506 
25029.010 
22024.501 
32016.002 
20024.005 
24027.010 
31028.004 
19029.004 
15029.005 
33022.010 
21026.510 
17022.005 
33029.005 
15023.503 
19028.507 
23029.006 
21029.008 
28015.506 
13020.006 
28019.505 
26025.510 
28026.006 
39024.505 
39019.002 
17015.008 
22019.509 
15029.008 
28028.507 
33026.010 
32028.504 
24028.509 
24022.001 
24017.511 
39021.007 
18015.502 
13015.509 
24023.501 
31017.507 
16029.008 
17017.009 
31020.008 
13016.504 
15025.507 
33019.007 
39021.005 
22019.505 
14020.007 
16017.506 
16020.009 
28017.007 
17029.010 
17019.003 
13022.502 
37024.005 
15021.001 
39021.006 
37019.005 
24021.506 
14023.506 
16028.509 
19029.504 
14028.001 
16028.507 
28024.504 
18029.508 
15018.504 
13028.010 
17017.002 
33022.508 
20022.009 
33027.503 
21017.505 
14026.502 
39023.505 
33016.010 
21020.501 
31018.501 
25022.003 
19024.508 
26027.007 
21028.010 
31028.503 
28024.509 
18026.005 
24029.002 
31029.503 
19027.502 
33029.003 
20025.502 
13028.006 
13026.005 
13016.008 
26018.511 
23017.011 
18024.504 
13024.010 
28016.506 
14016.507 
28017.507 
31024.508 
18026.506 
16022.009 
22018.510 
21017.006 
21018.502 
26027.510 
23025.011 
31015.004 
23029.505 
15025.505 
28026.001 
24029.010 
24017.504 
37022.504 
14016.509 
39028.511 
31022.002 
20022.511 
23021.503 
32028.007 
20016.502 
17023.509 
22023.001 
13015.502 
14022.504 
37018.007 
14020.507 
20022.504 
25024.008 
22016.006 
13028.505 
14028.506 
33028.005 
32024.007 
21021.011 
20018.008 
13021.508 
20022.007 
24025.508 
37026.007 
18028.011 
32019.005 
24018.504 
23015.001 
19021.007 
16023.503 
31019.507 
21025.006 
39022.006 
32028.005 
19027.009 
33026.508 
25022.010 
18019.003 
25022.001 
39025.007 
13026.511 
18025.509 
33023.509 
37019.505 
20015.008 
33024.003 
19022.006 
24017.009 
17025.003 
33019.509 
15021.503 
33017.010 
37025.007 
39027.511 
14023.006 
20020.009 
16015.007 
20015.507 
22025.002 
22020.506 
23023.507 
16024.006 
31017.001 
20024.010 
37017.511 
25026.510 
28015.008 
19019.009 
39029.011 
19020.001 
25025.006 
25025.510 
25016.506 
31023.001 
15022.003 
13020.510 
16023.507 
17024.009 
33022.507 
32023.009 
19024.007 
17029.508 
23018.506 
14028.505 
32015.503 
13023.503 
14017.508 
37019.011 
19017.009 
31026.501 
39017.508 
13021.501 
33015.004 
24015.011 
19021.010 
28020.006 
23021.006 
33028.004 
19028.001 
33017.001 
33027.010 
18017.006 
32029.008 
26026.509 
26026.003 
16024.004 
31028.002 
13029.008 
18021.509 
19023.507 
18022.008 
37023.501 
17027.007 
17016.008 
14015.011 
25028.004 
23017.504 
26018.502 
32021.503 
31024.503 
22019.003 
15023.502 
23021.008 
19016.511 
15024.507 
16025.510 
28022.005 
20028.511 
24016.011 
28028.505 
14026.009 
25019.502 
32023.008 
17015.501 
33016.510 
13029.503 
21028.503 
13017.511 
22027.001 
15028.502 
28028.509 
13027.502 
33027.003 
20025.506 
13025.507 
18018.501 
18017.008 
13025.002 
22021.011 
25017.008 
31018.502 
37019.510 
17029.502 
23021.506 
39024.509 
32022.004 
26015.002 
23026.501 
31029.011 
33018.006 
28025.008 
32020.502 
16024.010 
33016.001 
15022.503 
39017.507 
32028.502 
25026.009 
24016.502 
25018.506 
14018.002 
24023.508 
32028.002 
32027.003 
14024.510 
22018.505 
14017.507 
33016.504 
15017.001 
28016.005 
28020.008 
32020.003 
17021.503 
18020.005 
32029.003 
22024.011 
24023.505 
26020.503 
14026.509 
33025.009 
16029.009 
31017.004 
14023.004 
24027.003 
32027.005 
13025.503 
26019.008 
13019.010 
14021.506 
14027.009 
31024.011 
21027.507 
25027.503 
37022.501 
14022.509 
39015.505 
19020.008 
28027.502 
22015.506 
16028.011 
13023.507 
14018.505 
15029.505 
31024.510 
22023.005 
31025.003 
15016.504 
28021.001 
33027.001 
39020.505 
21028.506 
16017.011 
22018.005 
17020.503 
28021.007 
13028.509 
13015.004 
20024.506 
28015.007 
22022.506 
39023.005 
21018.509 
37023.003 
31021.504 
18019.006 
19016.510 
31029.508 
15027.508 
26019.011 
18022.009 
28025.003 
20028.006 
31018.004 
13022.505 
24025.504 
33016.011 
14029.006 
21015.002 
15023.002 
33028.510 
19015.502 
21015.501 
15028.007 
39019.511 
25027.501 
14026.005 
25026.504 
25023.005 
21022.507 
14029.508 
18015.507 
23028.007 
28028.008 
24017.003 
21025.008 
23023.501 
14021.504 
13022.003 
25025.508 
18024.509 
39028.006 
17016.502 
22024.005 
22026.008 
32026.009 
17028.511 
22024.009 
37027.002 
26017.009 
14021.011 
28029.503 
18024.507 
32028.506 
22028.508 
23019.510 
20020.011 
20025.507 
26025.511 
21023.002 
31017.506 
28022.510 
24025.507 
24023.001 
22029.502 
18015.007 
37015.008 
20020.001 
33022.501 
33019.506 
16019.002 
25025.003 
13018.503 
39025.505 
39020.502 
16020.507 
20022.008 
31018.510 
33029.004 
21025.003 
33016.507 
18026.501 
20015.007 
37025.502 
31027.006 
14022.009 
32018.011 
17022.508 
39027.010 
28019.007 
14017.501 
31016.005 
15020.505 
24016.005 
13020.003 
16019.511 
17025.010 
15025.508 
18029.001 
16022.004 
17018.011 
37018.503 
14018.011 
25021.505 
14023.504 
17028.005 
16026.509 
25017.003 
26016.007 
33029.001 
21026.004 
33019.510 
25021.003 
31028.007 
24016.009 
26019.001 
13015.010 
14016.007 
20029.505 
25015.009 
39029.511 
32026.511 
33015.501 
14020.502 
20025.509 
21026.010 
20015.006 
15022.008 
16023.010 
23022.503 
16029.509 
21020.511 
23015.002 
31015.510 
22016.503 
32020.501 
31017.503 
21027.508 
23020.509 
31026.006 
19020.006 
39023.003 
32018.010 
20025.006 
37025.005 
15020.507 
18021.511 
31025.503 
13018.007 
21025.007 
33016.002 
21029.010 
26029.509 
31018.006 
37020.007 
24021.006 
18025.501 
24024.009 
16027.508 
37016.510 
33017.011 
19017.001 
37024.509 
17023.507 
22027.505 
28016.503 
18023.008 
14025.507 
15016.508 
37022.010 
25015.007 
17019.507 
15023.506 
22020.003 
23020.009 
32021.506 
20016.001 
24022.005 
13023.001 
37028.509 
33028.006 
14020.511 
17023.510 
22015.005 
33029.506 
20019.001 
24023.506 
39026.007 
37016.509 
33027.008 
31023.510 
37019.002 
14020.010 
26023.009 
18024.001 
20021.002 
19019.509 
32016.503 
19026.011 
39026.006 
13015.503 
16016.008 
25015.001 
21028.006 
23018.008 
31024.009 
37017.509 
33023.508 
21024.011 
25027.003 
15026.001 
17021.009 
18022.508 
37025.004 
17026.503 
32028.010 
14026.501 
19019.506 
24018.507 
33028.008 
39018.007 
15023.008 
33019.508 
33026.011 
20018.508 
19017.006 
23017.506 
15026.008 
33019.004 
18017.005 
17019.005 
37023.005 
32021.011 
20027.507 
33020.501 
26023.505 
39018.510 
26022.003 
26016.005 
20017.503 
39020.506 
26026.008 
23024.510 
23025.511 
14025.508 
28015.002 
15021.506 
13026.501 
22025.505 
17029.510 
23017.006 
37029.504 
13025.509 
28022.506 
15022.004 
31020.007 
19026.003 
31024.507 
28018.506 
21027.006 
33019.008 
24022.508 
25019.511 
31019.504 
21018.505 
31020.507 
19015.008 
26021.003 
19022.002 
14017.503 
13015.001 
14016.010 
25027.507 
37019.511 
21018.010 
33019.502 
25028.001 
18016.006 
37020.502 
22022.004 
39029.005 
17028.008 
31017.508 
32019.508 
15026.005 
26029.504 
28018.510 
25020.504 
16027.006 
33025.008 
25024.501 
33022.005 
14025.003 
39027.507 
23027.505 
13020.501 
22019.511 
39026.005 
21026.003 
24027.506 
39017.008 
28029.007 
20029.011 
21026.006 
33019.001 
28018.501 
25015.511 
22017.510 
32025.501 
21024.008 
16016.501 
23028.504 
28029.501 
19022.010 
20023.503 
17026.005 
39015.502 
13025.506 
21025.509 
23021.501 
26023.504 
22023.011 
20027.006 
20015.510 
16023.506 
21015.510 
16022.509 
15025.502 
14016.008 
31020.009 
23025.003 
32021.001 
28015.501 
23021.002 
13019.506 
16026.001 
32015.006 
15026.502 
32025.508 
20022.503 
33016.008 
14018.509 
18028.007 
18023.503 
31019.002 
26024.006 
23021.502 
31020.510 
18021.005 
25015.006 
15015.502 
14024.002 
24029.007 
24024.011 
39022.003 
39022.505 
20024.501 
26015.501 
32023.505 
14017.511 
28015.010 
17015.508 
22018.506 
39029.507 
19022.504 
39016.009 
33019.504 
23029.002 
15015.506 
13016.001 
21021.002 
31021.508 
17017.508 
13017.008 
25027.011 
28021.507 
19027.003 
39018.507 
33015.002 
23015.011 
19021.005 
32015.504 
15027.504 
16021.005 
25023.011 
18027.004 
15023.007 
26018.505 
17018.507 
26023.510 
14022.011 
23026.010 
33020.011 
20017.505 
22028.009 
26015.006 
16021.501 
39015.509 
13022.004 
22028.506 
31015.511 
16028.502 
22018.503 
21026.502 
20021.505 
37016.503 
18029.502 
16018.003 
17025.001 
31029.501 
33018.509 
20023.501 
23016.004 
17023.009 
14022.510 
16017.001 
26023.501 
25022.511 
25025.010 
17017.504 
33017.006 
31017.009 
22024.503 
20020.508 
20016.003 
24019.504 
24022.004 
22019.504 
33026.007 
15023.009 
18020.008 
19018.003 
21029.510 
28019.011 
32023.506 
26015.007 
25020.011 
28021.010 
31018.504 
18028.507 
23029.009 
15022.507 
17018.505 
18029.509 
26028.001 
21024.005 
24018.509 
17028.003 
22016.506 
37029.003 
14024.504 
32022.510 
17020.507 
17020.510 
37017.007 
16020.504 
22026.002 
17016.504 
39027.503 
23027.007 
20021.004 
28023.002 
13024.007 
24016.507 
23019.005 
22026.507 
19029.506 
17018.003 
39016.510 
13028.506 
22019.005 
32015.003 
31028.506 
17015.007 
23017.003 
20023.507 
22028.001 
21029.503 
14019.502 
22020.505 
28022.002 
17028.501 
22023.504 
14015.506 
26019.002 
33017.504 
25017.510 
18015.009 
25015.011 
15025.007 
39024.001 
16022.001 
37028.003 
24026.501 
17025.509 
24019.501 
39015.501 
28016.511 
25023.007 
13017.503 
22021.008 
22028.005 
25023.509 
37029.006 
28029.505 
37023.511 
33024.010 
28023.006 
21025.001 
19020.505 
18018.001 
31019.010 
17018.510 
14024.508 
16015.504 
13024.006 
21019.009 
13024.001 
17020.508 
26029.007 
39021.503 
33025.501 
39027.502 
28023.011 
26023.005 
24027.508 
22019.009 
25020.006 
39016.007 
25026.501 
17018.008 
15022.508 
26022.502 
25027.505 
20027.001 
15024.002 
19019.503 
13024.002 
31019.505 
14024.001 
16027.007 
14019.503 
23028.001 
13017.010 
14024.008 
19028.009 
33016.007 
13016.501 
26022.010 
39026.505 
31028.008 
32017.510 
15019.011 
19028.508 
25021.501 
26021.011 
14022.507 
39022.509 
23016.506 
31025.009 
13027.504 
23024.502 
24018.502 
20016.002 
20024.511 
20021.006 
28021.009 
16024.504 
24024.506 
31025.010 
20017.507 
31028.508 
23023.001 
28021.502 
22026.508 
37028.010 
24028.003 
19022.001 
20016.009 
18016.001 
20026.505 
21016.511 
18019.010 
23025.510 
37015.508 
25019.510 
28022.001 
15020.509 
25019.004 
22026.009 
24026.007 
39023.008 
19021.011 
18024.510 
24016.505 
19015.507 
16028.511 
31015.007 
32027.007 
31018.509 
15023.509 
24027.510 
31028.001 
23024.511 
39021.507 
21025.505 
22024.508 
25025.501 
16023.502 
33021.503 
20028.001 
31027.001 
26016.003 
16020.011 
18026.003 
18020.001 
25019.507 
17019.509 
33015.007 
26028.002 
23027.009 
37026.501 
13029.505 
15025.001 
19029.005 
25021.503 
19029.009 
16018.007 
22024.509 
25026.008 
16026.510 
16017.009 
22020.005 
24019.509 
23017.511 
25027.004 
33028.503 
16024.007 
32020.510 
16021.503 
24019.511 
39022.511 
23027.501 
31023.006 
23016.006 
14016.508 
31029.002 
28027.002 
20024.507 
21019.502 
37018.501 
26019.504 
23021.001 
39018.501 
22021.507 
21018.506 
19020.504 
25025.009 
33024.510 
21021.509 
37018.505 
19023.010 
26021.002 
33018.007 
19027.507 
19025.007 
22022.504 
24024.505 
22016.504 
18028.504 
25028.005 
39023.502 
26026.506 
21015.503 
26021.505 
32029.002 
24026.505 
33028.009 
22015.002 
28025.007 
32020.002 
23029.508 
20028.011 
39025.510 
37018.001 
17029.001 
39019.011 
23015.506 
17027.504 
16023.508 
37020.501 
25025.502 
32025.005 
28025.505 
13023.007 
23024.501 
37017.502 
18021.502 
18025.001 
19028.502 
22019.010 
14017.509 
24027.007 
32026.008 
24020.501 
13025.006 
15016.510 
39023.501 
20024.508 
17019.006 
17023.011 
37026.502 
32028.507 
13022.001 
19018.004 
19018.503 
25016.507 
14027.503 
14016.505 
25018.507 
25021.502 
22022.509 
32017.507 
37024.504 
21022.004 
37028.511 
26016.002 
25018.503 
32020.505 
28029.008 
32023.510 
17024.002 
14028.501 
15028.010 
24015.501 
39016.005 
39018.006 
19025.002 
32017.508 
16024.508 
25018.011 
16019.509 
17024.505 
14026.007 
19026.004 
22024.008 
18020.002 
32021.505 
31024.506 
39019.005 
21020.008 
22029.008 
25018.504 
23023.502 
28016.004 
37019.508 
16029.511 
24028.002 
19022.511 
17024.507 
33021.009 
18027.011 
26021.009 
20017.511 
13021.003 
16019.506 
21020.010 
22021.506 
14019.003 
25020.004 
22029.001 
18022.507 
19022.506 
26016.501 
32026.011 
15017.503 
18018.005 
23019.002 
22021.503 
21027.010 
31020.511 
20024.510 
31022.009 
24025.510 
16016.004 
23017.008 
26024.002 
31020.003 
37022.511 
26029.506 
33016.509 
17024.501 
20023.003 
21018.507 
25016.508 
15025.002 
16028.506 
26018.009 
25022.505 
28025.511 
33025.011 
15021.509 
31025.001 
21023.503 
25029.008 
15015.007 
16016.002 
26023.508 
22019.506 
23026.509 
33019.501 
16020.006 
18015.508 
20018.001 
20015.010 
15017.003 
14020.001 
14015.511 
31015.502 
26025.504 
32025.505 
14015.010 
32016.010 
13017.502 
16026.508 
18015.511 
28025.503 
25015.002 
14028.003 
22020.010 
15024.011 
31017.005 
32026.002 
21019.510 
39026.002 
14022.004 
25026.502 
33016.003 
17029.504 
26021.503 
16023.003 
24025.509 
31025.508 
18023.004 
39015.009 
20025.010 
25015.503 
16015.509 
20026.003 
18024.009 
39028.506 
18022.004 
24029.508 
39016.504 
26023.003 
13023.009 
19024.506 
31028.011 
22023.503 
14021.008 
32023.511 
14019.008 
20018.510 
24021.503 
39019.503 
17015.511 
23025.506 
26021.509 
21017.007 
23019.004 
13025.004 
22028.501 
33021.510 
37028.501 
32017.004 
39016.002 
17016.506 
37027.502 
22019.007 
26026.001 
13022.507 
37026.003 
25022.007 
16015.506 
13019.505 
26027.005 
13021.010 
32024.509 
18019.502 
15027.006 
37029.510 
26016.502 
14027.002 
15019.502 
25018.002 
31019.509 
15029.002 
32027.502 
15019.507 
19015.002 
32020.511 
20017.002 
21028.511 
28025.501 
16026.003 
23024.011 
32026.007 
26018.506 
15017.507 
25018.511 
39017.505 
13029.004 
31017.510 
19018.506 
21029.011 
22028.010 
32015.505 
32022.501 
16018.001 
16027.510 
28028.506 
26028.510 
23026.505 
17023.001 
31022.506 
25027.506 
13021.009 
17017.501 
32027.511 
19027.008 
33016.004 
14018.007 
14022.511 
20016.508 
14015.502 
26020.011 
33019.005 
20024.006 
21026.501 
18016.503 
39026.003 
14016.009 
24021.002 
22023.002 
13017.006 
19029.503 
14015.507 
28017.009 
20021.001 
16027.505 
16026.505 
28027.006 
39018.504 
21020.006 
22016.007 
22015.504 
26021.508 
31026.002 
32022.508 
21027.008 
32027.009 
22017.503 
14028.508 
26025.507 
14024.507 
32016.509 
26020.510 
20022.010 
19021.504 
21017.011 
31024.004 
32025.006 
32025.503 
33027.002 
37026.510 
22027.507 
32015.508 
22029.011 
31021.507 
28023.005 
20021.009 
26028.501 
22015.502 
20023.009 
22029.503 
31016.003 
26026.505 
26025.003 
15029.507 
20016.008 
39017.511 
16022.503 
23017.505 
31025.002 
19015.007 
37015.007 
33016.009 
25022.504 
18022.505 
24017.507 
21018.508 
15028.506 
14028.004 
20017.509 
24023.510 
31029.507 
19026.001 
16022.010 
24028.007 
31022.001 
14025.010 
32027.507 
24016.010 
32027.010 
20021.508 
21025.010 
22029.510 
21019.503 
23025.002 
28025.009 
25020.002 
13025.010 
32017.503 
17015.006 
19020.506 
26019.506 
37027.008 
39016.508 
31021.010 
33026.506 
19029.002 
25018.508 
19017.007 
24022.007 
33022.505 
39020.003 
32027.505 
19023.008 
20024.011 
28025.002 
25016.510 
21028.004 
13015.006 
25017.011 
13019.004 
37021.504 
22015.004 
14021.002 
28021.002 
33029.006 
20017.502 
24024.504 
39027.011 
18020.501 
23025.004 
33019.503 
14020.504 
13016.004 
14026.511 
19023.005 
33026.511 
39024.511 
18018.502 
37026.004 
22021.004 
19027.509 
13027.508 
17022.505 
19027.505 
13018.003 
20018.009 
19021.006 
15025.009 
19021.503 
26017.511 
26021.006 
18027.506 
19025.502 
28026.507 
37028.001 
24015.006 
31021.005 
13029.010 
17028.509 
14018.511 
24025.503 
28028.004 
32026.510 
13020.507 
33017.004 
23020.504 
14025.002 
28023.510 
22019.503 
13027.507 
20027.505 
13027.505 
15025.003 
21029.007 
31023.005 
31015.507 
19028.011 
14019.004 
13022.506 
32026.006 
20029.501 
31025.507 
15027.011 
26024.503 
33028.007 
24024.503 
17021.006 
18016.507 
18015.001 
17024.010 
39024.009 
32027.504 
13028.508 
25025.011 
23019.509 
39021.506 
39017.006 
16019.510 
28023.502 
31026.510 
14020.501 
26024.004 
28024.008 
22017.508 
37016.004 
39016.003 
18029.009 
39028.503 
17020.511 
17021.005 
32020.508 
15019.009 
14025.007 
37028.510 
33017.507 
26019.511 
16023.009 
26027.002 
16027.004 
26020.002 
18015.004 
33022.510 
26020.508 
18024.005 
14018.507 
28025.005 
26023.010 
32025.506 
21028.009 
26015.503 
28019.504 
37015.511 
26028.007 
14028.507 
22023.008 
20023.010 
25022.006 
18019.001 
19028.511 
39017.501 
21016.005 
24020.001 
37015.001 
21015.007 
37016.507 
32025.008 
23019.006 
13029.006 
32025.003 
23018.510 
39015.006 
28026.508 
20020.504 
21022.510 
32028.511 
15028.510 
21029.511 
19029.510 
14028.006 
16021.011 
18025.007 
24017.011 
13023.008 
24022.010 
25028.507 
17026.004 
22023.511 
21029.505 
39024.008 
32019.009 
17019.504 
32016.006 
33029.008 
32024.004 
15018.503 
13024.510 
37016.508 
14018.005 
25016.001 
32027.011 
37020.505 
18018.508 
26024.008 
22021.510 
28027.009 
26015.507 
14016.502 
13015.008 
23023.009 
20020.505 
17029.004 
23022.007 
22029.507 
16027.009 
14023.010 
18016.011 
16023.005 
33021.509 
23020.005 
21016.004 
22018.504 
17027.508 
16023.008 
22029.009 
33017.502 
24020.511 
25023.008 
17025.508 
13018.504 
20026.008 
32022.001 
25019.504 
20021.510 
24021.511 
15017.002 
22019.507 
20017.006 
28018.001 
24015.003 
14021.001 
15020.501 
25025.504 
20025.510 
24019.011 
31021.511 
26028.506 
13018.506 
32028.510 
24026.509 
18021.501 
26025.004 
15020.001 
18028.511 
18025.008 
18023.505 
21025.510 
24024.510 
16020.003 
28027.005 
25026.003 
17022.006 
16028.008 
14025.011 
26020.010 
23022.002 
21020.506 
14023.009 
20021.010 
23021.004 
15026.501 
20026.509 
19019.003 
31021.003 
22025.005 
20016.503 
16018.503 
37025.503 
28016.003 
32020.509 
15016.506 
21028.509 
31016.009 
31028.010 
13016.502 
25024.509 
15020.010 
33020.503 
16024.009 
14016.504 
22025.010 
23020.506 
13027.008 
37021.503 
24028.011 
32016.504 
24023.504 
14025.510 
22023.007 
22027.511 
31023.505 
19028.008 
26024.502 
31018.005 
39027.509 
21022.007 
26022.005 
19028.006 
15025.006 
37017.008 
25023.004 
16017.509 
24018.503 
15018.511 
31029.001 
33029.504 
31027.510 
17015.502 
26017.506 
18027.009 
17027.009 
17026.502 
23015.504 
15021.507 
23016.001 
33029.507 
28028.005 
25028.504 
39019.009 
28025.006 
17015.009 
31025.511 
33021.010 
37029.009 
33027.505 
37016.002 
17025.007 
32015.502 
16024.003 
28019.502 
18020.508 
20029.503 
20023.511 
23016.505 
17023.508 
14025.009 
21027.506 
22027.008 
26027.004 
26024.506 
25017.507 
17021.004 
18028.502 
20024.502 
39022.009 
28020.007 
15023.010 
24029.511 
17029.007 
37019.009 
22016.508 
19018.509 
14020.503 
16029.504 
18020.009 
13020.506 
20021.003 
31020.504 
14027.507 
31022.511 
37022.003 
19022.509 
18016.004 
26019.003 
37029.508 
24029.006 
19017.501 
13028.009 
18026.505 
14028.502 
23025.504 
18016.508 
17020.502 
16021.003 
21017.508 
13020.509 
21024.001 
22018.507 
17019.506 
39015.001 
26026.004 
19022.502 
20023.011 
33019.511 
20022.006 
28022.503 
39023.508 
28021.008 
24025.005 
13021.007 
31028.509 
26019.509 
32023.011 
26025.503 
31023.507 
33020.001 
39019.501 
39026.011 
14025.006 
18025.504 
17017.505 
17023.006 
33016.502 
37021.004 
13021.008 
32025.009 
31015.508 
14017.010 
37021.501 
32016.008 
21016.506 
37024.010 
32023.002 
25020.001 
25024.510 
21021.508 
17020.011 
37025.507 
14018.003 
22024.507 
39028.008 
25029.004 
24025.002 
22015.503 
15024.003 
24022.511 
20024.505 
31021.001 
16017.010 
32022.011 
13020.004 
18026.011 
37019.502 
15019.010 
17018.502 
20026.504 
14019.504 
20024.003 
17022.510 
23021.508 
20029.010 
14029.502 
16019.507 
31016.007 
26024.501 
15019.006 
15023.507 
19016.007 
25024.006 
24024.005 
32018.001 
15029.011 
18018.505 
16026.002 
22024.506 
19015.501 
17024.011 
24016.510 
14029.005 
24022.002 
25020.005 
16024.502 
19022.004 
22015.008 
39015.002 
26024.511 
39028.504 
15024.004 
18017.002 
20027.506 
15016.511 
14017.003 
18015.008 
37020.004 
24027.503 
20022.502 
14027.008 
28018.005 
13023.002 
28020.505 
26026.503 
22026.005 
33027.506 
14023.501 
18029.505 
15020.510 
21017.001 
21020.503 
37021.511 
21016.001 
22019.508 
21027.503 
39019.006 
21015.010 
24022.501 
28018.002 
20015.001 
39029.505 
18026.008 
13020.007 
37024.011 
23027.006 
31026.004 
39018.508 
15016.010 
22024.511 
14019.507 
18017.506 
28024.010 
39026.008 
26025.505 
39027.001 
39026.510 
32015.509 
15020.502 
20015.004 
22028.504 
31024.504 
15025.005 
33021.502 
20026.011 
15021.505 
28020.504 
26026.005 
15019.003 
18023.002 
37020.006 
22016.501 
22015.003 
37018.011 
21028.504 
13015.002 
25025.004 
16022.506 
17020.501 
31027.506 
23023.011 
20020.509 
18027.504 
24028.505 
16017.002 
17023.002 
28017.002 
26029.006 
22017.507 
17018.508 
19025.006 
28022.501 
28020.510 
20023.505 
16017.510 
32029.006 
23016.510 
14015.002 
39017.503 
20020.006 
31021.008 
39018.002 
33025.510 
21017.510 
31021.502 
37029.010 
39016.507 
23024.002 
33029.009 
14024.010 
39021.011 
32022.503 
13021.001 
13015.501 
28022.011 
33027.510 
20026.009 
24018.009 
31022.503 
25018.003 
28021.508 
16026.506 
23025.509 
28020.010 
18023.511 
13019.002 
16020.007 
32021.509 
19022.507 
14016.004 
13022.008 
20017.508 
39016.008 
14027.005 
13020.511 
16018.509 
26026.507 
16026.010 
39018.001 
16019.010 
21019.010 
18018.011 
22020.504 
26024.505 
18020.507 
28028.003 
31025.506 
21026.503 
32018.502 
33016.505 
15020.511 
22017.509 
33018.010 
13025.501 
33018.009 
37027.009 
21016.002 
39029.001 
15019.002 
39025.001 
18020.007 
23016.010 
19018.011 
19024.009 
24018.004 
15021.010 
17019.511 
20016.509 
19024.005 
16023.004 
19022.510 
13023.510 
15022.511 
31019.502 
21027.004 
19019.511 
28029.506 
14025.506 
39022.503 
15028.501 
37021.506 
17019.502 
39018.009 
23017.002 
33024.011 
32024.010 
18020.509 
26026.504 
37023.007 
25021.011 
22019.510 
31016.010 
21021.511 
31015.504 
18028.004 
20019.010 
15022.010 
24022.006 
17028.002 
15016.001 
28019.509 
20021.506 
26025.006 
39017.011 
26021.008 
33018.002 
22016.008 
23018.511 
25021.508 
16025.507 
20015.511 
20015.501 
25020.507 
37027.510 
39025.508 
39026.506 
33022.503 
22017.002 
17021.008 
25028.007 
25026.004 
26021.507 
28021.004 
26024.010 
21021.503 
17028.506 
28024.007 
21022.504 
37026.011 
25017.010 
39019.004 
22025.511 
39029.010 
33020.008 
25016.502 
31016.006 
19028.506 
22023.010 
13024.504 
39026.501 
17019.508 
26016.508 
14025.502 
19027.006 
39022.508 
24021.009 
33021.008 
17025.504 
22025.008 
37028.008 
28016.501 
15017.010 
22023.506 
25017.508 
39029.007 
13029.509 
33022.502 
33019.011 
31021.501 
13017.505 
23018.505 
25019.003 
24020.009 
16018.502 
19020.508 
14029.506 
18016.504 
16023.504 
39017.007 
21023.005 
31022.011 
18017.503 
22016.507 
39024.010 
19018.005 
21023.003 
25017.502 
28029.511 
37022.009 
26016.507 
24020.007 
26017.001 
32018.511 
14021.505 
24019.010 
20015.502 
15022.501 
37028.506 
20025.001 
13018.502 
16029.502 
25026.505 
21022.008 
31019.011 
31021.004 
17019.004 
15015.504 
17018.503 
18018.511 
20029.005 
24025.502 
17024.504 
37027.001 
37024.505 
19028.002 
17020.006 
21020.004 
39017.009 
26023.004 
13021.503 
16017.007 
31025.004 
14017.502 
16028.003 
19025.004 
22026.505 
25025.007 
22023.009 
31023.508 
26022.001 
19022.508 
26016.009 
16022.507 
19028.503 
37017.002 
19029.509 
17029.511 
31026.511 
26022.008 
22027.006 
23022.004 
31021.002 
20019.509 
24026.506 
22017.004 
22024.002 
14021.503 
32022.010 
39016.506 
15027.001 
17026.501 
19024.504 
28024.505 
37029.007 
26023.509 
39025.502 
33023.004 
21015.006 
24021.011 
21020.005 
17016.005 
14021.003 
25015.504 
22018.002 
26028.511 
20015.506 
14027.505 
15020.503 
20027.005 
21028.502 
26022.004 
32026.502 
26022.507 
15026.503 
39016.505 
14024.509 
13017.508 
22025.504 
33027.009 
16016.507 
26026.010 
19026.502 
31024.007 
24029.011 
21025.504 
20025.508 
28018.006 
21015.004 
24017.509 
15024.501 
32020.009 
31026.007 
39016.502 
32020.504 
31023.503 
18015.005 
16022.008 
28018.010 
18027.002 
21018.002 
37017.501 
24028.004 
28015.011 
39018.008 
24023.007 
20023.502 
31023.502 
24026.510 
31025.501 
31024.002 
14020.006 
25024.505 
32019.002 
18024.508 
31029.506 
21022.010 
17019.510 
16016.001 
26026.508 
14026.503 
28017.505 
31024.008 
28022.003 
25027.509 
32015.507 
14019.506 
16018.010 
24020.506 
39017.004 
31019.009 
24028.504 
31027.009 
21025.501 
16016.506 
19016.008 
15021.511 
24015.503 
23026.511 
32028.003 
37015.505 
33016.005 
17028.011 
37027.010 
39028.007 
37027.509 
28024.501 
14020.002 
22025.502 
25021.509 
28015.502 
18026.509 
25018.510 
20022.002 
26021.501 
18020.506 
15021.502 
32028.011 
20015.509 
22026.502 
16024.510 
24022.009 
21019.506 
17021.002 
23019.010 
28017.511 
37016.005 
24027.504 
24019.006 
23029.007 
21021.004 
13023.501 
19017.509 
15022.510 
26015.511 
24026.006 
23024.001 
19027.506 
33026.002 
24026.008 
23023.505 
13020.508 
15017.004 
25029.002 
22022.003 
16025.003 
17025.505 
37028.005 
22017.501 
37015.507 
32023.508 
32024.506 
24023.503 
22022.001 
18019.508 
24024.507 
33021.508 
32024.008 
37018.004 
13027.009 
22021.005 
18024.003 
26026.510 
37022.506 
15016.505 
22024.003 
37023.502 
25015.509 
22023.006 
19016.006 
19024.001 
15026.007 
23029.510 
22024.010 
13023.005 
22028.511 
26019.004 
32025.510 
20015.011 
18029.507 
18020.505 
16021.001 
25024.511 
28021.505 
33026.001 
37022.004 
15023.011 
18023.501 
18023.005 
15018.010 
18025.502 
32019.509 
13015.506 
32018.005 
15016.002 
20016.506 
26027.501 
39018.503 
16024.509 
33016.506 
24021.510 
32017.502 
37016.001 
24016.501 
33024.507 
22020.004 
20016.504 
17020.005 
39016.509 
22019.011 
15028.006 
16017.508 
32016.507 
13025.011 
28021.504 
24015.005 
14029.007 
22028.002 
24029.504 
15015.010 
15016.005 
39028.005 
37029.505 
24027.004 
37020.507 
32027.008 
20026.511 
37025.009 
19021.510 
16027.003 
37015.009 
39015.011 
33015.001 
18028.505 
15018.508 
13029.002 
28023.503 
21026.507 
20027.008 
15026.505 
14019.005 
17020.505 
16026.008 
32015.511 
25029.502 
17016.510 
37017.006 
32018.004 
33027.504 
16015.006 
22025.509 
28024.003 
33016.006 
32018.002 
14016.002 
19028.010 
33017.009 
28022.009 
28019.001 
24021.504 
13017.002 
26027.001 
25022.008 
37025.504 
28024.511 
24015.506 
20022.501 
23025.508 
23017.507 
18024.004 
24023.507 
17024.502 
17027.510 
17023.003 
23018.001 
18020.006 
37029.502 
33024.004 
37019.003 
19025.508 
24015.010 
32025.004 
24029.501 
16017.005 
32017.505 
26025.001 
19029.508 
15029.009 
28021.011 
15028.009 
19017.004 
15026.511 
31018.007 
23025.503 
33028.010 
23020.510 
37027.011 
19024.010 
17026.006 
39015.510 
13029.001 
37022.005 
28024.503 
15015.006 
21028.002 
14024.011 
21016.507 
33025.001 
23015.007 
23029.010 
16015.008 
16016.006 
32029.507 
18016.510 
18022.509 
14023.505 
20016.507 
18021.505 
18018.503 
15025.509 
17016.507 
13020.502 
13022.504 
26020.007 
26025.009 
23025.009 
16021.008 
32024.009 
15020.009 
31015.006 
22026.001 
19017.507 
31026.009 
32022.006 
31026.505 
24020.510 
21020.508 
37015.506 
17025.009 
28024.005 
13025.510 
33023.003 
21026.005 
22023.003 
25022.009 
20021.011 
37020.510 
33027.501 
14020.510 
19026.009 
19016.503 
14021.501 
37023.008 
26022.505 
26019.501 
33023.511 
15018.007 
25023.501 
18018.002 
13016.011 
31020.508 
28029.507 
19026.501 
32023.509 
19023.002 
13016.003 
24015.504 
17028.510 
24027.001 
20027.003 
20018.503 
18015.003 
32024.503 
25015.004 
15018.006 
23021.510 
15015.501 
21024.508 
23029.501 
15015.002 
22026.003 
32017.506 
14027.502 
28022.508 
14021.005 
37026.509 
13015.007 
21028.008 
21027.001 
31029.006 
20018.507 
17027.011 
19025.507 
16018.004 
13026.509 
17022.506 
25028.506 
17016.503 
14020.505 
22015.510 
15028.511 
39027.008 
28020.506 
25016.009 
18026.511 
16020.510 
16016.504 
37020.508 
33018.008 
33017.503 
25015.003 
37015.503 
20027.009 
22016.502 
14015.009 
31027.004 
28029.009 
28022.502 
16015.510 
25024.004 
24018.011 
31027.504 
26019.005 
17023.503 
26022.007 
31022.502 
23020.507 
31015.002 
25024.508 
26015.509 
18021.504 
25015.506 
19018.504 
20027.510 
26026.006 
18023.504 
18026.502 
17029.011 
16018.006 
20027.509 
32021.501 
22017.010 
26024.011 
17029.003 
23021.511 
15021.006 
33022.006 
17019.001 
26016.006 
15027.007 
25026.011 
31027.502 
26028.508 
37021.509 
21020.009 
24020.505 
16024.501 
15021.003 
17015.011 
15016.004 
20017.003 
20024.503 
18018.510 
16019.505 
20020.004 
15019.008 
16027.506 
23023.010 
16015.004 
15022.005 
39025.010 
13025.505 
14017.504 
24017.501 
21028.001 
24017.001 
26027.003 
21017.005 
13016.506 
39020.005 
17022.509 
37019.007 
26019.510 
14015.504 
32026.509 
31026.509 
16026.507 
32021.507 
32015.002 
20019.009 
26016.511 
13022.002 
15024.508 
19015.006 
39026.509 
37023.509 
17016.007 
16017.502 
26017.510 
37026.511 
13028.002 
18016.502 
32024.511 
13028.005 
15020.006 
19017.503 
28015.511 
22028.006 
28025.506 
39015.504 
22019.001 
22024.505 
22025.507 
24016.504 
21024.511 
25028.502 
14024.501 
32029.510 
23018.501 
26017.501 
17015.507 
37022.508 
23016.002 
33021.002 
19021.508 
28015.503 
32015.501 
37018.010 
17024.003 
26029.010 
13019.511 
23021.509 
20025.504 
32020.005 
39021.008 
26028.509 
18025.505 
18025.006 
31019.001 
33015.508 
25027.510 
14028.503 
22025.006 
13022.009 
25023.006 
17016.511 
13017.504 
33022.003 
33018.005 
24029.506 
15029.004 
22020.501 
23015.511 
19025.501 
24025.008 
14016.503 
17018.006 
37018.003 
28022.008 
31029.009 
19016.011 
23022.008 
14023.008 
13019.011 
23017.508 
17028.505 
31029.504 
13023.010 
33018.511 
18027.507 
16021.006 
23029.011 
18029.501 
24015.507 
17020.008 
25028.009 
19026.505 
32023.006 
13015.011 
32020.006 
26025.002 
21025.011 
18022.010 
25024.507 
23019.507 
15020.506 
39015.508 
28025.504 
37021.003 
13027.004 
25015.008 
19022.501 
21028.508 
37016.008 
19026.508 
25017.511 
19020.501 
19029.501 
25026.506 
31015.001 
39021.001 
15020.003 
39023.511 
16029.508 
22016.010 
37021.508 
24015.502 
15028.507 
18017.504 
26029.002 
33015.511 
32026.505 
25020.003 
32020.506 
15021.508 
32017.005 
24018.508 
21021.003 
24015.002 
13028.501 
24023.509 
39018.505 
23017.005 
28023.007 
14028.509 
23015.004 
21015.504 
23017.001 
20018.506 
20019.006 
13017.507 
17017.008 
37016.006 
14028.511 
25024.010 
13026.502 
16023.510 
32018.510 
25022.503 
37016.007 
15018.501 
32023.501 
32016.007 
19019.005 
28016.507 
23027.010 
16025.502 
13029.507 
28027.004 
19023.504 
17022.507 
23026.011 
37015.010 
21017.504 
15027.010 
17023.511 
16016.511 
18022.002 
28022.511 
13019.009 
26015.504 
32019.001 
32016.005 
19024.002 
25025.511 
13021.509 
16028.508 
17023.502 
19018.010 
25024.001 
37019.503 
18019.008 
19021.004 
13026.003 
31015.503 
25019.005 
20022.509 
31019.004 
19027.001 
24028.001 
28021.006 
21024.006 
13026.507 
16023.511 
25027.007 
22025.510 
31017.007 
19024.507 
18017.510 
17028.503 
18025.002 
14017.006 
31027.002 
21024.502 
37029.001 
13024.508 
13026.508 
18023.007 
21029.006 
17021.502 
21020.011 
31022.007 
21019.508 
19020.507 
16018.504 
23027.008 
23028.008 
20028.503 
13020.010 
22021.509 
15028.504 
16023.002 
15019.501 
23028.501 
13020.002 
25017.005 
26018.007 
32020.011 
18016.501 
21016.509 
37022.502 
21017.502 
37017.503 
23021.507 
39019.506 
32029.505 
25028.510 
32029.001 
33026.507 
32021.010 
39029.501 
15027.003 
18027.008 
26015.004 
18029.008 
37026.504 
23024.507 
21022.503 
22028.507 
21018.503 
15026.510 
28017.509 
16028.501 
31024.501 
31016.511 
37027.508 
13022.510 
25017.007 
25027.504 
23018.010 
21020.003 
20025.004 
25024.503 
32027.509 
17021.011 
15022.009 
17017.011 
21016.504 
25016.503 
20019.002 
28020.503 
32017.511 
37021.008 
14028.504 
25017.004 
33021.003 
22027.503 
23018.005 
15020.504 
15020.008 
31024.502 
17016.505 
19023.001 
26016.010 
16015.508 
39019.510 
31027.011 
23026.003 
24020.507 
22022.501 
22019.501 
21017.004 
26015.001 
37015.005 
23017.010 
28016.006 
17021.509 
16016.005 
23023.510 
31017.008 
26015.003 
21023.006 
37023.001 
19020.010 
17026.007 
32021.003 
26017.509 
26027.503 
39025.004 
24017.505 
28020.001 
19022.503 
32027.510 
22020.011 
28027.003 
19019.007 
19023.003 
23021.009 
20027.011 
14021.502 
23024.007 
23017.510 
17025.502 
26029.001 
16021.510 
15028.001 
18015.011 
18020.504 
31020.002 
23020.011 
25021.506 
24019.506 
18027.007 
28017.011 
39018.011 
32027.508 
22020.507 
21023.504 
39015.005 
14022.003 
13017.501 
14026.510 
20020.503 
19023.501 
28018.004 
28020.508 
31023.009 
33025.511 
24023.010 
13021.502 
19027.504 
18029.506 
14019.009 
22021.003 
33023.501 
21022.011 
19020.004 
14020.005 
28029.509 
20019.007 
13018.507 
39021.501 
28028.009 
32019.011 
17027.001 
24021.509 
28021.506 
24028.506 
23023.002 
16019.004 
22018.009 
37029.503 
25025.002 
18018.509 
18015.510 
37027.501 
24026.503 
17019.007 
13026.505 
28023.010 
21028.005 
19026.008 
13025.001 
15019.504 
17016.002 
25025.005 
25021.504 
37023.505 
28029.005 
22022.505 
28017.008 
15024.007 
13015.511 
39021.511 
25018.009 
25029.006 
25015.501 
23022.010 
14017.004 
14025.511 
23028.503 
28029.002 
28022.507 
20019.008 
23027.504 
16025.001 
39027.009 
37018.502 
20016.010 
28019.010 
33025.507 
21015.005 
37018.507 
28026.004 
21021.008 
20019.003 
28026.502 
14024.003 
19021.506 
19027.511 
22025.007 
25017.501 
22029.511 
21029.005 
21017.507 
20020.005 
17017.005 
19018.502 
33023.504 
37015.011 
18028.002 
37018.006 
24021.507 
21018.501 
24027.006 
39027.007 
39015.004 
17016.010 
15027.510 
16022.007 
21024.505 
28019.005 
28019.503 
33028.002 
14024.006 
14023.005 
13019.510 
37016.504 
39023.506 
37024.508 
32026.504 
17025.008 
37023.507 
13019.008 
22021.009 
32019.505 
19016.509 
31027.503 
39021.509 
13027.003 
33022.509 
15025.510 
39018.502 
19024.008 
13025.009 
16023.011 
33025.504 
37023.508 
15017.005 
32028.001 
14021.009 
39024.002 
31022.509 
18017.011 
25020.008 
37015.501 
20027.504 
26024.510 
20019.502 
33020.006 
16025.501 
23023.007 
21025.506 
22024.504 
21027.009 
13018.510 
13015.508 
17024.503 
18017.001 
31018.010 
15021.510 
21028.007 
26021.502 
28027.001 
39022.004 
23025.507 
21020.505 
15017.509 
16020.004 
16022.006 
39024.501 
15019.005 
37025.509 
21021.005 
33023.506 
24017.005 
13022.005 
17028.007 
39015.511 
18024.501 
20018.511 
24016.506 
17028.502 
14016.005 
33018.501 
20024.008 
25019.009 
21023.511 
28018.502 
13026.002 
25026.007 
32021.508 
25022.005 
16020.503 
26021.001 
25020.505 
22019.006 
19019.508 
20018.010 
15021.008 
20028.004 
14027.509 
18017.010 
14027.501 
17026.010 
23020.002 
14015.008 
14022.001 
32016.506 
13027.001 
19024.006 
26023.511 
32021.504 
18027.503 
16018.510 
25024.502 
18022.506 
19021.003 
21018.004 
18017.505 
13024.009 
19027.007 
22021.505 
14024.007 
28016.010 
17018.004 
31017.509 
33026.502 
26016.004 
32021.502 
26023.008 
16020.002 
20028.502 
20023.007 
18015.503 
31024.509 
14025.004 
19026.503 
17026.507 
25028.010 
13027.010 
21015.505 
14027.006 
18024.010 
32029.504 
14017.510 
22018.511 
25027.511 
23016.504 
24021.508 
21019.003 
25023.507 
16027.511 
17025.006 
20016.501 
17022.004 
24028.005 
37028.009 
39018.506 
20025.002 
19025.010 
26026.002 
23016.005 
37020.504 
14028.007 
18024.503 
19019.501 
31025.502 
26018.508 
18023.507 
17021.003 
17025.507 
31020.001 
15024.504 
19029.502 
16027.008 
14029.504 
24021.001 
14020.508 
31021.505 
20025.503 
24015.508 
22021.006 
20018.003 
18021.010 
21019.507 
21027.502 
20028.009 
24026.504 
16027.504 
15015.011 
37023.510 
23026.506 
26018.510 
22027.510 
25024.506 
26017.502 
31026.502 
32023.507 
37020.005 
14022.006 
39020.002 
39024.503 
22018.001 
39025.005 
17022.009 
14027.506 
16016.010 
14028.002 
37025.506 
15029.006 
21015.008 
39019.502 
19017.005 
15019.510 
33025.005 
14023.002 
37026.001 
19025.510 
18029.511 
32018.505 
13028.007 
32017.006 
15028.004 
19026.005 
16017.505 
20029.007 
19027.508 
17024.508 
20020.510 
24018.007 
20019.501 
18019.004 
24021.505 
16028.007 
24027.509 
19020.002 
33022.504 
25029.509 
15018.506 
23026.004 
14020.004 
25029.504 
17029.506 
19018.505 
39019.010 
32017.011 
28021.501 
26018.002 
22018.010 
33022.506 
26020.003 
26020.505 
19025.509 
23023.506 
26020.504 
13020.005 
23017.007 
24022.008 
37028.507 
32018.506 
31019.501 
16025.005 
16015.505 
33027.507 
33023.007 
19020.009 
23020.511 
28017.501 
28024.002 
33015.008 
33025.505 
21017.506 
28019.510 
20016.011 
21029.507 
28028.006 
31016.002 
39027.505 
28024.001 
20026.010 
32017.008 
14027.003 
28022.505 
32018.003 
32029.502 
39026.507 
17020.007 
19026.010 
31026.508 
17024.509 
15020.002 
19027.510 
26027.509 
14018.009 
15023.505 
18029.007 
28023.003 
21016.510 
23024.004 
14026.011 
17029.505 
24022.011 
25023.503 
20017.009 
23024.508 
13020.008 
37027.006 
20029.511 
23029.503 
21020.507 
14025.501 
23026.006 
21026.506 
31015.010 
14029.008 
31027.501 
15023.005 
16028.005 
37028.502 
15029.504 
20019.508 
28024.510 
25019.011 
39025.507 
23027.503 
14015.005 
33020.509 
14024.502 
18026.503 
23025.010 
25018.005 
19024.503 
14017.008 
18021.001 
23026.005 
23018.503 
17028.004 
19028.509 
18024.002 
26019.010 
39023.001 
20022.004 
20028.510 
32019.007 
37017.510 
39023.004 
39024.507 
20025.007 
17018.010 
28026.003 
33016.501 
19015.503 
28016.011 
39025.006 
18029.504 
31023.506 
14029.002 
22018.006 
28015.509 
21017.509 
33021.511 
22015.007 
23020.001 
23019.007 
14019.511 
18021.503 
15027.004 
24020.008 
26022.509 
24015.007 
24020.509 
28026.010 
20021.005 
37018.509 
16015.005 
32025.504 
26018.010 
33025.502 
16022.508 
39020.006 
13027.509 
33029.511 
32018.006 
37015.504 
24023.011 
18019.504 
16020.505 
39018.005 
39020.008 
22023.505 
25029.510 
21018.009 
24025.010 
21023.008 
26029.004 
37016.505 
37026.009 
15029.501 
20027.007 
19025.505 
37015.004 
37020.509 
32022.506 
24021.010 
39024.005 
18027.505 
19028.003 
33020.009 
23025.501 
13021.006 
32024.005 
37018.009 
14015.001 
25023.502 
14029.010 
32021.510 
21019.006 
33024.503 
20022.510 
39015.003 
23018.003 
13015.510 
19019.006 
26020.005 
23016.009 
21024.507 
16015.011 
31022.005 
23018.509 
24019.510 
28020.011 
15027.509 
37020.011 
17026.002 
37025.008 
37028.503 
17028.009 
13018.008 
33028.511 
22017.505 
19016.508 
18029.010 
37027.007 
24022.504 
28023.506 
15020.508 
19029.006 
21017.002 
28025.508 
21025.508 
15015.001 
32028.008 
23020.008 
15028.509 
14026.505 
21016.003 
16029.506 
20022.011 
37023.002 
33019.505 
26029.501 
21019.001 
32029.506 
31023.011 
28027.506 
17017.010 
17025.011 
22016.002 
15028.011 
39020.503 
25028.509 
21024.510 
23028.002 
21029.506 
18027.501 
20029.003 
24020.005 
33015.502 
32016.508 
37022.002 
37022.505 
26019.507 
31021.009 
25026.507 
24020.503 
13019.502 
26028.008 
28017.006 
17028.006 
23029.511 
25027.502 
16020.509 
28029.001 
16025.007 
26021.504 
17029.009 
21026.505 
18019.507 
32022.003 
17027.003 
15026.506 
21019.011 
17025.511 
21015.009 
22023.510 
31022.003 
26029.503 
15016.009 
39027.510 
28018.008 
15023.508 
19029.010 
26026.501 
22029.003 
23028.506 
16029.002 
23023.509 
33029.502 
21022.005 
24029.003 
26022.006 
23018.508 
13021.506 
22015.508 
33015.510 
22016.005 
32018.508 
13021.507 
24025.003 
28019.506 
21025.002 
22022.511 
17016.001 
14028.010 
33027.005 
24020.502 
13016.006 
39022.502 
13017.009 
33015.006 
18017.511 
24022.502 
37028.011 
15018.505 
28018.508 
24025.009 
31020.011 
31019.506 
31015.506 
16016.503 
21029.502 
24027.501 
20028.008 
37025.505 
33020.505 
16018.501 
25023.506 
13019.509 
15023.510 
28022.509 
22025.508 
32026.506 
37019.509 
25018.505 
23018.006 
19019.001 
39016.001 
16023.006 
20026.507 
23018.507 
23026.503 
19020.003 
28024.009 
15023.001 
32018.503 
37021.505 
39022.007 
23022.006 
18022.504 
21016.501 
18027.502 
33015.003 
14017.005 
39022.010 
24022.503 
14026.506 
32022.008 
31025.509 
16018.506 
18017.502 
14017.506 
17023.505 
20021.501 
23027.011 
32019.503 
26017.503 
28022.010 
25017.503 
28020.511 
28026.002 
14022.503 
37024.506 
13024.505 
22022.008 
33020.510 
31022.505 
31028.005 
39023.509 
18019.011 
18021.002 
26027.009 
18019.503 
25019.508 
16022.511 
37015.510 
19018.501 
15022.001 
22028.011 
15015.509 
16020.502 
22020.009 
13017.011 
22021.001 
37023.504 
15017.006 
18016.002 
37017.009 
17020.002 
20022.005 
24024.010 
23026.008 
37022.507 
24017.002 
25027.010 
31018.008 
14025.503 
32019.010 
25023.508 
26015.502 
23015.005 
37028.007 
23019.008 
14018.501 
15027.009 
19025.504 
19019.504 
19021.502 
26026.511 
28029.508 
18015.509 
14017.002 
19022.505 
19026.506 
16022.002 
17021.506 
17018.007 
15024.008 
15024.506 
22026.501 
23029.504 
24029.505 
31025.011 
28017.001 
21017.010 
39025.503 
31026.003 
39026.009 
32018.501 
15029.506 
32029.007 
13023.502 
23023.003 
33024.006 
24026.001 
26029.508 
24027.011 
20020.502 
21029.509 
33029.505 
21027.505 
24022.505 
16028.001 
32020.001 
15018.002 
24015.505 
33028.003 
37016.506 
37025.011 
18024.506 
37026.002 
21026.007 
24016.503 
23022.502 
24029.502 
15029.001 
18018.009 
17026.510 
22027.502 
31016.506 
13019.001 
22028.502 
31017.002 
20017.506 
17017.506 
24019.004 
32021.009 
19018.510 
13019.503 
26023.506 
22026.010 
39029.008 
20019.503 
15016.502 
23028.010 
33015.010 
28026.005 
14019.508 
33025.003 
17018.009 
19023.510 
20016.006 
33017.509 
28018.009 
26028.004 
24021.008 
26023.006 
18027.509 
23027.509 
19015.001 
39027.006 
21018.504 
33023.002 
14022.501 
32026.010 
22026.006 
18017.508 
22017.007 
18027.010 
25022.002 
23027.003 
23029.004 
19017.011 
33018.507 
22022.009 
37018.506 
23022.504 
14021.507 
23020.503 
24016.004 
20018.002 
21027.501 
17015.505 
26020.006 
23027.001 
32020.007 
21021.505 
23022.505 
13027.506 
37029.011 
28025.509 
25024.003 
28015.001 
32026.501 
18027.511 
32021.005 
26016.504 
39016.004 
16015.003 
21020.504 
15018.004 
18021.004 
14023.507 
17023.501 
13019.003 
39016.011 
25023.504 
39024.502 
23016.509 
17019.503 
22015.507 
31015.003 
15019.511 
15017.505 
14023.007 
32020.010 
13026.504 
25026.010 
32027.006 
18018.507 
26017.002 
31028.505 
13027.511 
26027.504 
23018.504 
16027.010 
19016.009 
26029.505 
24020.010 
33022.011 
22029.501 
37020.010 
33024.506 
14027.508 
31018.009 
15018.001 
20023.504 
25026.006 
32020.004 
39020.009 
25018.006 
16029.005 
14020.506 
31020.509 
20028.501 
22020.510 
32023.005 
28015.508 
31020.010 
23025.007 
13022.508 
22029.002 
20029.507 
19028.501 
18023.506 
28025.010 
25017.009 
22027.509 
25015.005 
20026.007 
19015.508 
31016.011 
18025.009 
16015.009 
14027.510 
37026.505 
21023.007 
26029.511 
20017.510 
37028.504 
17015.506 
21016.508 
14016.501 
32017.501 
17026.008 
37027.505 
14027.007 
22027.003 
33029.503 
14024.506 
20021.007 
15025.503 
15022.007 
17015.002 
14029.511 
24029.503 
14018.008 
20020.506 
23028.004 
39024.011 
37017.001 
24019.009 
33026.006 
19027.501 
33023.001 
31027.010 
15025.501 
24017.510 
14022.002 
33027.007 
14019.505 
21018.007 
16027.502 
33023.008 
39022.506 
32026.508 
16018.505 
32026.503 
13021.004 
13023.006 
19017.510 
23019.511 
22023.507 
32019.502 
17017.007 
21019.005 
25021.005 
13026.001 
23025.006 
22029.007 
31027.005 
20021.502 
28015.003 
13022.010 
13017.007 
33018.505 
16024.005 
33018.506 
21021.009 
14026.508 
14019.007 
33027.006 
28016.505 
39017.502 
32024.505 
13029.502 
24017.007 
39025.009 
17022.504 
19024.003 
19025.003 
32023.502 
37017.003 
16028.510 
23028.510 
31015.008 
25028.503 
20023.001 
17016.003 
26015.505 
22021.007 
24021.501 
19023.004 
18019.509 
23028.006 
13018.505 
31017.501 
28018.505 
13018.011 
20021.511 
21017.003 
21024.504 
13026.004 
31026.011 
15029.010 
31017.003 
19029.001 
21019.007 
18025.004 
33020.004 
21023.509 
23015.003 
37028.004 
17024.506 
33028.001 
24026.003 
21029.508 
19018.002 
26016.011 
37019.008 
28028.504 
23019.502 
25021.511 
39027.501 
13016.511 
23027.510 
19026.006 
13020.504 
13019.507 
13029.003 
18019.009 
28019.508 
24026.002 
26029.507 
20026.501 
15025.511 
22018.501 
21020.510 
24027.505 
24018.505 
24019.001 
23023.006 
17017.503 
39022.008 
22022.011 
19016.507 
24019.003 
33015.509 
25029.001 
14021.510 
37020.503 
13020.503 
28019.501 
33015.011 
19016.010 
15015.508 
13023.505 
14027.011 
14023.001 
23021.011 
24028.511 
32025.001 
14019.002 
26022.002 
25015.010 
18022.511 
28027.010 
25025.509 
26017.508 
23028.502 
15017.508 
18024.505 
22027.002 
31017.011 
28020.502 
37029.002 
17027.008 
21024.010 
24027.507 
28017.004 
37019.507 
26015.506 
32015.005 
39029.004 
37019.010 
33015.503 
19016.003 
19020.007 
23020.501 
19019.011 
39019.001 
20025.009 
33026.005 
24024.001 
14025.505 
15017.007 
23026.001 
26027.011 
25029.009 
15028.008 
15024.005 
28024.507 
15024.505 
15023.504 
20017.501 
33027.511 
37016.501 
19023.511 
39020.508 
16019.504 
16016.009 
15024.010 
33024.007 
18026.010 
37028.006 
19024.011 
37026.006 
19023.508 
24025.011 
22020.002 
31026.504 
17022.511 
32029.511 
33028.502 
28023.507 
22029.006 
33022.008 
33017.003 
19029.008 
18015.506 
19019.507 
31022.504 
37024.501 
24025.506 
16017.507 
18023.006 
25022.510 
13024.507 
18028.001 
19017.002 
22018.011 
23019.503 
19025.008 
32028.006 
15016.503 
32021.002 
14023.011 
18024.011 
32023.003 
25021.002 
28029.011 
18020.010 
37028.505 
28024.506 
15016.507 
13018.509 
21020.502 
37025.003 
33020.511 
21026.011 
23015.510 
28019.006 
20015.005 
20017.010 
24022.507 
31023.007 
16029.011 
26027.511 
19016.004 
33025.007 
33018.503 
22028.008 
16024.503 
22017.504 
24021.004 
24022.506 
17025.002 
17027.005 
25029.506 
25017.002 
33021.006 
31020.502 
15028.005 
37026.503 
23027.507 
39027.508 
16024.011 
31016.008 
15026.002 
23015.508 
19025.511 
32022.502 
21016.007 
17019.505 
25029.501 
26029.510 
14022.502 
32021.004 
37024.511 
16028.503 
23016.011 
32018.007 
39025.003 
20023.510 
23021.504 
19023.009 
31022.510 
26025.010 
23026.507 
31019.508 
22020.007 
15015.507 
28020.003 
33017.007 
28023.509 
20027.508 
18025.010 
18021.008 
33017.005 
21026.511 
17019.009 
22019.008 
39027.002 
23029.502 
26016.509 
33029.510 
25029.005 
33029.002 
16015.502 
15015.510 
33020.502 
25020.007 
25028.002 
17018.511 
19021.002 
17021.501 
19022.007 
21022.501 
25020.009 
19021.009 
25028.501 
37017.005 
18022.007 
15024.502 
16020.008 
16016.502 
26025.506 
13026.506 
21028.011 
17023.004 
26027.508 
14027.010 
22019.002 
21022.511 
37020.511 
21019.501 
14020.008 
28029.502 
13021.011 
19023.505 
26019.007 
16029.004 
33023.507 
13018.004 
14015.509 
21029.004 
21027.007 
28016.502 
14029.009 
31015.505 
22029.505 
39016.006 
19015.009 
19020.502 
31019.005 
17022.502 
15015.505 
37027.503 
39023.510 
26023.001 
32015.007 
37029.501 
24020.508 
25022.509 
37020.009 
23016.507 
21027.510 
16017.006 
26020.506 
16018.008 
17024.004 
14027.001 
39029.502 
21021.007 
16025.509 
17026.509 
32016.511 
16018.511 
16026.503 
14016.011 
31028.006 
39022.504 
13029.501 
17024.006 
18028.005 
39027.506 
26024.504 
37017.004 
14018.508 
16017.003 
18021.507 
13029.011 
39028.004 
28023.004 
33018.504 
24028.508 
14027.504 
31023.004 
17022.007 
24019.002 
15021.009 
22021.501 
31020.501 
13026.007 
20025.011 
23029.003 
19024.511 
18024.502 
20029.008 
37026.010 
21023.001 
23028.011 
19017.508 
31018.003 
31017.504 
14018.001 
33024.504 
33019.009 
33015.504 
18023.001 
18027.508 
37029.004 
17017.003 
16025.002 
15017.009 
22015.006 
39020.010 
22022.007 
28016.008 
19015.511 
19017.504 
21023.505 
17027.509 
13024.509 
18016.003 
20021.008 
33028.507 
31021.007 
37021.507 
32025.507 
21019.002 
32022.511 
22020.508 
28024.006 
28020.004 
37020.506 
14026.006 
26023.503 
20024.001 
32017.003 
16021.506 
13024.011 
26018.005 
25028.006 
20021.509 
37027.003 
16024.002 
25019.002 
19023.011 
17022.503 
39024.510 
18016.005 
22017.003 
20029.504 
24019.007 
14024.511 
37019.004 
13024.502 
37024.507 
28026.506 
37027.507 
13021.002 
13029.005 
17024.005 
17022.501 
14017.009 
28022.004 
13027.005 
16028.505 
16028.010 
28027.509 
37023.004 
20026.004 
28017.508 
14015.004 
20027.002 
13023.506 
31023.509 
19028.504 
20023.506 
21016.010 
24020.504 
15019.508 
16024.505 
17027.503 
37024.503 
26018.001 
28018.504 
24017.503 
17017.507 
24016.003 
32021.007 
15028.508 
39021.002 
23021.005 
19028.505 
25016.002 
20026.002 
33021.504 
21027.504 
15029.511 
19026.509 
19020.503 
32027.503 
28018.011 
16029.003 
37029.509 
39023.006 
24019.503 
24015.004 
23027.506 
16025.010 
28026.501 
28017.504 
20016.005 
22016.004 
22026.511 
21025.502 
16015.010 
24023.004 
21029.003 
32028.505 
23023.511 
21018.006 
22026.007 
17017.001 
33027.508 
18017.509 
14026.010 
26017.008 
14021.508 
37028.508 
18026.507 
15024.503 
20025.505 
14024.503 
23023.504 
39023.002 
21019.505 
21026.008 
19018.508 
18027.006 
39026.511 
13016.009 
28026.008 
39021.502 
39024.504 
25015.505 
26029.011 
31022.006 
28016.001 
22024.001 
28015.009 
18023.010 
22016.511 
22022.503 
23026.007 
17022.002 
19027.005 
20025.511 
23025.001 
24029.009 
31029.004 
21017.503 
16025.006 
25029.507 
16028.006 
22020.511 
31019.503 
33023.006 
26021.511 
32029.509 
20029.510 
39028.509 
13028.503 
39029.508 
23027.004 
22016.001 
20019.505 
18023.011 
17024.007 
25017.504 
26028.006 
39028.507 
18028.510 
21016.006 
18019.501 
22022.005 
32027.001 
37024.007 
28029.004 
20028.002 
39017.506 
18020.511 
18029.004 
23024.504 
22025.001 
28027.508 
18025.510 
25021.001 
39028.501 
18024.006 
37016.511 
28016.510 
18016.008 
22021.504 
37026.008 
31020.004 
20029.509 
20021.503 
37018.510 
31025.007 
15018.005 
15026.006 
17027.502 
25021.507 
31018.505 
26015.510 
14016.510 
20023.004 
24028.009 
24021.007 
33028.509 
28026.503 
37022.008 
16021.504 
23020.003 
25024.007 
19016.001 
31028.511 
28015.004 
28018.509 
24018.003 
19029.505 
39020.510 
15021.004 
24024.508 
21017.009 
22024.502 
39022.501 
13027.002 
22029.004 
39026.001 
16025.511 
15025.008 
21022.509 
25019.006 
39029.510 
22026.509 
17029.005 
31025.006 
19025.005 
24023.009 
37024.502 
14029.510 
25024.009 
39018.509 
28026.511 
26024.005 
15017.504 
13024.501 
26018.509 
20022.001 
13016.508 
24019.005 
13016.509 
17029.008 
39028.505 
23024.505 
31018.002 
24018.001 
32019.008 
16016.510 
39022.507 
23016.511 
22022.508 
17027.507 
21022.505 
31020.506 
15026.003 
31017.502 
17026.508 
23027.511 
22017.502 
24019.008 
25022.502 
28028.501 
17018.506 
25023.001 
22026.004 
23020.007 
15025.506 
19021.008 
20027.511 
26019.508 
26018.504 
33017.510 
31024.003 
33022.002 
14029.505 
16026.006 
32017.509 
16029.507 
25021.007 
16015.511 
28017.010 
31018.507 
20023.006 
28021.510 
17016.006 
16017.008 
14015.003 
21024.009 
18016.009 
25020.509 
24017.010 
24026.011 
14021.010 
32020.503 
18022.001 
15017.011 
13018.001 
26022.510 
13017.510 
23020.006 
15018.507 
33016.503 
24025.001 
22017.008 
14029.011 
26025.509 
18017.004 
26026.502 
31028.502 
39022.005 
22027.508 
18019.511 
16017.503 
33016.508 
25025.505 
32025.509 
17019.002 
14029.507 
20024.509 
18025.503 
14018.004 
39026.503 
32024.006 
15027.511 
25026.508 
21028.510 
13022.503 
16019.009 
22015.001 
24023.006 
26025.502 
16021.509 
31029.511 
19021.507 
22027.004 
14019.001 
25015.502 
13016.507 
25022.011 
23029.005 
22028.510 
37029.511 
19019.505 
17024.008 
23028.508 
18022.005 
33026.004 
37028.002 
39021.510 
24022.509 
21023.502 
18026.002 
37020.003 
28015.006 
37025.510 
39016.010 
25025.507 
33020.005 
32021.511 
16019.501 
28027.507 
26026.011 
21024.007 
23025.005 
31024.006 
21027.003 
31026.503 
18028.508 
31020.006 
25021.009 
37025.001 
28029.504 
13027.007 
26027.505 
32024.001 
14025.008 
19017.010 
22021.502 
23015.503 
20022.506 
28016.009 
14025.005 
26018.011 
39029.506 
16025.503 
31020.005 
39019.507 
33019.003 
39020.511 
20021.504 
25029.003 
25023.002 
20028.507 
14018.006 
25029.007 
39025.501 
28025.510 
37023.009 
28023.511 
28028.010 
17021.007 
21027.002 
32022.507 
25027.009 
26024.007 
16026.011 
19015.010 
13017.004 
25016.011 
18028.008 
15023.003 
18023.009 
33029.509 
24025.505 
15015.003 
26022.501 
23028.003 
19020.509 
21023.011 
39018.003 
26023.007 
17023.008 
26017.003 
13022.501 
33021.505 
26021.004 
39020.509 
13022.006 
13029.511 
13019.501 
26021.010 
17026.506 
13018.501 
25026.503 
31023.501 
15020.007 
14024.009 
14021.006 
20016.007 
26029.005 
39028.003 
18016.505 
25023.510 
32025.007 
15021.501 
20020.003 
21024.506 
20029.006 
15027.501 
28017.510 
24018.510 
21015.003 
18021.003 
31015.009 
21020.509 
37029.507 
14026.008 
31029.505 
22015.511 
37024.004 
32019.510 
18017.507 
39021.004 
16029.010 
20028.005 
39015.008 
20024.504 
31023.008 
22018.508 
25028.505 
16021.004 
33027.011 
25022.508 
28020.009 
24028.501 
21028.501 
19026.510 
32027.002 
28026.011 
15015.008 
32019.511 
33023.503 
25024.011 
13015.507 
21023.009 
17025.501 
15017.510 
15015.503 
22025.011 
16021.007 
17015.509 
28021.005 
23022.511 
26017.004 
17029.503 
37022.510 
26028.011 
37016.009 
13021.005 
22028.003 
24029.510 
31027.507 
18028.509 
28027.504 
37015.002 
13026.503 
21022.506 
37023.010 
23027.005 
32018.008 
33015.506 
28025.507 
18015.504 
25017.506 
31015.501 
14026.003 
33026.008 
31019.006 
31016.503 
23028.505 
25023.511 
39021.009 
32026.507 
32023.504 
24020.004 
18022.502 
13025.504 
16027.501 
14019.501 
39022.002 
33024.002 
16024.511 
31022.004 
17015.510 
31027.007 
20020.507 
26028.010 
32024.504 
17018.501 
18018.504 
31029.007 
23022.501 
31017.505 
28029.006 
25016.003 
28017.003 
28029.003 
19015.005 
19019.004 
13016.005 
32023.503 
18029.006 
15015.009 
18025.005 
33026.510 
24022.510 
31015.011 
13026.010 
23027.002 
31026.010 
14018.506 
20020.501 
32025.010 
19028.510 
16027.001 
17018.001 
31016.505 
16023.505 
25029.011 
28018.007 
18028.006 
28015.504 
18021.508 
37021.001 
13027.501 
23028.507 
24027.502 
18021.510 
22016.505 
17018.509 
32019.006 
13027.503 
15020.011 
22023.004 
23019.501 
39016.503 
33023.011 
15029.003 
33024.508 
32018.509 
18020.011 
21016.505 
24016.006 
25020.501 
16020.005 
39016.511 
19020.005 
37023.503 
20020.002 
13028.004 
21022.003 
37016.502 
39019.505 
18016.007 
17029.006 
33023.502 
22016.011 
33025.506 
28015.005 
17026.003 
14015.007 
14020.011 
20028.505 
16026.007 
33015.005 
24028.503 
23016.503 
19025.009 
16029.501 
28028.011 
33028.011 
37023.006 
15029.007 
13018.009 
26027.008 
17016.501 
26021.510 
15018.003 
33018.011 
21019.511 
22024.006 
31027.511 
21025.503 
37025.501 
23016.007 
13028.003 
32028.503 
24015.008 
26022.508 
33023.510 
32022.009 
23015.006 
26024.507 
33029.508 
14024.005 
31025.505 
21029.009 
37020.008 
26028.005 
21017.501 
26018.008 
14022.505 
18029.011 
39020.001 
25019.503 
32016.502 
25023.003 
16015.501 
14015.508 
33018.510 
33020.506 
16019.508 
31016.502 
26018.503 
33023.010 
21016.008 
21023.004 
20015.505 
17018.002 
33018.001 
20019.511 
18021.506 
14019.006 
31026.001 
24026.507 
33026.503 
39017.509 
25027.005 
20029.009 
20028.506 
20023.002 
13021.510 
21018.005 
16028.004 
26015.009 
39029.009 
26029.003 
28022.006 
23024.009 
24023.008 
31021.006 
28020.002 
25016.006 
18028.009 
15027.008 
22017.511 
22022.010 
18026.510 
24024.509 
19017.506 
31024.001 
16020.508 
17020.001 
20023.008 
13016.505 
37027.004 
21025.009 
28028.502 
39025.511 
19024.505 
19024.501 
39015.507 
14023.511 
19023.006 
24025.004 
23020.010 
26025.005 
23026.002 
19016.506 
31025.504 
26017.007 
