380065501
380065502
380065503
380065504
380065505
380065506
380065507
380065508
380065509
380065510
380065511
380068001
380068002
380068003
380068004
380068005
380068006
380068007
380068008
380068009
380068010
380068011
380070501
380070502
380070503
380070504
380070505
380070506
380070507
380070508
380070509
380070510
380070511
380073001
380073002
380073003
380073004
380073005
380073006
380073007
380073008
380073009
380073010
380073011
380075501
380075502
380075503
380075504
380075505
380075506
380075507
380075508
380075509
380075510
380075511
380078001
380078002
380078003
380078004
380078005
380078006
380078007
380078008
380078009
380078010
380078011
380080501
380080502
380080503
380080504
380080505
380080506
380080507
380080508
380080509
380080510
380080511
380083001
380083002
380083003
380083004
380083005
380083006
380083007
380083008
380083009
380083010
380083011
380085501
380085502
380085503
380085504
380085505
380085506
380085507
380085508
380085509
380085510
380085511
380088001
380088002
380088003
380088004
380088005
380088006
380088007
380088008
380088009
380088010
380088011
380090501
380090502
380090503
380090504
380090505
380090506
380090507
380090508
380090509
380090510
380090511
380093001
380093002
380093003
380093004
380093005
380093006
380093007
380093008
380093009
380093010
380093011
380095501
380095502
380095503
380095504
380095505
380095506
380095507
380095508
380095509
380095510
380095511
380098001
380098002
380098003
380098004
380098005
380098006
380098007
380098008
380098009
380098010
380098011
380100501
380100502
380100503
380100504
380100505
380100506
380100507
380100508
380100509
380100510
380100511
380103001
380103002
380103003
380103004
380103005
380103006
380103007
380103008
380103009
380103010
380103011
380105501
380105502
380105503
380105504
380105505
380105506
380105507
380105508
380105509
380105510
380105511
380108001
380108002
380108003
380108004
380108005
380108006
380108007
380108008
380108009
380108010
380108011
380110501
380110502
380110503
380110504
380110505
380110506
380110507
380110508
380110509
380110510
380110511
380113001
380113002
380113003
380113004
380113005
380113006
380113007
380113008
380113009
380113010
380113011
380115501
380115502
380115503
380115504
380115505
380115506
380115507
380115508
380115509
380115510
380115511
380118001
380118002
380118003
380118004
380118005
380118006
380118007
380118008
380118009
380118010
380118011
380135501
380135502
380135503
380135504
380135505
380135506
380135507
380135508
380135509
380135510
380135511
380138001
380138002
380138003
380138004
380138005
380138006
380138007
380138008
380138009
380138010
380138011
380140501
380140502
380140503
380140504
380140505
380140506
380140507
380140508
380140509
380140510
380140511
380143001
380143002
380143003
380143004
380143005
380143006
380143007
380143008
380143009
380143010
380143011
380145501
380145502
380145503
380145504
380145505
380145506
380145507
380145508
380145509
380145510
380145511
380148001
380148002
380148003
380148004
380148005
380148006
380148007
380148008
380148009
380148010
380148011
380150501
380150502
380150503
380150504
380150505
380150506
380150507
380150508
380150509
380150510
380150511
380153001
380153002
380153003
380153004
380153005
380153006
380153007
380153008
380153009
380153010
380153011
390088001
390088002
390088003
390088004
390088005
390088006
390088007
390088008
390088009
390088010
390088011
390090501
390090502
390090503
390090504
390090505
390090506
390090507
390090508
390090509
390090510
390090511
390093001
390093002
390093003
390093004
390093005
390093006
390093007
390093008
390093009
390093010
390093011
390095501
390095502
390095503
390095504
390095505
390095506
390095507
390095508
390095509
390095510
390095511
390098001
390098002
390098003
390098004
390098005
390098006
390098007
390098008
390098009
390098010
390098011
390100501
390100502
390100503
390100504
390100505
390100506
390100507
390100508
390100509
390100510
390100511
390103001
390103002
390103003
390103004
390103005
390103006
390103007
390103008
390103009
390103010
390103011
390105501
390105502
390105503
390105504
390105505
390105506
390105507
390105508
390105509
390105510
390105511
390108001
390108002
390108003
390108004
390108005
390108006
390108007
390108008
390108009
390108010
390108011
390110501
390110502
390110503
390110504
390110505
390110506
390110507
390110508
390110509
390110510
390110511
390113001
390113002
390113003
390113004
390113005
390113006
390113007
390113008
390113009
390113010
390113011
390115501
390115502
390115503
390115504
390115505
390115506
390115507
390115508
390115509
390115510
390115511
390118001
390118002
390118003
390118004
390118005
390118006
390118007
390118008
390118009
390118010
390118011
390120501
390120502
390120503
390120504
390120505
390120506
390120507
390120508
390120509
390120510
390120511
390123001
390123002
390123003
390123004
390123005
390123006
390123007
390123008
390123009
390123010
390123011
390125501
390125502
390125503
390125504
390125505
390125506
390125507
390125508
390125509
390125510
390125511
390128001
390128002
390128003
390128004
390128005
390128006
390128007
390128008
390128009
390128010
390128011
390130501
390130502
390130503
390130504
390130505
390130506
390130507
390130508
390130509
390130510
390130511
390133001
390133002
390133003
390133004
390133005
390133006
390133007
390133008
390133009
390133010
390133011
390135501
390135502
390135503
390135504
390135505
390135506
390135507
390135508
390135509
390135510
390135511
390138001
390138002
390138003
390138004
390138005
390138006
390138007
390138008
390138009
390138010
390138011
390140501
390140502
390140503
390140504
390140505
390140506
390140507
390140508
390140509
390140510
390140511
390143001
390143002
390143003
390143004
390143005
390143006
390143007
390143008
390143009
390143010
390143011
400075501
400075502
400075503
400075504
400075505
400075506
400075507
400075508
400075509
400075510
400075511
400078001
400078002
400078003
400078004
400078005
400078006
400078007
400078008
400078009
400078010
400078011
400080501
400080502
400080503
400080504
400080505
400080506
400080507
400080508
400080509
400080510
400080511
400083001
400083002
400083003
400083004
400083005
400083006
400083007
400083008
400083009
400083010
400083011
400085501
400085502
400085503
400085504
400085505
400085506
400085507
400085508
400085509
400085510
400085511
400088001
400088002
400088003
400088004
400088005
400088006
400088007
400088008
400088009
400088010
400088011
400090501
400090502
400090503
400090504
400090505
400090506
400090507
400090508
400090509
400090510
400090511
400093001
400093002
400093003
400093004
400093005
400093006
400093007
400093008
400093009
400093010
400093011
400095501
400095502
400095503
400095504
400095505
400095506
400095507
400095508
400095509
400095510
400095511
400098001
400098002
400098003
400098004
400098005
400098006
400098007
400098008
400098009
400098010
400098011
400100501
400100502
400100503
400100504
400100505
400100506
400100507
400100508
400100509
400100510
400100511
400103001
400103002
400103003
400103004
400103005
400103006
400103007
400103008
400103009
400103010
400103011
400105501
400105502
400105503
400105504
400105505
400105506
400105507
400105508
400105509
400105510
400105511
400108001
400108002
400108003
400108004
400108005
400108006
400108007
400108008
400108009
400108010
400108011
400110501
400110502
400110503
400110504
400110505
400110506
400110507
400110508
400110509
400110510
400110511
400113001
400113002
400113003
400113004
400113005
400113006
400113007
400113008
400113009
400113010
400113011
400115501
400115502
400115503
400115504
400115505
400115506
400115507
400115508
400115509
400115510
400115511
400118001
400118002
400118003
400118004
400118005
400118006
400118007
400118008
400118009
400118010
400118011
400120501
400120502
400120503
400120504
400120505
400120506
400120507
400120508
400120509
400120510
400120511
400123001
400123002
400123003
400123004
400123005
400123006
400123007
400123008
400123009
400123010
400123011
400125501
400125502
400125503
400125504
400125505
400125506
400125507
400125508
400125509
400125510
400125511
400128001
400128002
400128003
400128004
400128005
400128006
400128007
400128008
400128009
400128010
400128011
400130501
400130502
400130503
400130504
400130505
400130506
400130507
400130508
400130509
400130510
400130511
400133001
400133002
400133003
400133004
400133005
400133006
400133007
400133008
400133009
400133010
400133011
400135501
400135502
400135503
400135504
400135505
400135506
400135507
400135508
400135509
400135510
400135511
400138001
400138002
400138003
400138004
400138005
400138006
400138007
400138008
400138009
400138010
400138011
400140501
400140502
400140503
400140504
400140505
400140506
400140507
400140508
400140509
400140510
400140511
400143001
400143002
400143003
400143004
400143005
400143006
400143007
400143008
400143009
400143010
400143011
400145501
400145502
400145503
400145504
400145505
400145506
400145507
400145508
400145509
400145510
400145511
400148001
400148002
400148003
400148004
400148005
400148006
400148007
400148008
400148009
400148010
400148011
400150501
400150502
400150503
400150504
400150505
400150506
400150507
400150508
400150509
400150510
400150511
400153001
400153002
400153003
400153004
400153005
400153006
400153007
400153008
400153009
400153010
400153011
400155501
400155502
400155503
400155504
400155505
400155506
400155507
400155508
400155509
400155510
400155511
400158001
400158002
400158003
400158004
400158005
400158006
400158007
400158008
400158009
400158010
400158011
400160501
400160502
400160503
400160504
400160505
400160506
400160507
400160508
400160509
400160510
400160511
400163001
400163002
400163003
400163004
400163005
400163006
400163007
400163008
400163009
400163010
400163011
400165501
400165502
400165503
400165504
400165505
400165506
400165507
400165508
400165509
400165510
400165511
400168001
400168002
400168003
400168004
400168005
400168006
400168007
400168008
400168009
400168010
400168011
400170501
400170502
400170503
400170504
400170505
400170506
400170507
400170508
400170509
400170510
400170511
400173001
400173002
400173003
400173004
400173005
400173006
400173007
400173008
400173009
400173010
400173011
410085501
410085502
410085503
410085504
410085505
410085506
410085507
410085508
410085509
410085510
410085511
410088001
410088002
410088003
410088004
410088005
410088006
410088007
410088008
410088009
410088010
410088011
410090501
410090502
410090503
410090504
410090505
410090506
410090507
410090508
410090509
410090510
410090511
410093001
410093002
410093003
410093004
410093005
410093006
410093007
410093008
410093009
410093010
410093011
410095501
410095502
410095503
410095504
410095505
410095506
410095507
410095508
410095509
410095510
410095511
