010030001
010030002
010030003
010030004
010030005
010030006
010030007
010030008
010030009
010030010
010030011
010031001
010031002
010031003
010031004
010031005
010031006
010031007
010031008
010031009
010031010
010031011
010032001
010032002
010032003
010032004
010032005
010032006
010032007
010032008
010032009
010032010
010032011
010033001
010033002
010033003
010033004
010033005
010033006
010033007
010033008
010033009
010033010
010033011
010034001
010034002
010034003
010034004
010034005
010034006
010034007
010034008
010034009
010034010
010034011
010035001
010035002
010035003
010035004
010035005
010035006
010035007
010035008
010035009
010035010
010035011
010036001
010036002
010036003
010036004
010036005
010036006
010036007
010036008
010036009
010036010
010036011
010037001
010037002
010037003
010037004
010037005
010037006
010037007
010037008
010037009
010037010
010037011
010038001
010038002
010038003
010038004
010038005
010038006
010038007
010038008
010038009
010038010
010038011
010039001
010039002
010039003
010039004
010039005
010039006
010039007
010039008
010039009
010039010
010039011
010040001
010040002
010040003
010040004
010040005
010040006
010040007
010040008
010040009
010040010
010040011
010041001
010041002
010041003
010041004
010041005
010041006
010041007
010041008
010041009
010041010
010041011
010042001
010042002
010042003
010042004
010042005
010042006
010042007
010042008
010042009
010042010
010042011
010043001
010043002
010043003
010043004
010043005
010043006
010043007
010043008
010043009
010043010
010043011
010044001
010044002
010044003
010044004
010044005
010044006
010044007
010044008
010044009
010044010
010044011
010045001
010045002
010045003
010045004
010045005
010045006
010045007
010045008
010045009
010045010
010045011
010046001
010046002
010046003
010046004
010046005
010046006
010046007
010046008
010046009
010046010
010046011
010047001
010047002
010047003
010047004
010047005
010047006
010047007
010047008
010047009
010047010
010047011
010048001
010048002
010048003
010048004
010048005
010048006
010048007
010048008
010048009
010048010
010048011
010049001
010049002
010049003
010049004
010049005
010049006
010049007
010049008
010049009
010049010
010049011
010050001
010050002
010050003
010050004
010050005
010050006
010050007
010050008
010050009
010050010
010050011
010051001
010051002
010051003
010051004
010051005
010051006
010051007
010051008
010051009
010051010
010051011
