02030.001
02030.002
02030.003
02030.004
02030.005
02030.006
02030.007
02030.008
02030.009
02030.010
02030.011
02031.001
02031.002
02031.003
02031.004
02031.005
02031.006
02031.007
02031.008
02031.009
02031.010
02031.011
02032.001
02032.002
02032.003
02032.004
02032.005
02032.006
02032.007
02032.008
02032.009
02032.010
02032.011
02033.001
02033.002
02033.003
02033.004
02033.005
02033.006
02033.007
02033.008
02033.009
02033.010
02033.011
02034.001
02034.002
02034.003
02034.004
02034.005
02034.006
02034.007
02034.008
02034.009
02034.010
02034.011
02035.001
02035.002
02035.003
02035.004
02035.005
02035.006
02035.007
02035.008
02035.009
02035.010
02035.011
02036.001
02036.002
02036.003
02036.004
02036.005
02036.006
02036.007
02036.008
02036.009
02036.010
02036.011
02037.001
02037.002
02037.003
02037.004
02037.005
02037.006
02037.007
02037.008
02037.009
02037.010
02037.011
02038.001
02038.002
02038.003
02038.004
02038.005
02038.006
02038.007
02038.008
02038.009
02038.010
02038.011
02039.001
02039.002
02039.003
02039.004
02039.005
02039.006
02039.007
02039.008
02039.009
02039.010
02039.011
02040.001
02040.002
02040.003
02040.004
02040.005
02040.006
02040.007
02040.008
02040.009
02040.010
02040.011
02041.001
02041.002
02041.003
02041.004
02041.005
02041.006
02041.007
02041.008
02041.009
02041.010
02041.011
02042.001
02042.002
02042.003
02042.004
02042.005
02042.006
02042.007
02042.008
02042.009
02042.010
02042.011
02043.001
02043.002
02043.003
02043.004
02043.005
02043.006
02043.007
02043.008
02043.009
02043.010
02043.011
02044.001
02044.002
02044.003
02044.004
02044.005
02044.006
02044.007
02044.008
02044.009
02044.010
02044.011
02045.001
02045.002
02045.003
02045.004
02045.005
02045.006
02045.007
02045.008
02045.009
02045.010
02045.011
02046.001
02046.002
02046.003
02046.004
02046.005
02046.006
02046.007
02046.008
02046.009
02046.010
02046.011
02047.001
02047.002
02047.003
02047.004
02047.005
02047.006
02047.007
02047.008
02047.009
02047.010
02047.011
02048.001
02048.002
02048.003
02048.004
02048.005
02048.006
02048.007
02048.008
02048.009
02048.010
02048.011
02049.001
02049.002
02049.003
02049.004
02049.005
02049.006
02049.007
02049.008
02049.009
02049.010
02049.011
03030.001
03030.002
03030.003
03030.004
03030.005
03030.006
03030.007
03030.008
03030.009
03030.010
03030.011
03031.001
03031.002
03031.003
03031.004
03031.005
03031.006
03031.007
03031.008
03031.009
03031.010
03031.011
03032.001
03032.002
03032.003
03032.004
03032.005
03032.006
03032.007
03032.008
03032.009
03032.010
03032.011
03033.001
03033.002
03033.003
03033.004
03033.005
03033.006
03033.007
03033.008
03033.009
03033.010
03033.011
03034.001
03034.002
03034.003
03034.004
03034.005
03034.006
03034.007
03034.008
03034.009
03034.010
03034.011
03035.001
03035.002
03035.003
03035.004
03035.005
03035.006
03035.007
03035.008
03035.009
03035.010
03035.011
03036.001
03036.002
03036.003
03036.004
03036.005
03036.006
03036.007
03036.008
03036.009
03036.010
03036.011
03037.001
03037.002
03037.003
03037.004
03037.005
03037.006
03037.007
03037.008
03037.009
03037.010
03037.011
03038.001
03038.002
03038.003
03038.004
03038.005
03038.006
03038.007
03038.008
03038.009
03038.010
03038.011
03039.001
03039.002
03039.003
03039.004
03039.005
03039.006
03039.007
03039.008
03039.009
03039.010
03039.011
03040.001
03040.002
03040.003
03040.004
03040.005
03040.006
03040.007
03040.008
03040.009
03040.010
03040.011
03041.001
03041.002
03041.003
03041.004
03041.005
03041.006
03041.007
03041.008
03041.009
03041.010
03041.011
03042.001
03042.002
03042.003
03042.004
03042.005
03042.006
03042.007
03042.008
03042.009
03042.010
03042.011
03043.001
03043.002
03043.003
03043.004
03043.005
03043.006
03043.007
03043.008
03043.009
03043.010
03043.011
03044.001
03044.002
03044.003
03044.004
03044.005
03044.006
03044.007
03044.008
03044.009
03044.010
03044.011
03045.001
03045.002
03045.003
03045.004
03045.005
03045.006
03045.007
03045.008
03045.009
03045.010
03045.011
03046.001
03046.002
03046.003
03046.004
03046.005
03046.006
03046.007
03046.008
03046.009
03046.010
03046.011
03047.001
03047.002
03047.003
03047.004
03047.005
03047.006
03047.007
03047.008
03047.009
03047.010
03047.011
03048.001
03048.002
03048.003
03048.004
03048.005
03048.006
03048.007
03048.008
03048.009
03048.010
03048.011
03049.001
03049.002
03049.003
03049.004
03049.005
03049.006
03049.007
03049.008
03049.009
03049.010
03049.011
04030.001
04030.002
04030.003
04030.004
04030.005
04030.006
04030.007
04030.008
04030.009
04030.010
04030.011
04031.001
04031.002
04031.003
04031.004
04031.005
04031.006
04031.007
04031.008
04031.009
04031.010
04031.011
04032.001
04032.002
04032.003
04032.004
04032.005
04032.006
04032.007
04032.008
04032.009
04032.010
04032.011
04033.001
04033.002
04033.003
04033.004
04033.005
04033.006
04033.007
04033.008
04033.009
04033.010
04033.011
04034.001
04034.002
04034.003
04034.004
04034.005
04034.006
04034.007
04034.008
04034.009
04034.010
04034.011
04035.001
04035.002
04035.003
04035.004
04035.005
04035.006
04035.007
04035.008
04035.009
04035.010
04035.011
04036.001
04036.002
04036.003
04036.004
04036.005
04036.006
04036.007
04036.008
04036.009
04036.010
04036.011
04037.001
04037.002
04037.003
04037.004
04037.005
04037.006
04037.007
04037.008
04037.009
04037.010
04037.011
04038.001
04038.002
04038.003
04038.004
04038.005
04038.006
04038.007
04038.008
04038.009
04038.010
04038.011
04039.001
04039.002
04039.003
04039.004
04039.005
04039.006
04039.007
04039.008
04039.009
04039.010
04039.011
04040.001
04040.002
04040.003
04040.004
04040.005
04040.006
04040.007
04040.008
04040.009
04040.010
04040.011
04041.001
04041.002
04041.003
04041.004
04041.005
04041.006
04041.007
04041.008
04041.009
04041.010
04041.011
04042.001
04042.002
04042.003
04042.004
04042.005
04042.006
04042.007
04042.008
04042.009
04042.010
04042.011
04043.001
04043.002
04043.003
04043.004
04043.005
04043.006
04043.007
04043.008
04043.009
04043.010
04043.011
04044.001
04044.002
04044.003
04044.004
04044.005
04044.006
04044.007
04044.008
04044.009
04044.010
04044.011
04045.001
04045.002
04045.003
04045.004
04045.005
04045.006
04045.007
04045.008
04045.009
04045.010
04045.011
04046.001
04046.002
04046.003
04046.004
04046.005
04046.006
04046.007
04046.008
04046.009
04046.010
04046.011
04047.001
04047.002
04047.003
04047.004
04047.005
04047.006
04047.007
04047.008
04047.009
04047.010
04047.011
04048.001
04048.002
04048.003
04048.004
04048.005
04048.006
04048.007
04048.008
04048.009
04048.010
04048.011
04049.001
04049.002
04049.003
04049.004
04049.005
04049.006
04049.007
04049.008
04049.009
04049.010
04049.011
05030.001
05030.002
05030.003
05030.004
05030.005
05030.006
05030.007
05030.008
05030.009
05030.010
05030.011
05031.001
05031.002
05031.003
05031.004
05031.005
05031.006
05031.007
05031.008
05031.009
05031.010
05031.011
05032.001
05032.002
05032.003
05032.004
05032.005
05032.006
05032.007
05032.008
05032.009
05032.010
05032.011
05033.001
05033.002
05033.003
05033.004
05033.005
05033.006
05033.007
05033.008
05033.009
05033.010
05033.011
05034.001
05034.002
05034.003
05034.004
05034.005
05034.006
05034.007
05034.008
05034.009
05034.010
05034.011
05035.001
05035.002
05035.003
05035.004
05035.005
05035.006
05035.007
05035.008
05035.009
05035.010
05035.011
05036.001
05036.002
05036.003
05036.004
05036.005
05036.006
05036.007
05036.008
05036.009
05036.010
05036.011
05037.001
05037.002
05037.003
05037.004
05037.005
05037.006
05037.007
05037.008
05037.009
05037.010
05037.011
05038.001
05038.002
05038.003
05038.004
05038.005
05038.006
05038.007
05038.008
05038.009
05038.010
05038.011
05039.001
05039.002
05039.003
05039.004
05039.005
05039.006
05039.007
05039.008
05039.009
05039.010
05039.011
05040.001
05040.002
05040.003
05040.004
05040.005
05040.006
05040.007
05040.008
05040.009
05040.010
05040.011
05041.001
05041.002
05041.003
05041.004
05041.005
05041.006
05041.007
05041.008
05041.009
05041.010
05041.011
05042.001
05042.002
05042.003
05042.004
05042.005
05042.006
05042.007
05042.008
05042.009
05042.010
05042.011
05043.001
05043.002
05043.003
05043.004
05043.005
05043.006
05043.007
05043.008
05043.009
05043.010
05043.011
05044.001
05044.002
05044.003
05044.004
05044.005
05044.006
05044.007
05044.008
05044.009
05044.010
05044.011
05045.001
05045.002
05045.003
05045.004
05045.005
05045.006
05045.007
05045.008
05045.009
05045.010
05045.011
05046.001
05046.002
05046.003
05046.004
05046.005
05046.006
05046.007
05046.008
05046.009
05046.010
05046.011
05047.001
05047.002
05047.003
05047.004
05047.005
05047.006
05047.007
05047.008
05047.009
05047.010
05047.011
05048.001
05048.002
05048.003
05048.004
05048.005
05048.006
05048.007
05048.008
05048.009
05048.010
05048.011
05049.001
05049.002
05049.003
05049.004
05049.005
05049.006
05049.007
05049.008
05049.009
05049.010
05049.011
06030.001
06030.002
06030.003
06030.004
06030.005
06030.006
06030.007
06030.008
06030.009
06030.010
06030.011
06031.001
06031.002
06031.003
06031.004
06031.005
06031.006
06031.007
06031.008
06031.009
06031.010
06031.011
06032.001
06032.002
06032.003
06032.004
06032.005
06032.006
06032.007
06032.008
06032.009
06032.010
06032.011
06033.001
06033.002
06033.003
06033.004
06033.005
06033.006
06033.007
06033.008
06033.009
06033.010
06033.011
06034.001
06034.002
06034.003
06034.004
06034.005
06034.006
06034.007
06034.008
06034.009
06034.010
06034.011
06035.001
06035.002
06035.003
06035.004
06035.005
06035.006
06035.007
06035.008
06035.009
06035.010
06035.011
06036.001
06036.002
06036.003
06036.004
06036.005
06036.006
06036.007
06036.008
06036.009
06036.010
06036.011
06037.001
06037.002
06037.003
06037.004
06037.005
06037.006
06037.007
06037.008
06037.009
06037.010
06037.011
06038.001
06038.002
06038.003
06038.004
06038.005
06038.006
06038.007
06038.008
06038.009
06038.010
06038.011
06039.001
06039.002
06039.003
06039.004
06039.005
06039.006
06039.007
06039.008
06039.009
06039.010
06039.011
06040.001
06040.002
06040.003
06040.004
06040.005
06040.006
06040.007
06040.008
06040.009
06040.010
06040.011
06041.001
06041.002
06041.003
06041.004
06041.005
06041.006
06041.007
06041.008
06041.009
06041.010
06041.011
06042.001
06042.002
06042.003
06042.004
06042.005
06042.006
06042.007
06042.008
06042.009
06042.010
06042.011
06043.001
06043.002
06043.003
06043.004
06043.005
06043.006
06043.007
06043.008
06043.009
06043.010
06043.011
06044.001
06044.002
06044.003
06044.004
06044.005
06044.006
06044.007
06044.008
06044.009
06044.010
06044.011
06045.001
06045.002
06045.003
06045.004
06045.005
06045.006
06045.007
06045.008
06045.009
06045.010
06045.011
06046.001
06046.002
06046.003
06046.004
06046.005
06046.006
06046.007
06046.008
06046.009
06046.010
06046.011
06047.001
06047.002
06047.003
06047.004
06047.005
06047.006
06047.007
06047.008
06047.009
06047.010
06047.011
06048.001
06048.002
06048.003
06048.004
06048.005
06048.006
06048.007
06048.008
06048.009
06048.010
06048.011
06049.001
06049.002
06049.003
06049.004
06049.005
06049.006
06049.007
06049.008
06049.009
06049.010
06049.011
07030.001
07030.002
07030.003
07030.004
07030.005
07030.006
07030.007
07030.008
07030.009
07030.010
07030.011
07031.001
07031.002
07031.003
07031.004
07031.005
07031.006
07031.007
07031.008
07031.009
07031.010
07031.011
07032.001
07032.002
07032.003
07032.004
07032.005
07032.006
07032.007
07032.008
07032.009
07032.010
07032.011
07033.001
07033.002
07033.003
07033.004
07033.005
07033.006
07033.007
07033.008
07033.009
07033.010
07033.011
07034.001
07034.002
07034.003
07034.004
07034.005
07034.006
07034.007
07034.008
07034.009
07034.010
07034.011
07035.001
07035.002
07035.003
07035.004
07035.005
07035.006
07035.007
07035.008
07035.009
07035.010
07035.011
07036.001
07036.002
07036.003
07036.004
07036.005
07036.006
07036.007
07036.008
07036.009
07036.010
07036.011
07037.001
07037.002
07037.003
07037.004
07037.005
07037.006
07037.007
07037.008
07037.009
07037.010
07037.011
07038.001
07038.002
07038.003
07038.004
07038.005
07038.006
07038.007
07038.008
07038.009
07038.010
07038.011
07039.001
07039.002
07039.003
07039.004
07039.005
07039.006
07039.007
07039.008
07039.009
07039.010
07039.011
07040.001
07040.002
07040.003
07040.004
07040.005
07040.006
07040.007
07040.008
07040.009
07040.010
07040.011
07041.001
07041.002
07041.003
07041.004
07041.005
07041.006
07041.007
07041.008
07041.009
07041.010
07041.011
07042.001
07042.002
07042.003
07042.004
07042.005
07042.006
07042.007
07042.008
07042.009
07042.010
07042.011
07043.001
07043.002
07043.003
07043.004
07043.005
07043.006
07043.007
07043.008
07043.009
07043.010
07043.011
07044.001
07044.002
07044.003
07044.004
07044.005
07044.006
07044.007
07044.008
07044.009
07044.010
07044.011
07045.001
07045.002
07045.003
07045.004
07045.005
07045.006
07045.007
07045.008
07045.009
07045.010
07045.011
07046.001
07046.002
07046.003
07046.004
07046.005
07046.006
07046.007
07046.008
07046.009
07046.010
07046.011
07047.001
07047.002
07047.003
07047.004
07047.005
07047.006
07047.007
07047.008
07047.009
07047.010
07047.011
07048.001
07048.002
07048.003
07048.004
07048.005
07048.006
07048.007
07048.008
07048.009
07048.010
07048.011
07049.001
07049.002
07049.003
07049.004
07049.005
07049.006
07049.007
07049.008
07049.009
07049.010
07049.011
08030.001
08030.002
08030.003
08030.004
08030.005
08030.006
08030.007
08030.008
08030.009
08030.010
08030.011
08031.001
08031.002
08031.003
08031.004
08031.005
08031.006
08031.007
08031.008
08031.009
08031.010
08031.011
08032.001
08032.002
08032.003
08032.004
08032.005
08032.006
08032.007
08032.008
08032.009
08032.010
08032.011
08033.001
08033.002
08033.003
08033.004
08033.005
08033.006
08033.007
08033.008
08033.009
08033.010
08033.011
08034.001
08034.002
08034.003
08034.004
08034.005
08034.006
08034.007
08034.008
08034.009
08034.010
08034.011
08035.001
08035.002
08035.003
08035.004
08035.005
08035.006
08035.007
08035.008
08035.009
08035.010
08035.011
08036.001
08036.002
08036.003
08036.004
08036.005
08036.006
08036.007
08036.008
08036.009
08036.010
08036.011
08037.001
08037.002
08037.003
08037.004
08037.005
08037.006
08037.007
08037.008
08037.009
08037.010
08037.011
08038.001
08038.002
08038.003
08038.004
08038.005
08038.006
08038.007
08038.008
08038.009
08038.010
08038.011
08039.001
08039.002
08039.003
08039.004
08039.005
08039.006
08039.007
08039.008
08039.009
08039.010
08039.011
08040.001
08040.002
08040.003
08040.004
08040.005
08040.006
08040.007
08040.008
08040.009
08040.010
08040.011
08041.001
08041.002
08041.003
08041.004
08041.005
08041.006
08041.007
08041.008
08041.009
08041.010
08041.011
08042.001
08042.002
08042.003
08042.004
08042.005
08042.006
08042.007
08042.008
08042.009
08042.010
08042.011
08043.001
08043.002
08043.003
08043.004
08043.005
08043.006
08043.007
08043.008
08043.009
08043.010
08043.011
08044.001
08044.002
08044.003
08044.004
08044.005
08044.006
08044.007
08044.008
08044.009
08044.010
08044.011
08045.001
08045.002
08045.003
08045.004
08045.005
08045.006
08045.007
08045.008
08045.009
08045.010
08045.011
08046.001
08046.002
08046.003
08046.004
08046.005
08046.006
08046.007
08046.008
08046.009
08046.010
08046.011
08047.001
08047.002
08047.003
08047.004
08047.005
08047.006
08047.007
08047.008
08047.009
08047.010
08047.011
08048.001
08048.002
08048.003
08048.004
08048.005
08048.006
08048.007
08048.008
08048.009
08048.010
08048.011
08049.001
08049.002
08049.003
08049.004
08049.005
08049.006
08049.007
08049.008
08049.009
08049.010
08049.011
09030.001
09030.002
09030.003
09030.004
09030.005
09030.006
09030.007
09030.008
09030.009
09030.010
09030.011
09031.001
09031.002
09031.003
09031.004
09031.005
09031.006
09031.007
09031.008
09031.009
09031.010
09031.011
09032.001
09032.002
09032.003
09032.004
09032.005
09032.006
09032.007
09032.008
09032.009
09032.010
09032.011
09033.001
09033.002
09033.003
09033.004
09033.005
09033.006
09033.007
09033.008
09033.009
09033.010
09033.011
09034.001
09034.002
09034.003
09034.004
09034.005
09034.006
09034.007
09034.008
09034.009
09034.010
09034.011
09035.001
09035.002
09035.003
09035.004
09035.005
09035.006
09035.007
09035.008
09035.009
09035.010
09035.011
09036.001
09036.002
09036.003
09036.004
09036.005
09036.006
09036.007
09036.008
09036.009
09036.010
09036.011
09037.001
09037.002
09037.003
09037.004
09037.005
09037.006
09037.007
09037.008
09037.009
09037.010
09037.011
09038.001
09038.002
09038.003
09038.004
09038.005
09038.006
09038.007
09038.008
09038.009
09038.010
09038.011
09039.001
09039.002
09039.003
09039.004
09039.005
09039.006
09039.007
09039.008
09039.009
09039.010
09039.011
09040.001
09040.002
09040.003
09040.004
09040.005
09040.006
09040.007
09040.008
09040.009
09040.010
09040.011
09041.001
09041.002
09041.003
09041.004
09041.005
09041.006
09041.007
09041.008
09041.009
09041.010
09041.011
09042.001
09042.002
09042.003
09042.004
09042.005
09042.006
09042.007
09042.008
09042.009
09042.010
09042.011
09043.001
09043.002
09043.003
09043.004
09043.005
09043.006
09043.007
09043.008
09043.009
09043.010
09043.011
09044.001
09044.002
09044.003
09044.004
09044.005
09044.006
09044.007
09044.008
09044.009
09044.010
09044.011
09045.001
09045.002
09045.003
09045.004
09045.005
09045.006
09045.007
09045.008
09045.009
09045.010
09045.011
09046.001
09046.002
09046.003
09046.004
09046.005
09046.006
09046.007
09046.008
09046.009
09046.010
09046.011
09047.001
09047.002
09047.003
09047.004
09047.005
09047.006
09047.007
09047.008
09047.009
09047.010
09047.011
09048.001
09048.002
09048.003
09048.004
09048.005
09048.006
09048.007
09048.008
09048.009
09048.010
09048.011
09049.001
09049.002
09049.003
09049.004
09049.005
09049.006
09049.007
09049.008
09049.009
09049.010
09049.011
10030.001
10030.002
10030.003
10030.004
10030.005
10030.006
10030.007
10030.008
10030.009
10030.010
10030.011
10031.001
10031.002
10031.003
10031.004
10031.005
10031.006
10031.007
10031.008
10031.009
10031.010
10031.011
10032.001
10032.002
10032.003
10032.004
10032.005
10032.006
10032.007
10032.008
10032.009
10032.010
10032.011
10033.001
10033.002
10033.003
10033.004
10033.005
10033.006
10033.007
10033.008
10033.009
10033.010
10033.011
10034.001
10034.002
10034.003
10034.004
10034.005
10034.006
10034.007
10034.008
10034.009
10034.010
10034.011
10035.001
10035.002
10035.003
10035.004
10035.005
10035.006
10035.007
10035.008
10035.009
10035.010
10035.011
10036.001
10036.002
10036.003
10036.004
10036.005
10036.006
10036.007
10036.008
10036.009
10036.010
10036.011
10037.001
10037.002
10037.003
10037.004
10037.005
10037.006
10037.007
10037.008
10037.009
10037.010
10037.011
10038.001
10038.002
10038.003
10038.004
10038.005
10038.006
10038.007
10038.008
10038.009
10038.010
10038.011
10039.001
10039.002
10039.003
10039.004
10039.005
10039.006
10039.007
10039.008
10039.009
10039.010
10039.011
10040.001
10040.002
10040.003
10040.004
10040.005
10040.006
10040.007
10040.008
10040.009
10040.010
10040.011
10041.001
10041.002
10041.003
10041.004
10041.005
10041.006
10041.007
10041.008
10041.009
10041.010
10041.011
10042.001
10042.002
10042.003
10042.004
10042.005
10042.006
10042.007
10042.008
10042.009
10042.010
10042.011
10043.001
10043.002
10043.003
10043.004
10043.005
10043.006
10043.007
10043.008
10043.009
10043.010
10043.011
10044.001
10044.002
10044.003
10044.004
10044.005
10044.006
10044.007
10044.008
10044.009
10044.010
10044.011
10045.001
10045.002
10045.003
10045.004
10045.005
10045.006
10045.007
10045.008
10045.009
10045.010
10045.011
10046.001
10046.002
10046.003
10046.004
10046.005
10046.006
10046.007
10046.008
10046.009
10046.010
10046.011
10047.001
10047.002
10047.003
10047.004
10047.005
10047.006
10047.007
10047.008
10047.009
10047.010
10047.011
10048.001
10048.002
10048.003
10048.004
10048.005
10048.006
10048.007
10048.008
10048.009
10048.010
10048.011
10049.001
10049.002
10049.003
10049.004
10049.005
10049.006
10049.007
10049.008
10049.009
10049.010
10049.011
11030.001
11030.002
11030.003
11030.004
11030.005
11030.006
11030.007
11030.008
11030.009
11030.010
11030.011
11031.001
11031.002
11031.003
11031.004
11031.005
11031.006
11031.007
11031.008
11031.009
11031.010
11031.011
11032.001
11032.002
11032.003
11032.004
11032.005
11032.006
11032.007
11032.008
11032.009
11032.010
11032.011
11033.001
11033.002
11033.003
11033.004
11033.005
11033.006
11033.007
11033.008
11033.009
11033.010
11033.011
11034.001
11034.002
11034.003
11034.004
11034.005
11034.006
11034.007
11034.008
11034.009
11034.010
11034.011
11035.001
11035.002
11035.003
11035.004
11035.005
11035.006
11035.007
11035.008
11035.009
11035.010
11035.011
11036.001
11036.002
11036.003
11036.004
11036.005
11036.006
11036.007
11036.008
11036.009
11036.010
11036.011
11037.001
11037.002
11037.003
11037.004
11037.005
11037.006
11037.007
11037.008
11037.009
11037.010
11037.011
11038.001
11038.002
11038.003
11038.004
11038.005
11038.006
11038.007
11038.008
11038.009
11038.010
11038.011
11039.001
11039.002
11039.003
11039.004
11039.005
11039.006
11039.007
11039.008
11039.009
11039.010
11039.011
11040.001
11040.002
11040.003
11040.004
11040.005
11040.006
11040.007
11040.008
11040.009
11040.010
11040.011
11041.001
11041.002
11041.003
11041.004
11041.005
11041.006
11041.007
11041.008
11041.009
11041.010
11041.011
11042.001
11042.002
11042.003
11042.004
11042.005
11042.006
11042.007
11042.008
11042.009
11042.010
11042.011
11043.001
11043.002
11043.003
11043.004
11043.005
11043.006
11043.007
11043.008
11043.009
11043.010
11043.011
11044.001
11044.002
11044.003
11044.004
11044.005
11044.006
11044.007
11044.008
11044.009
11044.010
11044.011
11045.001
11045.002
11045.003
11045.004
11045.005
11045.006
11045.007
11045.008
11045.009
11045.010
11045.011
11046.001
11046.002
11046.003
11046.004
11046.005
11046.006
11046.007
11046.008
11046.009
11046.010
11046.011
11047.001
11047.002
11047.003
11047.004
11047.005
11047.006
11047.007
11047.008
11047.009
11047.010
11047.011
11048.001
11048.002
11048.003
11048.004
11048.005
11048.006
11048.007
11048.008
11048.009
11048.010
11048.011
11049.001
11049.002
11049.003
11049.004
11049.005
11049.006
11049.007
11049.008
11049.009
11049.010
11049.011
12030.001
12030.002
12030.003
12030.004
12030.005
12030.006
12030.007
12030.008
12030.009
12030.010
12030.011
12031.001
12031.002
12031.003
12031.004
12031.005
12031.006
12031.007
12031.008
12031.009
12031.010
12031.011
12032.001
12032.002
12032.003
12032.004
12032.005
12032.006
12032.007
12032.008
12032.009
12032.010
12032.011
12033.001
12033.002
12033.003
12033.004
12033.005
12033.006
12033.007
12033.008
12033.009
12033.010
12033.011
12034.001
12034.002
12034.003
12034.004
12034.005
12034.006
12034.007
12034.008
12034.009
12034.010
12034.011
12035.001
12035.002
12035.003
12035.004
12035.005
12035.006
12035.007
12035.008
12035.009
12035.010
12035.011
12036.001
12036.002
12036.003
12036.004
12036.005
12036.006
12036.007
12036.008
12036.009
12036.010
12036.011
12037.001
12037.002
12037.003
12037.004
12037.005
12037.006
12037.007
12037.008
12037.009
12037.010
12037.011
12038.001
12038.002
12038.003
12038.004
12038.005
12038.006
12038.007
12038.008
12038.009
12038.010
12038.011
12039.001
12039.002
12039.003
12039.004
12039.005
12039.006
12039.007
12039.008
12039.009
12039.010
12039.011
12040.001
12040.002
12040.003
12040.004
12040.005
12040.006
12040.007
12040.008
12040.009
12040.010
12040.011
12041.001
12041.002
12041.003
12041.004
12041.005
12041.006
12041.007
12041.008
12041.009
12041.010
12041.011
12042.001
12042.002
12042.003
12042.004
12042.005
12042.006
12042.007
12042.008
12042.009
12042.010
12042.011
12043.001
12043.002
12043.003
12043.004
12043.005
12043.006
12043.007
12043.008
12043.009
12043.010
12043.011
12044.001
12044.002
12044.003
12044.004
12044.005
12044.006
12044.007
12044.008
12044.009
12044.010
12044.011
12045.001
12045.002
12045.003
12045.004
12045.005
12045.006
12045.007
12045.008
12045.009
12045.010
12045.011
12046.001
12046.002
12046.003
12046.004
12046.005
12046.006
12046.007
12046.008
12046.009
12046.010
12046.011
12047.001
12047.002
12047.003
12047.004
12047.005
12047.006
12047.007
12047.008
12047.009
12047.010
12047.011
12048.001
12048.002
12048.003
12048.004
12048.005
12048.006
12048.007
12048.008
12048.009
12048.010
12048.011
12049.001
12049.002
12049.003
12049.004
12049.005
12049.006
12049.007
12049.008
12049.009
12049.010
12049.011
13030.001
13030.002
13030.003
13030.004
13030.005
13030.006
13030.007
13030.008
13030.009
13030.010
13030.011
13031.001
13031.002
13031.003
13031.004
13031.005
13031.006
13031.007
13031.008
13031.009
13031.010
13031.011
13032.001
13032.002
13032.003
13032.004
13032.005
13032.006
13032.007
13032.008
13032.009
13032.010
13032.011
13033.001
13033.002
13033.003
13033.004
13033.005
13033.006
13033.007
13033.008
13033.009
13033.010
13033.011
13034.001
13034.002
13034.003
13034.004
13034.005
13034.006
13034.007
13034.008
13034.009
13034.010
13034.011
13035.001
13035.002
13035.003
13035.004
13035.005
13035.006
13035.007
13035.008
13035.009
13035.010
13035.011
13036.001
13036.002
13036.003
13036.004
13036.005
13036.006
13036.007
13036.008
13036.009
13036.010
13036.011
13037.001
13037.002
13037.003
13037.004
13037.005
13037.006
13037.007
13037.008
13037.009
13037.010
13037.011
13038.001
13038.002
13038.003
13038.004
13038.005
13038.006
13038.007
13038.008
13038.009
13038.010
13038.011
13039.001
13039.002
13039.003
13039.004
13039.005
13039.006
13039.007
13039.008
13039.009
13039.010
13039.011
13040.001
13040.002
13040.003
13040.004
13040.005
13040.006
13040.007
13040.008
13040.009
13040.010
13040.011
13041.001
13041.002
13041.003
13041.004
13041.005
13041.006
13041.007
13041.008
13041.009
13041.010
13041.011
13042.001
13042.002
13042.003
13042.004
13042.005
13042.006
13042.007
13042.008
13042.009
13042.010
13042.011
13043.001
13043.002
13043.003
13043.004
13043.005
13043.006
13043.007
13043.008
13043.009
13043.010
13043.011
13044.001
13044.002
13044.003
13044.004
13044.005
13044.006
13044.007
13044.008
13044.009
13044.010
13044.011
13045.001
13045.002
13045.003
13045.004
13045.005
13045.006
13045.007
13045.008
13045.009
13045.010
13045.011
13046.001
13046.002
13046.003
13046.004
13046.005
13046.006
13046.007
13046.008
13046.009
13046.010
13046.011
13047.001
13047.002
13047.003
13047.004
13047.005
13047.006
13047.007
13047.008
13047.009
13047.010
13047.011
13048.001
13048.002
13048.003
13048.004
13048.005
13048.006
13048.007
13048.008
13048.009
13048.010
13048.011
13049.001
13049.002
13049.003
13049.004
13049.005
13049.006
13049.007
13049.008
13049.009
13049.010
13049.011
14030.001
14030.002
14030.003
14030.004
14030.005
14030.006
14030.007
14030.008
14030.009
14030.010
14030.011
14031.001
14031.002
14031.003
14031.004
14031.005
14031.006
14031.007
14031.008
14031.009
14031.010
14031.011
14032.001
14032.002
14032.003
14032.004
14032.005
14032.006
14032.007
14032.008
14032.009
14032.010
14032.011
14033.001
14033.002
14033.003
14033.004
14033.005
14033.006
14033.007
14033.008
14033.009
14033.010
14033.011
14034.001
14034.002
14034.003
14034.004
14034.005
14034.006
14034.007
14034.008
14034.009
14034.010
14034.011
14035.001
14035.002
14035.003
14035.004
14035.005
14035.006
14035.007
14035.008
14035.009
14035.010
14035.011
14036.001
14036.002
14036.003
14036.004
14036.005
14036.006
14036.007
14036.008
14036.009
14036.010
14036.011
14037.001
14037.002
14037.003
14037.004
14037.005
14037.006
14037.007
14037.008
14037.009
14037.010
14037.011
14038.001
14038.002
14038.003
14038.004
14038.005
14038.006
14038.007
14038.008
14038.009
14038.010
14038.011
14039.001
14039.002
14039.003
14039.004
14039.005
14039.006
14039.007
14039.008
14039.009
14039.010
14039.011
14040.001
14040.002
14040.003
14040.004
14040.005
14040.006
14040.007
14040.008
14040.009
14040.010
14040.011
14041.001
14041.002
14041.003
14041.004
14041.005
14041.006
14041.007
14041.008
14041.009
14041.010
14041.011
14042.001
14042.002
14042.003
14042.004
14042.005
14042.006
14042.007
14042.008
14042.009
14042.010
14042.011
14043.001
14043.002
14043.003
14043.004
14043.005
14043.006
14043.007
14043.008
14043.009
14043.010
14043.011
14044.001
14044.002
14044.003
14044.004
14044.005
14044.006
14044.007
14044.008
14044.009
14044.010
14044.011
14045.001
14045.002
14045.003
14045.004
14045.005
14045.006
14045.007
14045.008
14045.009
14045.010
14045.011
14046.001
14046.002
14046.003
14046.004
14046.005
14046.006
14046.007
14046.008
14046.009
14046.010
14046.011
14047.001
14047.002
14047.003
14047.004
14047.005
14047.006
14047.007
14047.008
14047.009
14047.010
14047.011
14048.001
14048.002
14048.003
14048.004
14048.005
14048.006
14048.007
14048.008
14048.009
14048.010
14048.011
14049.001
14049.002
14049.003
14049.004
14049.005
14049.006
14049.007
14049.008
14049.009
14049.010
14049.011
15030.001
15030.002
15030.003
15030.004
15030.005
15030.006
15030.007
15030.008
15030.009
15030.010
15030.011
15031.001
15031.002
15031.003
15031.004
15031.005
15031.006
15031.007
15031.008
15031.009
15031.010
15031.011
15032.001
15032.002
15032.003
15032.004
15032.005
15032.006
15032.007
15032.008
15032.009
15032.010
15032.011
15033.001
15033.002
15033.003
15033.004
15033.005
15033.006
15033.007
15033.008
15033.009
15033.010
15033.011
15034.001
15034.002
15034.003
15034.004
15034.005
15034.006
15034.007
15034.008
15034.009
15034.010
15034.011
15035.001
15035.002
15035.003
15035.004
15035.005
15035.006
15035.007
15035.008
15035.009
15035.010
15035.011
15036.001
15036.002
15036.003
15036.004
15036.005
15036.006
15036.007
15036.008
15036.009
15036.010
15036.011
15037.001
15037.002
15037.003
15037.004
15037.005
15037.006
15037.007
15037.008
15037.009
15037.010
15037.011
15038.001
15038.002
15038.003
15038.004
15038.005
15038.006
15038.007
15038.008
15038.009
15038.010
15038.011
15039.001
15039.002
15039.003
15039.004
15039.005
15039.006
15039.007
15039.008
15039.009
15039.010
15039.011
15040.001
15040.002
15040.003
15040.004
15040.005
15040.006
15040.007
15040.008
15040.009
15040.010
15040.011
15041.001
15041.002
15041.003
15041.004
15041.005
15041.006
15041.007
15041.008
15041.009
15041.010
15041.011
15042.001
15042.002
15042.003
15042.004
15042.005
15042.006
15042.007
15042.008
15042.009
15042.010
15042.011
15043.001
15043.002
15043.003
15043.004
15043.005
15043.006
15043.007
15043.008
15043.009
15043.010
15043.011
15044.001
15044.002
15044.003
15044.004
15044.005
15044.006
15044.007
15044.008
15044.009
15044.010
15044.011
15045.001
15045.002
15045.003
15045.004
15045.005
15045.006
15045.007
15045.008
15045.009
15045.010
15045.011
15046.001
15046.002
15046.003
15046.004
15046.005
15046.006
15046.007
15046.008
15046.009
15046.010
15046.011
15047.001
15047.002
15047.003
15047.004
15047.005
15047.006
15047.007
15047.008
15047.009
15047.010
15047.011
15048.001
15048.002
15048.003
15048.004
15048.005
15048.006
15048.007
15048.008
15048.009
15048.010
15048.011
15049.001
15049.002
15049.003
15049.004
15049.005
15049.006
15049.007
15049.008
15049.009
15049.010
15049.011
16030.001
16030.002
16030.003
16030.004
16030.005
16030.006
16030.007
16030.008
16030.009
16030.010
16030.011
16031.001
16031.002
16031.003
16031.004
16031.005
16031.006
16031.007
16031.008
16031.009
16031.010
16031.011
16032.001
16032.002
16032.003
16032.004
16032.005
16032.006
16032.007
16032.008
16032.009
16032.010
16032.011
16033.001
16033.002
16033.003
16033.004
16033.005
16033.006
16033.007
16033.008
16033.009
16033.010
16033.011
16034.001
16034.002
16034.003
16034.004
16034.005
16034.006
16034.007
16034.008
16034.009
16034.010
16034.011
16035.001
16035.002
16035.003
16035.004
16035.005
16035.006
16035.007
16035.008
16035.009
16035.010
16035.011
16036.001
16036.002
16036.003
16036.004
16036.005
16036.006
16036.007
16036.008
16036.009
16036.010
16036.011
16037.001
16037.002
16037.003
16037.004
16037.005
16037.006
16037.007
16037.008
16037.009
16037.010
16037.011
16038.001
16038.002
16038.003
16038.004
16038.005
16038.006
16038.007
16038.008
16038.009
16038.010
16038.011
16039.001
16039.002
16039.003
16039.004
16039.005
16039.006
16039.007
16039.008
16039.009
16039.010
16039.011
16040.001
16040.002
16040.003
16040.004
16040.005
16040.006
16040.007
16040.008
16040.009
16040.010
16040.011
16041.001
16041.002
16041.003
16041.004
16041.005
16041.006
16041.007
16041.008
16041.009
16041.010
16041.011
16042.001
16042.002
16042.003
16042.004
16042.005
16042.006
16042.007
16042.008
16042.009
16042.010
16042.011
16043.001
16043.002
16043.003
16043.004
16043.005
16043.006
16043.007
16043.008
16043.009
16043.010
16043.011
16044.001
16044.002
16044.003
16044.004
16044.005
16044.006
16044.007
16044.008
16044.009
16044.010
16044.011
16045.001
16045.002
16045.003
16045.004
16045.005
16045.006
16045.007
16045.008
16045.009
16045.010
16045.011
16046.001
16046.002
16046.003
16046.004
16046.005
16046.006
16046.007
16046.008
16046.009
16046.010
16046.011
16047.001
16047.002
16047.003
16047.004
16047.005
16047.006
16047.007
16047.008
16047.009
16047.010
16047.011
16048.001
16048.002
16048.003
16048.004
16048.005
16048.006
16048.007
16048.008
16048.009
16048.010
16048.011
16049.001
16049.002
16049.003
16049.004
16049.005
16049.006
16049.007
16049.008
16049.009
16049.010
16049.011
17030.001
17030.002
17030.003
17030.004
17030.005
17030.006
17030.007
17030.008
17030.009
17030.010
17030.011
17031.001
17031.002
17031.003
17031.004
17031.005
17031.006
17031.007
17031.008
17031.009
17031.010
17031.011
17032.001
17032.002
17032.003
17032.004
17032.005
17032.006
17032.007
17032.008
17032.009
17032.010
17032.011
17033.001
17033.002
17033.003
17033.004
17033.005
17033.006
17033.007
17033.008
17033.009
17033.010
17033.011
17034.001
17034.002
17034.003
17034.004
17034.005
17034.006
17034.007
17034.008
17034.009
17034.010
17034.011
17035.001
17035.002
17035.003
17035.004
17035.005
17035.006
17035.007
17035.008
17035.009
17035.010
17035.011
17036.001
17036.002
17036.003
17036.004
17036.005
17036.006
17036.007
17036.008
17036.009
17036.010
17036.011
17037.001
17037.002
17037.003
17037.004
17037.005
17037.006
17037.007
17037.008
17037.009
17037.010
17037.011
17038.001
17038.002
17038.003
17038.004
17038.005
17038.006
17038.007
17038.008
17038.009
17038.010
17038.011
17039.001
17039.002
17039.003
17039.004
17039.005
17039.006
17039.007
17039.008
17039.009
17039.010
17039.011
17040.001
17040.002
17040.003
17040.004
17040.005
17040.006
17040.007
17040.008
17040.009
17040.010
17040.011
17041.001
17041.002
17041.003
17041.004
17041.005
17041.006
17041.007
17041.008
17041.009
17041.010
17041.011
17042.001
17042.002
17042.003
17042.004
17042.005
17042.006
17042.007
17042.008
17042.009
17042.010
17042.011
17043.001
17043.002
17043.003
17043.004
17043.005
17043.006
17043.007
17043.008
17043.009
17043.010
17043.011
17044.001
17044.002
17044.003
17044.004
17044.005
17044.006
17044.007
17044.008
17044.009
17044.010
17044.011
17045.001
17045.002
17045.003
17045.004
17045.005
17045.006
17045.007
17045.008
17045.009
17045.010
17045.011
17046.001
17046.002
17046.003
17046.004
17046.005
17046.006
17046.007
17046.008
17046.009
17046.010
17046.011
17047.001
17047.002
17047.003
17047.004
17047.005
17047.006
17047.007
17047.008
17047.009
17047.010
17047.011
17048.001
17048.002
17048.003
17048.004
17048.005
17048.006
17048.007
17048.008
17048.009
17048.010
17048.011
17049.001
17049.002
17049.003
17049.004
17049.005
17049.006
17049.007
17049.008
17049.009
17049.010
17049.011
18030.001
18030.002
18030.003
18030.004
18030.005
18030.006
18030.007
18030.008
18030.009
18030.010
18030.011
18031.001
18031.002
18031.003
18031.004
18031.005
18031.006
18031.007
18031.008
18031.009
18031.010
18031.011
18032.001
18032.002
18032.003
18032.004
18032.005
18032.006
18032.007
18032.008
18032.009
18032.010
18032.011
18033.001
18033.002
18033.003
18033.004
18033.005
18033.006
18033.007
18033.008
18033.009
18033.010
18033.011
18034.001
18034.002
18034.003
18034.004
18034.005
18034.006
18034.007
18034.008
18034.009
18034.010
18034.011
18035.001
18035.002
18035.003
18035.004
18035.005
18035.006
18035.007
18035.008
18035.009
18035.010
18035.011
18036.001
18036.002
18036.003
18036.004
18036.005
18036.006
18036.007
18036.008
18036.009
18036.010
18036.011
18037.001
18037.002
18037.003
18037.004
18037.005
18037.006
18037.007
18037.008
18037.009
18037.010
18037.011
18038.001
18038.002
18038.003
18038.004
18038.005
18038.006
18038.007
18038.008
18038.009
18038.010
18038.011
18039.001
18039.002
18039.003
18039.004
18039.005
18039.006
18039.007
18039.008
18039.009
18039.010
18039.011
18040.001
18040.002
18040.003
18040.004
18040.005
18040.006
18040.007
18040.008
18040.009
18040.010
18040.011
18041.001
18041.002
18041.003
18041.004
18041.005
18041.006
18041.007
18041.008
18041.009
18041.010
18041.011
18042.001
18042.002
18042.003
18042.004
18042.005
18042.006
18042.007
18042.008
18042.009
18042.010
18042.011
18043.001
18043.002
18043.003
18043.004
18043.005
18043.006
18043.007
18043.008
18043.009
18043.010
18043.011
18044.001
18044.002
18044.003
18044.004
18044.005
18044.006
18044.007
18044.008
18044.009
18044.010
18044.011
18045.001
18045.002
18045.003
18045.004
18045.005
18045.006
18045.007
18045.008
18045.009
18045.010
18045.011
18046.001
18046.002
18046.003
18046.004
18046.005
18046.006
18046.007
18046.008
18046.009
18046.010
18046.011
18047.001
18047.002
18047.003
18047.004
18047.005
18047.006
18047.007
18047.008
18047.009
18047.010
18047.011
18048.001
18048.002
18048.003
18048.004
18048.005
18048.006
18048.007
18048.008
18048.009
18048.010
18048.011
18049.001
18049.002
18049.003
18049.004
18049.005
18049.006
18049.007
18049.008
18049.009
18049.010
18049.011
19030.001
19030.002
19030.003
19030.004
19030.005
19030.006
19030.007
19030.008
19030.009
19030.010
19030.011
19031.001
19031.002
19031.003
19031.004
19031.005
19031.006
19031.007
19031.008
19031.009
19031.010
19031.011
19032.001
19032.002
19032.003
19032.004
19032.005
19032.006
19032.007
19032.008
19032.009
19032.010
19032.011
19033.001
19033.002
19033.003
19033.004
19033.005
19033.006
19033.007
19033.008
19033.009
19033.010
19033.011
19034.001
19034.002
19034.003
19034.004
19034.005
19034.006
19034.007
19034.008
19034.009
19034.010
19034.011
19035.001
19035.002
19035.003
19035.004
19035.005
19035.006
19035.007
19035.008
19035.009
19035.010
19035.011
19036.001
19036.002
19036.003
19036.004
19036.005
19036.006
19036.007
19036.008
19036.009
19036.010
19036.011
19037.001
19037.002
19037.003
19037.004
19037.005
19037.006
19037.007
19037.008
19037.009
19037.010
19037.011
19038.001
19038.002
19038.003
19038.004
19038.005
19038.006
19038.007
19038.008
19038.009
19038.010
19038.011
19039.001
19039.002
19039.003
19039.004
19039.005
19039.006
19039.007
19039.008
19039.009
19039.010
19039.011
19040.001
19040.002
19040.003
19040.004
19040.005
19040.006
19040.007
19040.008
19040.009
19040.010
19040.011
19041.001
19041.002
19041.003
19041.004
19041.005
19041.006
19041.007
19041.008
19041.009
19041.010
19041.011
19042.001
19042.002
19042.003
19042.004
19042.005
19042.006
19042.007
19042.008
19042.009
19042.010
19042.011
19043.001
19043.002
19043.003
19043.004
19043.005
19043.006
19043.007
19043.008
19043.009
19043.010
19043.011
19044.001
19044.002
19044.003
19044.004
19044.005
19044.006
19044.007
19044.008
19044.009
19044.010
19044.011
19045.001
19045.002
19045.003
19045.004
19045.005
19045.006
19045.007
19045.008
19045.009
19045.010
19045.011
19046.001
19046.002
19046.003
19046.004
19046.005
19046.006
19046.007
19046.008
19046.009
19046.010
19046.011
19047.001
19047.002
19047.003
19047.004
19047.005
19047.006
19047.007
19047.008
19047.009
19047.010
19047.011
19048.001
19048.002
19048.003
19048.004
19048.005
19048.006
19048.007
19048.008
19048.009
19048.010
19048.011
19049.001
19049.002
19049.003
19049.004
19049.005
19049.006
19049.007
19049.008
19049.009
19049.010
19049.011
20030.001
20030.002
20030.003
20030.004
20030.005
20030.006
20030.007
20030.008
20030.009
20030.010
20030.011
20031.001
20031.002
20031.003
20031.004
20031.005
20031.006
20031.007
20031.008
20031.009
20031.010
20031.011
20032.001
20032.002
20032.003
20032.004
20032.005
20032.006
20032.007
20032.008
20032.009
20032.010
20032.011
20033.001
20033.002
20033.003
20033.004
20033.005
20033.006
20033.007
20033.008
20033.009
20033.010
20033.011
20034.001
20034.002
20034.003
20034.004
20034.005
20034.006
20034.007
20034.008
20034.009
20034.010
20034.011
20035.001
20035.002
20035.003
20035.004
20035.005
20035.006
20035.007
20035.008
20035.009
20035.010
20035.011
20036.001
20036.002
20036.003
20036.004
20036.005
20036.006
20036.007
20036.008
20036.009
20036.010
20036.011
20037.001
20037.002
20037.003
20037.004
20037.005
20037.006
20037.007
20037.008
20037.009
20037.010
20037.011
20038.001
20038.002
20038.003
20038.004
20038.005
20038.006
20038.007
20038.008
20038.009
20038.010
20038.011
20039.001
20039.002
20039.003
20039.004
20039.005
20039.006
20039.007
20039.008
20039.009
20039.010
20039.011
20040.001
20040.002
20040.003
20040.004
20040.005
20040.006
20040.007
20040.008
20040.009
20040.010
20040.011
20041.001
20041.002
20041.003
20041.004
20041.005
20041.006
20041.007
20041.008
20041.009
20041.010
20041.011
20042.001
20042.002
20042.003
20042.004
20042.005
20042.006
20042.007
20042.008
20042.009
20042.010
20042.011
20043.001
20043.002
20043.003
20043.004
20043.005
20043.006
20043.007
20043.008
20043.009
20043.010
20043.011
20044.001
20044.002
20044.003
20044.004
20044.005
20044.006
20044.007
20044.008
20044.009
20044.010
20044.011
20045.001
20045.002
20045.003
20045.004
20045.005
20045.006
20045.007
20045.008
20045.009
20045.010
20045.011
20046.001
20046.002
20046.003
20046.004
20046.005
20046.006
20046.007
20046.008
20046.009
20046.010
20046.011
20047.001
20047.002
20047.003
20047.004
20047.005
20047.006
20047.007
20047.008
20047.009
20047.010
20047.011
20048.001
20048.002
20048.003
20048.004
20048.005
20048.006
20048.007
20048.008
20048.009
20048.010
20048.011
20049.001
20049.002
20049.003
20049.004
20049.005
20049.006
20049.007
20049.008
20049.009
20049.010
20049.011
21030.001
21030.002
21030.003
21030.004
21030.005
21030.006
21030.007
21030.008
21030.009
21030.010
21030.011
21031.001
21031.002
21031.003
21031.004
21031.005
21031.006
21031.007
21031.008
21031.009
21031.010
21031.011
21032.001
21032.002
21032.003
21032.004
21032.005
21032.006
21032.007
21032.008
21032.009
21032.010
21032.011
21033.001
21033.002
21033.003
21033.004
21033.005
21033.006
21033.007
21033.008
21033.009
21033.010
21033.011
21034.001
21034.002
21034.003
21034.004
21034.005
21034.006
21034.007
21034.008
21034.009
21034.010
21034.011
21035.001
21035.002
21035.003
21035.004
21035.005
21035.006
21035.007
21035.008
21035.009
21035.010
21035.011
21036.001
21036.002
21036.003
21036.004
21036.005
21036.006
21036.007
21036.008
21036.009
21036.010
21036.011
21037.001
21037.002
21037.003
21037.004
21037.005
21037.006
21037.007
21037.008
21037.009
21037.010
21037.011
21038.001
21038.002
21038.003
21038.004
21038.005
21038.006
21038.007
21038.008
21038.009
21038.010
21038.011
21039.001
21039.002
21039.003
21039.004
21039.005
21039.006
21039.007
21039.008
21039.009
21039.010
21039.011
21040.001
21040.002
21040.003
21040.004
21040.005
21040.006
21040.007
21040.008
21040.009
21040.010
21040.011
21041.001
21041.002
21041.003
21041.004
21041.005
21041.006
21041.007
21041.008
21041.009
21041.010
21041.011
21042.001
21042.002
21042.003
21042.004
21042.005
21042.006
21042.007
21042.008
21042.009
21042.010
21042.011
21043.001
21043.002
21043.003
21043.004
21043.005
21043.006
21043.007
21043.008
21043.009
21043.010
21043.011
21044.001
21044.002
21044.003
21044.004
21044.005
21044.006
21044.007
21044.008
21044.009
21044.010
21044.011
21045.001
21045.002
21045.003
21045.004
21045.005
21045.006
21045.007
21045.008
21045.009
21045.010
21045.011
21046.001
21046.002
21046.003
21046.004
21046.005
21046.006
21046.007
21046.008
21046.009
21046.010
21046.011
21047.001
21047.002
21047.003
21047.004
21047.005
21047.006
21047.007
21047.008
21047.009
21047.010
21047.011
21048.001
21048.002
21048.003
21048.004
21048.005
21048.006
21048.007
21048.008
21048.009
21048.010
21048.011
21049.001
21049.002
21049.003
21049.004
21049.005
21049.006
21049.007
21049.008
21049.009
21049.010
21049.011
22030.001
22030.002
22030.003
22030.004
22030.005
22030.006
22030.007
22030.008
22030.009
22030.010
22030.011
22031.001
22031.002
22031.003
22031.004
22031.005
22031.006
22031.007
22031.008
22031.009
22031.010
22031.011
22032.001
22032.002
22032.003
22032.004
22032.005
22032.006
22032.007
22032.008
22032.009
22032.010
22032.011
22033.001
22033.002
22033.003
22033.004
22033.005
22033.006
22033.007
22033.008
22033.009
22033.010
22033.011
22034.001
22034.002
22034.003
22034.004
22034.005
22034.006
22034.007
22034.008
22034.009
22034.010
22034.011
22035.001
22035.002
22035.003
22035.004
22035.005
22035.006
22035.007
22035.008
22035.009
22035.010
22035.011
22036.001
22036.002
22036.003
22036.004
22036.005
22036.006
22036.007
22036.008
22036.009
22036.010
22036.011
22037.001
22037.002
22037.003
22037.004
22037.005
22037.006
22037.007
22037.008
22037.009
22037.010
22037.011
22038.001
22038.002
22038.003
22038.004
22038.005
22038.006
22038.007
22038.008
22038.009
22038.010
22038.011
22039.001
22039.002
22039.003
22039.004
22039.005
22039.006
22039.007
22039.008
22039.009
22039.010
22039.011
22040.001
22040.002
22040.003
22040.004
22040.005
22040.006
22040.007
22040.008
22040.009
22040.010
22040.011
22041.001
22041.002
22041.003
22041.004
22041.005
22041.006
22041.007
22041.008
22041.009
22041.010
22041.011
22042.001
22042.002
22042.003
22042.004
22042.005
22042.006
22042.007
22042.008
22042.009
22042.010
22042.011
22043.001
22043.002
22043.003
22043.004
22043.005
22043.006
22043.007
22043.008
22043.009
22043.010
22043.011
22044.001
22044.002
22044.003
22044.004
22044.005
22044.006
22044.007
22044.008
22044.009
22044.010
22044.011
22045.001
22045.002
22045.003
22045.004
22045.005
22045.006
22045.007
22045.008
22045.009
22045.010
22045.011
22046.001
22046.002
22046.003
22046.004
22046.005
22046.006
22046.007
22046.008
22046.009
22046.010
22046.011
22047.001
22047.002
22047.003
22047.004
22047.005
22047.006
22047.007
22047.008
22047.009
22047.010
22047.011
22048.001
22048.002
22048.003
22048.004
22048.005
22048.006
22048.007
22048.008
22048.009
22048.010
22048.011
22049.001
22049.002
22049.003
22049.004
22049.005
22049.006
22049.007
22049.008
22049.009
22049.010
22049.011
23030.001
23030.002
23030.003
23030.004
23030.005
23030.006
23030.007
23030.008
23030.009
23030.010
23030.011
23031.001
23031.002
23031.003
23031.004
23031.005
23031.006
23031.007
23031.008
23031.009
23031.010
23031.011
23032.001
23032.002
23032.003
23032.004
23032.005
23032.006
23032.007
23032.008
23032.009
23032.010
23032.011
23033.001
23033.002
23033.003
23033.004
23033.005
23033.006
23033.007
23033.008
23033.009
23033.010
23033.011
23034.001
23034.002
23034.003
23034.004
23034.005
23034.006
23034.007
23034.008
23034.009
23034.010
23034.011
23035.001
23035.002
23035.003
23035.004
23035.005
23035.006
23035.007
23035.008
23035.009
23035.010
23035.011
23036.001
23036.002
23036.003
23036.004
23036.005
23036.006
23036.007
23036.008
23036.009
23036.010
23036.011
23037.001
23037.002
23037.003
23037.004
23037.005
23037.006
23037.007
23037.008
23037.009
23037.010
23037.011
23038.001
23038.002
23038.003
23038.004
23038.005
23038.006
23038.007
23038.008
23038.009
23038.010
23038.011
23039.001
23039.002
23039.003
23039.004
23039.005
23039.006
23039.007
23039.008
23039.009
23039.010
23039.011
23040.001
23040.002
23040.003
23040.004
23040.005
23040.006
23040.007
23040.008
23040.009
23040.010
23040.011
23041.001
23041.002
23041.003
23041.004
23041.005
23041.006
23041.007
23041.008
23041.009
23041.010
23041.011
23042.001
23042.002
23042.003
23042.004
23042.005
23042.006
23042.007
23042.008
23042.009
23042.010
23042.011
23043.001
23043.002
23043.003
23043.004
23043.005
23043.006
23043.007
23043.008
23043.009
23043.010
23043.011
23044.001
23044.002
23044.003
23044.004
23044.005
23044.006
23044.007
23044.008
23044.009
23044.010
23044.011
23045.001
23045.002
23045.003
23045.004
23045.005
23045.006
23045.007
23045.008
23045.009
23045.010
23045.011
23046.001
23046.002
23046.003
23046.004
23046.005
23046.006
23046.007
23046.008
23046.009
23046.010
23046.011
23047.001
23047.002
23047.003
23047.004
23047.005
23047.006
23047.007
23047.008
23047.009
23047.010
23047.011
23048.001
23048.002
23048.003
23048.004
23048.005
23048.006
23048.007
23048.008
23048.009
23048.010
23048.011
23049.001
23049.002
23049.003
23049.004
23049.005
23049.006
23049.007
23049.008
23049.009
23049.010
23049.011
24030.001
24030.002
24030.003
24030.004
24030.005
24030.006
24030.007
24030.008
24030.009
24030.010
24030.011
24031.001
24031.002
24031.003
24031.004
24031.005
24031.006
24031.007
24031.008
24031.009
24031.010
24031.011
24032.001
24032.002
24032.003
24032.004
24032.005
24032.006
24032.007
24032.008
24032.009
24032.010
24032.011
24033.001
24033.002
24033.003
24033.004
24033.005
24033.006
24033.007
24033.008
24033.009
24033.010
24033.011
24034.001
24034.002
24034.003
24034.004
24034.005
24034.006
24034.007
24034.008
24034.009
24034.010
24034.011
24035.001
24035.002
24035.003
24035.004
24035.005
24035.006
24035.007
24035.008
24035.009
24035.010
24035.011
24036.001
24036.002
24036.003
24036.004
24036.005
24036.006
24036.007
24036.008
24036.009
24036.010
24036.011
24037.001
24037.002
24037.003
24037.004
24037.005
24037.006
24037.007
24037.008
24037.009
24037.010
24037.011
24038.001
24038.002
24038.003
24038.004
24038.005
24038.006
24038.007
24038.008
24038.009
24038.010
24038.011
24039.001
24039.002
24039.003
24039.004
24039.005
24039.006
24039.007
24039.008
24039.009
24039.010
24039.011
24040.001
24040.002
24040.003
24040.004
24040.005
24040.006
24040.007
24040.008
24040.009
24040.010
24040.011
24041.001
24041.002
24041.003
24041.004
24041.005
24041.006
24041.007
24041.008
24041.009
24041.010
24041.011
24042.001
24042.002
24042.003
24042.004
24042.005
24042.006
24042.007
24042.008
24042.009
24042.010
24042.011
24043.001
24043.002
24043.003
24043.004
24043.005
24043.006
24043.007
24043.008
24043.009
24043.010
24043.011
24044.001
24044.002
24044.003
24044.004
24044.005
24044.006
24044.007
24044.008
24044.009
24044.010
24044.011
24045.001
24045.002
24045.003
24045.004
24045.005
24045.006
24045.007
24045.008
24045.009
24045.010
24045.011
24046.001
24046.002
24046.003
24046.004
24046.005
24046.006
24046.007
24046.008
24046.009
24046.010
24046.011
24047.001
24047.002
24047.003
24047.004
24047.005
24047.006
24047.007
24047.008
24047.009
24047.010
24047.011
24048.001
24048.002
24048.003
24048.004
24048.005
24048.006
24048.007
24048.008
24048.009
24048.010
24048.011
24049.001
24049.002
24049.003
24049.004
24049.005
24049.006
24049.007
24049.008
24049.009
24049.010
24049.011
25030.001
25030.002
25030.003
25030.004
25030.005
25030.006
25030.007
25030.008
25030.009
25030.010
25030.011
25031.001
25031.002
25031.003
25031.004
25031.005
25031.006
25031.007
25031.008
25031.009
25031.010
25031.011
25032.001
25032.002
25032.003
25032.004
25032.005
25032.006
25032.007
25032.008
25032.009
25032.010
25032.011
25033.001
25033.002
25033.003
25033.004
25033.005
25033.006
25033.007
25033.008
25033.009
25033.010
25033.011
25034.001
25034.002
25034.003
25034.004
25034.005
25034.006
25034.007
25034.008
25034.009
25034.010
25034.011
25035.001
25035.002
25035.003
25035.004
25035.005
25035.006
25035.007
25035.008
25035.009
25035.010
25035.011
25036.001
25036.002
25036.003
25036.004
25036.005
25036.006
25036.007
25036.008
25036.009
25036.010
25036.011
25037.001
25037.002
25037.003
25037.004
25037.005
25037.006
25037.007
25037.008
25037.009
25037.010
25037.011
25038.001
25038.002
25038.003
25038.004
25038.005
25038.006
25038.007
25038.008
25038.009
25038.010
25038.011
25039.001
25039.002
25039.003
25039.004
25039.005
25039.006
25039.007
25039.008
25039.009
25039.010
25039.011
25040.001
25040.002
25040.003
25040.004
25040.005
25040.006
25040.007
25040.008
25040.009
25040.010
25040.011
25041.001
25041.002
25041.003
25041.004
25041.005
25041.006
25041.007
25041.008
25041.009
25041.010
25041.011
25042.001
25042.002
25042.003
25042.004
25042.005
25042.006
25042.007
25042.008
25042.009
25042.010
25042.011
25043.001
25043.002
25043.003
25043.004
25043.005
25043.006
25043.007
25043.008
25043.009
25043.010
25043.011
25044.001
25044.002
25044.003
25044.004
25044.005
25044.006
25044.007
25044.008
25044.009
25044.010
25044.011
25045.001
25045.002
25045.003
25045.004
25045.005
25045.006
25045.007
25045.008
25045.009
25045.010
25045.011
25046.001
25046.002
25046.003
25046.004
25046.005
25046.006
25046.007
25046.008
25046.009
25046.010
25046.011
25047.001
25047.002
25047.003
25047.004
25047.005
25047.006
25047.007
25047.008
25047.009
25047.010
25047.011
25048.001
25048.002
25048.003
25048.004
25048.005
25048.006
25048.007
25048.008
25048.009
25048.010
25048.011
25049.001
25049.002
25049.003
25049.004
25049.005
25049.006
25049.007
25049.008
25049.009
25049.010
25049.011
26030.001
26030.002
26030.003
26030.004
26030.005
26030.006
26030.007
26030.008
26030.009
26030.010
26030.011
26031.001
26031.002
26031.003
26031.004
26031.005
26031.006
26031.007
26031.008
26031.009
26031.010
26031.011
26032.001
26032.002
26032.003
26032.004
26032.005
26032.006
26032.007
26032.008
26032.009
26032.010
26032.011
26033.001
26033.002
26033.003
26033.004
26033.005
26033.006
26033.007
26033.008
26033.009
26033.010
26033.011
26034.001
26034.002
26034.003
26034.004
26034.005
26034.006
26034.007
26034.008
26034.009
26034.010
26034.011
26035.001
26035.002
26035.003
26035.004
26035.005
26035.006
26035.007
26035.008
26035.009
26035.010
26035.011
26036.001
26036.002
26036.003
26036.004
26036.005
26036.006
26036.007
26036.008
26036.009
26036.010
26036.011
26037.001
26037.002
26037.003
26037.004
26037.005
26037.006
26037.007
26037.008
26037.009
26037.010
26037.011
26038.001
26038.002
26038.003
26038.004
26038.005
26038.006
26038.007
26038.008
26038.009
26038.010
26038.011
26039.001
26039.002
26039.003
26039.004
26039.005
26039.006
26039.007
26039.008
26039.009
26039.010
26039.011
26040.001
26040.002
26040.003
26040.004
26040.005
26040.006
26040.007
26040.008
26040.009
26040.010
26040.011
26041.001
26041.002
26041.003
26041.004
26041.005
26041.006
26041.007
26041.008
26041.009
26041.010
26041.011
26042.001
26042.002
26042.003
26042.004
26042.005
26042.006
26042.007
26042.008
26042.009
26042.010
26042.011
26043.001
26043.002
26043.003
26043.004
26043.005
26043.006
26043.007
26043.008
26043.009
26043.010
26043.011
26044.001
26044.002
26044.003
26044.004
26044.005
26044.006
26044.007
26044.008
26044.009
26044.010
26044.011
26045.001
26045.002
26045.003
26045.004
26045.005
26045.006
26045.007
26045.008
26045.009
26045.010
26045.011
26046.001
26046.002
26046.003
26046.004
26046.005
26046.006
26046.007
26046.008
26046.009
26046.010
26046.011
26047.001
26047.002
26047.003
26047.004
26047.005
26047.006
26047.007
26047.008
26047.009
26047.010
26047.011
26048.001
26048.002
26048.003
26048.004
26048.005
26048.006
26048.007
26048.008
26048.009
26048.010
26048.011
26049.001
26049.002
26049.003
26049.004
26049.005
26049.006
26049.007
26049.008
26049.009
26049.010
26049.011
28030.001
28030.002
28030.003
28030.004
28030.005
28030.006
28030.007
28030.008
28030.009
28030.010
28030.011
28031.001
28031.002
28031.003
28031.004
28031.005
28031.006
28031.007
28031.008
28031.009
28031.010
28031.011
28032.001
28032.002
28032.003
28032.004
28032.005
28032.006
28032.007
28032.008
28032.009
28032.010
28032.011
28033.001
28033.002
28033.003
28033.004
28033.005
28033.006
28033.007
28033.008
28033.009
28033.010
28033.011
28034.001
28034.002
28034.003
28034.004
28034.005
28034.006
28034.007
28034.008
28034.009
28034.010
28034.011
28035.001
28035.002
28035.003
28035.004
28035.005
28035.006
28035.007
28035.008
28035.009
28035.010
28035.011
28036.001
28036.002
28036.003
28036.004
28036.005
28036.006
28036.007
28036.008
28036.009
28036.010
28036.011
28037.001
28037.002
28037.003
28037.004
28037.005
28037.006
28037.007
28037.008
28037.009
28037.010
28037.011
28038.001
28038.002
28038.003
28038.004
28038.005
28038.006
28038.007
28038.008
28038.009
28038.010
28038.011
28039.001
28039.002
28039.003
28039.004
28039.005
28039.006
28039.007
28039.008
28039.009
28039.010
28039.011
28040.001
28040.002
28040.003
28040.004
28040.005
28040.006
28040.007
28040.008
28040.009
28040.010
28040.011
28041.001
28041.002
28041.003
28041.004
28041.005
28041.006
28041.007
28041.008
28041.009
28041.010
28041.011
28042.001
28042.002
28042.003
28042.004
28042.005
28042.006
28042.007
28042.008
28042.009
28042.010
28042.011
28043.001
28043.002
28043.003
28043.004
28043.005
28043.006
28043.007
28043.008
28043.009
28043.010
28043.011
28044.001
28044.002
28044.003
28044.004
28044.005
28044.006
28044.007
28044.008
28044.009
28044.010
28044.011
28045.001
28045.002
28045.003
28045.004
28045.005
28045.006
28045.007
28045.008
28045.009
28045.010
28045.011
28046.001
28046.002
28046.003
28046.004
28046.005
28046.006
28046.007
28046.008
28046.009
28046.010
28046.011
28047.001
28047.002
28047.003
28047.004
28047.005
28047.006
28047.007
28047.008
28047.009
28047.010
28047.011
28048.001
28048.002
28048.003
28048.004
28048.005
28048.006
28048.007
28048.008
28048.009
28048.010
28048.011
28049.001
28049.002
28049.003
28049.004
28049.005
28049.006
28049.007
28049.008
28049.009
28049.010
28049.011
31030.001
31030.002
31030.003
31030.004
31030.005
31030.006
31030.007
31030.008
31030.009
31030.010
31030.011
31031.001
31031.002
31031.003
31031.004
31031.005
31031.006
31031.007
31031.008
31031.009
31031.010
31031.011
31032.001
31032.002
31032.003
31032.004
31032.005
31032.006
31032.007
31032.008
31032.009
31032.010
31032.011
31033.001
31033.002
31033.003
31033.004
31033.005
31033.006
31033.007
31033.008
31033.009
31033.010
31033.011
31034.001
31034.002
31034.003
31034.004
31034.005
31034.006
31034.007
31034.008
31034.009
31034.010
31034.011
31035.001
31035.002
31035.003
31035.004
31035.005
31035.006
31035.007
31035.008
31035.009
31035.010
31035.011
31036.001
31036.002
31036.003
31036.004
31036.005
31036.006
31036.007
31036.008
31036.009
31036.010
31036.011
31037.001
31037.002
31037.003
31037.004
31037.005
31037.006
31037.007
31037.008
31037.009
31037.010
31037.011
31038.001
31038.002
31038.003
31038.004
31038.005
31038.006
31038.007
31038.008
31038.009
31038.010
31038.011
31039.001
31039.002
31039.003
31039.004
31039.005
31039.006
31039.007
31039.008
31039.009
31039.010
31039.011
31040.001
31040.002
31040.003
31040.004
31040.005
31040.006
31040.007
31040.008
31040.009
31040.010
31040.011
31041.001
31041.002
31041.003
31041.004
31041.005
31041.006
31041.007
31041.008
31041.009
31041.010
31041.011
31042.001
31042.002
31042.003
31042.004
31042.005
31042.006
31042.007
31042.008
31042.009
31042.010
31042.011
31043.001
31043.002
31043.003
31043.004
31043.005
31043.006
31043.007
31043.008
31043.009
31043.010
31043.011
31044.001
31044.002
31044.003
31044.004
31044.005
31044.006
31044.007
31044.008
31044.009
31044.010
31044.011
31045.001
31045.002
31045.003
31045.004
31045.005
31045.006
31045.007
31045.008
31045.009
31045.010
31045.011
31046.001
31046.002
31046.003
31046.004
31046.005
31046.006
31046.007
31046.008
31046.009
31046.010
31046.011
31047.001
31047.002
31047.003
31047.004
31047.005
31047.006
31047.007
31047.008
31047.009
31047.010
31047.011
31048.001
31048.002
31048.003
31048.004
31048.005
31048.006
31048.007
31048.008
31048.009
31048.010
31048.011
31049.001
31049.002
31049.003
31049.004
31049.005
31049.006
31049.007
31049.008
31049.009
31049.010
31049.011
32030.001
32030.002
32030.003
32030.004
32030.005
32030.006
32030.007
32030.008
32030.009
32030.010
32030.011
32031.001
32031.002
32031.003
32031.004
32031.005
32031.006
32031.007
32031.008
32031.009
32031.010
32031.011
32032.001
32032.002
32032.003
32032.004
32032.005
32032.006
32032.007
32032.008
32032.009
32032.010
32032.011
32033.001
32033.002
32033.003
32033.004
32033.005
32033.006
32033.007
32033.008
32033.009
32033.010
32033.011
32034.001
32034.002
32034.003
32034.004
32034.005
32034.006
32034.007
32034.008
32034.009
32034.010
32034.011
32035.001
32035.002
32035.003
32035.004
32035.005
32035.006
32035.007
32035.008
32035.009
32035.010
32035.011
32036.001
32036.002
32036.003
32036.004
32036.005
32036.006
32036.007
32036.008
32036.009
32036.010
32036.011
32037.001
32037.002
32037.003
32037.004
32037.005
32037.006
32037.007
32037.008
32037.009
32037.010
32037.011
32038.001
32038.002
32038.003
32038.004
32038.005
32038.006
32038.007
32038.008
32038.009
32038.010
32038.011
32039.001
32039.002
32039.003
32039.004
32039.005
32039.006
32039.007
32039.008
32039.009
32039.010
32039.011
32040.001
32040.002
32040.003
32040.004
32040.005
32040.006
32040.007
32040.008
32040.009
32040.010
32040.011
32041.001
32041.002
32041.003
32041.004
32041.005
32041.006
32041.007
32041.008
32041.009
32041.010
32041.011
32042.001
32042.002
32042.003
32042.004
32042.005
32042.006
32042.007
32042.008
32042.009
32042.010
32042.011
32043.001
32043.002
32043.003
32043.004
32043.005
32043.006
32043.007
32043.008
32043.009
32043.010
32043.011
32044.001
32044.002
32044.003
32044.004
32044.005
32044.006
32044.007
32044.008
32044.009
32044.010
32044.011
32045.001
32045.002
32045.003
32045.004
32045.005
32045.006
32045.007
32045.008
32045.009
32045.010
32045.011
32046.001
32046.002
32046.003
32046.004
32046.005
32046.006
32046.007
32046.008
32046.009
32046.010
32046.011
32047.001
32047.002
32047.003
32047.004
32047.005
32047.006
32047.007
32047.008
32047.009
32047.010
32047.011
32048.001
32048.002
32048.003
32048.004
32048.005
32048.006
32048.007
32048.008
32048.009
32048.010
32048.011
32049.001
32049.002
32049.003
32049.004
32049.005
32049.006
32049.007
32049.008
32049.009
32049.010
32049.011
33030.001
33030.002
33030.003
33030.004
33030.005
33030.006
33030.007
33030.008
33030.009
33030.010
33030.011
33031.001
33031.002
33031.003
33031.004
33031.005
33031.006
33031.007
33031.008
33031.009
33031.010
33031.011
33032.001
33032.002
33032.003
33032.004
33032.005
33032.006
33032.007
33032.008
33032.009
33032.010
33032.011
33033.001
33033.002
33033.003
33033.004
33033.005
33033.006
33033.007
33033.008
33033.009
33033.010
33033.011
33034.001
33034.002
33034.003
33034.004
33034.005
33034.006
33034.007
33034.008
33034.009
33034.010
33034.011
33035.001
33035.002
33035.003
33035.004
33035.005
33035.006
33035.007
33035.008
33035.009
33035.010
33035.011
33036.001
33036.002
33036.003
33036.004
33036.005
33036.006
33036.007
33036.008
33036.009
33036.010
33036.011
33037.001
33037.002
33037.003
33037.004
33037.005
33037.006
33037.007
33037.008
33037.009
33037.010
33037.011
33038.001
33038.002
33038.003
33038.004
33038.005
33038.006
33038.007
33038.008
33038.009
33038.010
33038.011
33039.001
33039.002
33039.003
33039.004
33039.005
33039.006
33039.007
33039.008
33039.009
33039.010
33039.011
33040.001
33040.002
33040.003
33040.004
33040.005
33040.006
33040.007
33040.008
33040.009
33040.010
33040.011
33041.001
33041.002
33041.003
33041.004
33041.005
33041.006
33041.007
33041.008
33041.009
33041.010
33041.011
33042.001
33042.002
33042.003
33042.004
33042.005
33042.006
33042.007
33042.008
33042.009
33042.010
33042.011
33043.001
33043.002
33043.003
33043.004
33043.005
33043.006
33043.007
33043.008
33043.009
33043.010
33043.011
33044.001
33044.002
33044.003
33044.004
33044.005
33044.006
33044.007
33044.008
33044.009
33044.010
33044.011
33045.001
33045.002
33045.003
33045.004
33045.005
33045.006
33045.007
33045.008
33045.009
33045.010
33045.011
33046.001
33046.002
33046.003
33046.004
33046.005
33046.006
33046.007
33046.008
33046.009
33046.010
33046.011
33047.001
33047.002
33047.003
33047.004
33047.005
33047.006
33047.007
33047.008
33047.009
33047.010
33047.011
33048.001
33048.002
33048.003
33048.004
33048.005
33048.006
33048.007
33048.008
33048.009
33048.010
33048.011
33049.001
33049.002
33049.003
33049.004
33049.005
33049.006
33049.007
33049.008
33049.009
33049.010
33049.011
34043.001
34043.002
34043.003
34043.004
34043.005
34043.006
34043.007
34043.008
34043.009
34043.010
34043.011
34044.001
34044.002
34044.003
34044.004
34044.005
34044.006
34044.007
34044.008
34044.009
34044.010
34044.011
34045.001
34045.002
34045.003
34045.004
34045.005
34045.006
34045.007
34045.008
34045.009
34045.010
34045.011
34046.001
34046.002
34046.003
34046.004
34046.005
34046.006
34046.007
34046.008
34046.009
34046.010
34046.011
34047.001
34047.002
34047.003
34047.004
34047.005
34047.006
34047.007
34047.008
34047.009
34047.010
34047.011
34048.001
34048.002
34048.003
34048.004
34048.005
34048.006
34048.007
34048.008
34048.009
34048.010
34048.011
34049.001
34049.002
34049.003
34049.004
34049.005
34049.006
34049.007
34049.008
34049.009
34049.010
34049.011
37030.001
37030.002
37030.003
37030.004
37030.005
37030.006
37030.007
37030.008
37030.009
37030.010
37030.011
37031.001
37031.002
37031.003
37031.004
37031.005
37031.006
37031.007
37031.008
37031.009
37031.010
37031.011
37032.001
37032.002
37032.003
37032.004
37032.005
37032.006
37032.007
37032.008
37032.009
37032.010
37032.011
37033.001
37033.002
37033.003
37033.004
37033.005
37033.006
37033.007
37033.008
37033.009
37033.010
37033.011
37034.001
37034.002
37034.003
37034.004
37034.005
37034.006
37034.007
37034.008
37034.009
37034.010
37034.011
37035.001
37035.002
37035.003
37035.004
37035.005
37035.006
37035.007
37035.008
37035.009
37035.010
37035.011
37036.001
37036.002
37036.003
37036.004
37036.005
37036.006
37036.007
37036.008
37036.009
37036.010
37036.011
37037.001
37037.002
37037.003
37037.004
37037.005
37037.006
37037.007
37037.008
37037.009
37037.010
37037.011
37038.001
37038.002
37038.003
37038.004
37038.005
37038.006
37038.007
37038.008
37038.009
37038.010
37038.011
37039.001
37039.002
37039.003
37039.004
37039.005
37039.006
37039.007
37039.008
37039.009
37039.010
37039.011
37040.001
37040.002
37040.003
37040.004
37040.005
37040.006
37040.007
37040.008
37040.009
37040.010
37040.011
37041.001
37041.002
37041.003
37041.004
37041.005
37041.006
37041.007
37041.008
37041.009
37041.010
37041.011
37042.001
37042.002
37042.003
37042.004
37042.005
37042.006
37042.007
37042.008
37042.009
37042.010
37042.011
37043.001
37043.002
37043.003
37043.004
37043.005
37043.006
37043.007
37043.008
37043.009
37043.010
37043.011
37044.001
37044.002
37044.003
37044.004
37044.005
37044.006
37044.007
37044.008
37044.009
37044.010
37044.011
37045.001
37045.002
37045.003
37045.004
37045.005
37045.006
37045.007
37045.008
37045.009
37045.010
37045.011
37046.001
37046.002
37046.003
37046.004
37046.005
37046.006
37046.007
37046.008
37046.009
37046.010
37046.011
37047.001
37047.002
37047.003
37047.004
37047.005
37047.006
37047.007
37047.008
37047.009
37047.010
37047.011
37048.001
37048.002
37048.003
37048.004
37048.005
37048.006
37048.007
37048.008
37048.009
37048.010
37048.011
37049.001
37049.002
37049.003
37049.004
37049.005
37049.006
37049.007
37049.008
37049.009
37049.010
37049.011
39030.001
39030.002
39030.003
39030.004
39030.005
39030.006
39030.007
39030.008
39030.009
39030.010
39030.011
39031.001
39031.002
39031.003
39031.004
39031.005
39031.006
39031.007
39031.008
39031.009
39031.010
39031.011
39032.001
39032.002
39032.003
39032.004
39032.005
39032.006
39032.007
39032.008
39032.009
39032.010
39032.011
39033.001
39033.002
39033.003
39033.004
39033.005
39033.006
39033.007
39033.008
39033.009
39033.010
39033.011
39034.001
39034.002
39034.003
39034.004
39034.005
39034.006
39034.007
39034.008
39034.009
39034.010
39034.011
39035.001
39035.002
39035.003
39035.004
39035.005
39035.006
39035.007
39035.008
39035.009
39035.010
39035.011
39036.001
39036.002
39036.003
39036.004
39036.005
39036.006
39036.007
39036.008
39036.009
39036.010
39036.011
39037.001
39037.002
39037.003
39037.004
39037.005
39037.006
39037.007
39037.008
39037.009
39037.010
39037.011
39038.001
39038.002
39038.003
39038.004
39038.005
39038.006
39038.007
39038.008
39038.009
39038.010
39038.011
39039.001
39039.002
39039.003
39039.004
39039.005
39039.006
39039.007
39039.008
39039.009
39039.010
39039.011
39040.001
39040.002
39040.003
39040.004
39040.005
39040.006
39040.007
39040.008
39040.009
39040.010
39040.011
39041.001
39041.002
39041.003
39041.004
39041.005
39041.006
39041.007
39041.008
39041.009
39041.010
39041.011
39042.001
39042.002
39042.003
39042.004
39042.005
39042.006
39042.007
39042.008
39042.009
39042.010
39042.011
39043.001
39043.002
39043.003
39043.004
39043.005
39043.006
39043.007
39043.008
39043.009
39043.010
39043.011
39044.001
39044.002
39044.003
39044.004
39044.005
39044.006
39044.007
39044.008
39044.009
39044.010
39044.011
39045.001
39045.002
39045.003
39045.004
39045.005
39045.006
39045.007
39045.008
39045.009
39045.010
39045.011
39046.001
39046.002
39046.003
39046.004
39046.005
39046.006
39046.007
39046.008
39046.009
39046.010
39046.011
39047.001
39047.002
39047.003
39047.004
39047.005
39047.006
39047.007
39047.008
39047.009
39047.010
39047.011
39048.001
39048.002
39048.003
39048.004
39048.005
39048.006
39048.007
39048.008
39048.009
39048.010
39048.011
39049.001
39049.002
39049.003
39049.004
39049.005
39049.006
39049.007
39049.008
39049.009
39049.010
39049.011
