030060501
030060502
030060503
030060504
030060505
030060506
030060507
030060508
030060509
030060510
030060511
030063001
030063002
030063003
030063004
030063005
030063006
030063007
030063008
030063009
030063010
030063011
030065501
030065502
030065503
030065504
030065505
030065506
030065507
030065508
030065509
030065510
030065511
030068001
030068002
030068003
030068004
030068005
030068006
030068007
030068008
030068009
030068010
030068011
030070501
030070502
030070503
030070504
030070505
030070506
030070507
030070508
030070509
030070510
030070511
030073001
030073002
030073003
030073004
030073005
030073006
030073007
030073008
030073009
030073010
030073011
030075501
030075502
030075503
030075504
030075505
030075506
030075507
030075508
030075509
030075510
030075511
030078001
030078002
030078003
030078004
030078005
030078006
030078007
030078008
030078009
030078010
030078011
030080501
030080502
030080503
030080504
030080505
030080506
030080507
030080508
030080509
030080510
030080511
030083001
030083002
030083003
030083004
030083005
030083006
030083007
030083008
030083009
030083010
030083011
030085501
030085502
030085503
030085504
030085505
030085506
030085507
030085508
030085509
030085510
030085511
030088001
030088002
030088003
030088004
030088005
030088006
030088007
030088008
030088009
030088010
030088011
030090501
030090502
030090503
030090504
030090505
030090506
030090507
030090508
030090509
030090510
030090511
030093001
030093002
030093003
030093004
030093005
030093006
030093007
030093008
030093009
030093010
030093011
030095501
030095502
030095503
030095504
030095505
030095506
030095507
030095508
030095509
030095510
030095511
030098001
030098002
030098003
030098004
030098005
030098006
030098007
030098008
030098009
030098010
030098011
030100501
030100502
030100503
030100504
030100505
030100506
030100507
030100508
030100509
030100510
030100511
030103001
030103002
030103003
030103004
030103005
030103006
030103007
030103008
030103009
030103010
030103011
030105501
030105502
030105503
030105504
030105505
030105506
030105507
030105508
030105509
030105510
030105511
030108001
030108002
030108003
030108004
030108005
030108006
030108007
030108008
030108009
030108010
030108011
030110501
030110502
030110503
030110504
030110505
030110506
030110507
030110508
030110509
030110510
030110511
030113001
030113002
030113003
030113004
030113005
030113006
030113007
030113008
030113009
030113010
030113011
030115501
030115502
030115503
030115504
030115505
030115506
030115507
030115508
030115509
030115510
030115511
030118001
030118002
030118003
030118004
030118005
030118006
030118007
030118008
030118009
030118010
030118011
030120501
030120502
030120503
030120504
030120505
030120506
030120507
030120508
030120509
030120510
030120511
030123001
030123002
030123003
030123004
030123005
030123006
030123007
030123008
030123009
030123010
030123011
030125501
030125502
030125503
030125504
030125505
030125506
030125507
030125508
030125509
030125510
030125511
030128001
030128002
030128003
030128004
030128005
030128006
030128007
030128008
030128009
030128010
030128011
030130501
030130502
030130503
030130504
030130505
030130506
030130507
030130508
030130509
030130510
030130511
030133001
030133002
030133003
030133004
030133005
030133006
030133007
030133008
030133009
030133010
030133011
030135501
030135502
030135503
030135504
030135505
030135506
030135507
030135508
030135509
030135510
030135511
030138001
030138002
030138003
030138004
030138005
030138006
030138007
030138008
030138009
030138010
030138011
030140501
030140502
030140503
030140504
030140505
030140506
030140507
030140508
030140509
030140510
030140511
030143001
030143002
030143003
030143004
030143005
030143006
030143007
030143008
030143009
030143010
030143011
030145501
030145502
030145503
030145504
030145505
030145506
030145507
030145508
030145509
030145510
030145511
030148001
030148002
030148003
030148004
030148005
030148006
030148007
030148008
030148009
030148010
030148011
030150501
030150502
030150503
030150504
030150505
030150506
030150507
030150508
030150509
030150510
030150511
030153001
030153002
030153003
030153004
030153005
030153006
030153007
030153008
030153009
030153010
030153011
030155501
030155502
030155503
030155504
030155505
030155506
030155507
030155508
030155509
030155510
030155511
030158001
030158002
030158003
030158004
030158005
030158006
030158007
030158008
030158009
030158010
030158011
030160501
030160502
030160503
030160504
030160505
030160506
030160507
030160508
030160509
030160510
030160511
030163001
030163002
030163003
030163004
030163005
030163006
030163007
030163008
030163009
030163010
030163011
030165501
030165502
030165503
030165504
030165505
030165506
030165507
030165508
030165509
030165510
030165511
030168001
030168002
030168003
030168004
030168005
030168006
030168007
030168008
030168009
030168010
030168011
030170501
030170502
030170503
030170504
030170505
030170506
030170507
030170508
030170509
030170510
030170511
030173001
030173002
030173003
030173004
030173005
030173006
030173007
030173008
030173009
030173010
030173011
030175501
030175502
030175503
030175504
030175505
030175506
030175507
030175508
030175509
030175510
030175511
030178001
030178002
030178003
030178004
030178005
030178006
030178007
030178008
030178009
030178010
030178011
030180501
030180502
030180503
030180504
030180505
030180506
030180507
030180508
030180509
030180510
030180511
030183001
030183002
030183003
030183004
030183005
030183006
030183007
030183008
030183009
030183010
030183011
030185501
030185502
030185503
030185504
030185505
030185506
030185507
030185508
030185509
030185510
030185511
030188001
030188002
030188003
030188004
030188005
030188006
030188007
030188008
030188009
030188010
030188011
030190501
030190502
030190503
030190504
030190505
030190506
030190507
030190508
030190509
030190510
030190511
030193001
030193002
030193003
030193004
030193005
030193006
030193007
030193008
030193009
030193010
030193011
030195501
030195502
030195503
030195504
030195505
030195506
030195507
030195508
030195509
030195510
030195511
030198001
030198002
030198003
030198004
030198005
030198006
030198007
030198008
030198009
030198010
030198011
030200501
030200502
030200503
030200504
030200505
030200506
030200507
030200508
030200509
030200510
030200511
030203001
030203002
030203003
030203004
030203005
030203006
030203007
030203008
030203009
030203010
030203011
030205501
030205502
030205503
030205504
030205505
030205506
030205507
030205508
030205509
030205510
030205511
030208001
030208002
030208003
030208004
030208005
030208006
030208007
030208008
030208009
030208010
030208011
030210501
030210502
030210503
030210504
030210505
030210506
030210507
030210508
030210509
030210510
030210511
030213001
030213002
030213003
030213004
030213005
030213006
030213007
030213008
030213009
030213010
030213011
030215501
030215502
030215503
030215504
030215505
030215506
030215507
030215508
030215509
030215510
030215511
030218001
030218002
030218003
030218004
030218005
030218006
030218007
030218008
030218009
030218010
030218011
030220501
030220502
030220503
030220504
030220505
030220506
030220507
030220508
030220509
030220510
030220511
030223001
030223002
030223003
030223004
030223005
030223006
030223007
030223008
030223009
030223010
030223011
030225501
030225502
030225503
030225504
030225505
030225506
030225507
030225508
030225509
030225510
030225511
030228001
030228002
030228003
030228004
030228005
030228006
030228007
030228008
030228009
030228010
030228011
030230501
030230502
030230503
030230504
030230505
030230506
030230507
030230508
030230509
030230510
030230511
030233001
030233002
030233003
030233004
030233005
030233006
030233007
030233008
030233009
030233010
030233011
030235501
030235502
030235503
030235504
030235505
030235506
030235507
030235508
030235509
030235510
030235511
030238001
030238002
030238003
030238004
030238005
030238006
030238007
030238008
030238009
030238010
030238011
030240501
030240502
030240503
030240504
030240505
030240506
030240507
030240508
030240509
030240510
030240511
030243001
030243002
030243003
030243004
030243005
030243006
030243007
030243008
030243009
030243010
030243011
030245501
030245502
030245503
030245504
030245505
030245506
030245507
030245508
030245509
030245510
030245511
030248001
030248002
030248003
030248004
030248005
030248006
030248007
030248008
030248009
030248010
030248011
030250501
030250502
030250503
030250504
030250505
030250506
030250507
030250508
030250509
030250510
030250511
030253001
030253002
030253003
030253004
030253005
030253006
030253007
030253008
030253009
030253010
030253011
030255501
030255502
030255503
030255504
030255505
030255506
030255507
030255508
030255509
030255510
030255511
030258001
030258002
030258003
030258004
030258005
030258006
030258007
030258008
030258009
030258010
030258011
030260501
030260502
030260503
030260504
030260505
030260506
030260507
030260508
030260509
030260510
030260511
030263001
030263002
030263003
030263004
030263005
030263006
030263007
030263008
030263009
030263010
030263011
030265501
030265502
030265503
030265504
030265505
030265506
030265507
030265508
030265509
030265510
030265511
030268001
030268002
030268003
030268004
030268005
030268006
030268007
030268008
030268009
030268010
030268011
030270501
030270502
030270503
030270504
030270505
030270506
030270507
030270508
030270509
030270510
030270511
030273001
030273002
030273003
030273004
030273005
030273006
030273007
030273008
030273009
030273010
030273011
030275501
030275502
030275503
030275504
030275505
030275506
030275507
030275508
030275509
030275510
030275511
030278001
030278002
030278003
030278004
030278005
030278006
030278007
030278008
030278009
030278010
030278011
030280501
030280502
030280503
030280504
030280505
030280506
030280507
030280508
030280509
030280510
030280511
030283001
030283002
030283003
030283004
030283005
030283006
030283007
030283008
030283009
030283010
030283011
040060501
040060502
040060503
040060504
040060505
040060506
040060507
040060508
040060509
040060510
040060511
040063001
040063002
040063003
040063004
040063005
040063006
040063007
040063008
040063009
040063010
040063011
040065501
040065502
040065503
040065504
040065505
040065506
040065507
040065508
040065509
040065510
040065511
040068001
040068002
040068003
040068004
040068005
040068006
040068007
040068008
040068009
040068010
040068011
040070501
040070502
040070503
040070504
040070505
040070506
040070507
040070508
040070509
040070510
040070511
040073001
040073002
040073003
040073004
040073005
040073006
040073007
040073008
040073009
040073010
040073011
040075501
040075502
040075503
040075504
040075505
040075506
040075507
040075508
040075509
040075510
040075511
040083001
040083002
040083003
040083004
040083005
040083006
040083007
040083008
040083009
040083010
040083011
040085501
040085502
040085503
040085504
040085505
040085506
040085507
040085508
040085509
040085510
040085511
040088001
040088002
040088003
040088004
040088005
040088006
040088007
040088008
040088009
040088010
040088011
040090501
040090502
040090503
040090504
040090505
040090506
040090507
040090508
040090509
040090510
040090511
040093001
040093002
040093003
040093004
040093005
040093006
040093007
040093008
040093009
040093010
040093011
040095501
040095502
040095503
040095504
040095505
040095506
040095507
040095508
040095509
040095510
040095511
040098001
040098002
040098003
040098004
040098005
040098006
040098007
040098008
040098009
040098010
040098011
040100501
040100502
040100503
040100504
040100505
040100506
040100507
040100508
040100509
040100510
040100511
040103001
040103002
040103003
040103004
040103005
040103006
040103007
040103008
040103009
040103010
040103011
040105501
040105502
040105503
040105504
040105505
040105506
040105507
040105508
040105509
040105510
040105511
040108001
040108002
040108003
040108004
040108005
040108006
040108007
040108008
040108009
040108010
040108011
040110501
040110502
040110503
040110504
040110505
040110506
040110507
040110508
040110509
040110510
040110511
040113001
040113002
040113003
040113004
040113005
040113006
040113007
040113008
040113009
040113010
040113011
040115501
040115502
040115503
040115504
040115505
040115506
040115507
040115508
040115509
040115510
040115511
040118001
040118002
040118003
040118004
040118005
040118006
040118007
040118008
040118009
040118010
040118011
040120501
040120502
040120503
040120504
040120505
040120506
040120507
040120508
040120509
040120510
040120511
040123001
040123002
040123003
040123004
040123005
040123006
040123007
040123008
040123009
040123010
040123011
040125501
040125502
040125503
040125504
040125505
040125506
040125507
040125508
040125509
040125510
040125511
040128001
040128002
040128003
040128004
040128005
040128006
040128007
040128008
040128009
040128010
040128011
040130501
040130502
040130503
040130504
040130505
040130506
040130507
040130508
040130509
040130510
040130511
040133001
040133002
040133003
040133004
040133005
040133006
040133007
040133008
040133009
040133010
040133011
040135501
040135502
040135503
040135504
040135505
040135506
040135507
040135508
040135509
040135510
040135511
040138001
040138002
040138003
040138004
040138005
040138006
040138007
040138008
040138009
040138010
040138011
040140501
040140502
040140503
040140504
040140505
040140506
040140507
040140508
040140509
040140510
040140511
040143001
040143002
040143003
040143004
040143005
040143006
040143007
040143008
040143009
040143010
040143011
040145501
040145502
040145503
040145504
040145505
040145506
040145507
040145508
040145509
040145510
040145511
040148001
040148002
040148003
040148004
040148005
040148006
040148007
040148008
040148009
040148010
040148011
040150501
040150502
040150503
040150504
040150505
040150506
040150507
040150508
040150509
040150510
040150511
040153001
040153002
040153003
040153004
040153005
040153006
040153007
040153008
040153009
040153010
040153011
040155501
040155502
040155503
040155504
040155505
040155506
040155507
040155508
040155509
040155510
040155511
040158001
040158002
040158003
040158004
040158005
040158006
040158007
040158008
040158009
040158010
040158011
040160501
040160502
040160503
040160504
040160505
040160506
040160507
040160508
040160509
040160510
040160511
040163001
040163002
040163003
040163004
040163005
040163006
040163007
040163008
040163009
040163010
040163011
040165501
040165502
040165503
040165504
040165505
040165506
040165507
040165508
040165509
040165510
040165511
040168001
040168002
040168003
040168004
040168005
040168006
040168007
040168008
040168009
040168010
040168011
040170501
040170502
040170503
040170504
040170505
040170506
040170507
040170508
040170509
040170510
040170511
040173001
040173002
040173003
040173004
040173005
040173006
040173007
040173008
040173009
040173010
040173011
040175501
040175502
040175503
040175504
040175505
040175506
040175507
040175508
040175509
040175510
040175511
040178001
040178002
040178003
040178004
040178005
040178006
040178007
040178008
040178009
040178010
040178011
040180501
040180502
040180503
040180504
040180505
040180506
040180507
040180508
040180509
040180510
040180511
040183001
040183002
040183003
040183004
040183005
040183006
040183007
040183008
040183009
040183010
040183011
040185501
040185502
040185503
040185504
040185505
040185506
040185507
040185508
040185509
040185510
040185511
040188001
040188002
040188003
040188004
040188005
040188006
040188007
040188008
040188009
040188010
040188011
040190501
040190502
040190503
040190504
040190505
040190506
040190507
040190508
040190509
040190510
040190511
040193001
040193002
040193003
040193004
040193005
040193006
040193007
040193008
040193009
040193010
040193011
040195501
040195502
040195503
040195504
040195505
040195506
040195507
040195508
040195509
040195510
040195511
040198001
040198002
040198003
040198004
040198005
040198006
040198007
040198008
040198009
040198010
040198011
040200501
040200502
040200503
040200504
040200505
040200506
040200507
040200508
040200509
040200510
040200511
040203001
040203002
040203003
040203004
040203005
040203006
040203007
040203008
040203009
040203010
040203011
040205501
040205502
040205503
040205504
040205505
040205506
040205507
040205508
040205509
040205510
040205511
040208001
040208002
040208003
040208004
040208005
040208006
040208007
040208008
040208009
040208010
040208011
040210501
040210502
040210503
040210504
040210505
040210506
040210507
040210508
040210509
040210510
040210511
040213001
040213002
040213003
040213004
040213005
040213006
040213007
040213008
040213009
040213010
040213011
040215501
040215502
040215503
040215504
040215505
040215506
040215507
040215508
040215509
040215510
040215511
040218001
040218002
040218003
040218004
040218005
040218006
040218007
040218008
040218009
040218010
040218011
040220501
040220502
040220503
040220504
040220505
040220506
040220507
040220508
040220509
040220510
040220511
040223001
040223002
040223003
040223004
040223005
040223006
040223007
040223008
040223009
040223010
040223011
040225501
040225502
040225503
040225504
040225505
040225506
040225507
040225508
040225509
040225510
040225511
040228001
040228002
040228003
040228004
040228005
040228006
040228007
040228008
040228009
040228010
040228011
040230501
040230502
040230503
040230504
040230505
040230506
040230507
040230508
040230509
040230510
040230511
040233001
040233002
040233003
040233004
040233005
040233006
040233007
040233008
040233009
040233010
040233011
040235501
040235502
040235503
040235504
040235505
040235506
040235507
040235508
040235509
040235510
040235511
040238001
040238002
040238003
040238004
040238005
040238006
040238007
040238008
040238009
040238010
040238011
040240501
040240502
040240503
040240504
040240505
040240506
040240507
040240508
040240509
040240510
040240511
040243001
040243002
040243003
040243004
040243005
040243006
040243007
040243008
040243009
040243010
040243011
040245501
040245502
040245503
040245504
040245505
040245506
040245507
040245508
040245509
040245510
040245511
040248001
040248002
040248003
040248004
040248005
040248006
040248007
040248008
040248009
040248010
040248011
040250501
040250502
040250503
040250504
040250505
040250506
040250507
040250508
040250509
040250510
040250511
040253001
040253002
040253003
040253004
040253005
040253006
040253007
040253008
040253009
040253010
040253011
040255501
040255502
040255503
040255504
040255505
040255506
040255507
040255508
040255509
040255510
040255511
040258001
040258002
040258003
040258004
040258005
040258006
040258007
040258008
040258009
040258010
040258011
040260501
040260502
040260503
040260504
040260505
040260506
040260507
040260508
040260509
040260510
040260511
040263001
040263002
040263003
040263004
040263005
040263006
040263007
040263008
040263009
040263010
040263011
040265501
040265502
040265503
040265504
040265505
040265506
040265507
040265508
040265509
040265510
040265511
040268001
040268002
040268003
040268004
040268005
040268006
040268007
040268008
040268009
040268010
040268011
040270501
040270502
040270503
040270504
040270505
040270506
040270507
040270508
040270509
040270510
040270511
040273001
040273002
040273003
040273004
040273005
040273006
040273007
040273008
040273009
040273010
040273011
040275501
040275502
040275503
040275504
040275505
040275506
040275507
040275508
040275509
040275510
040275511
040278001
040278002
040278003
040278004
040278005
040278006
040278007
040278008
040278009
040278010
040278011
040280501
040280502
040280503
040280504
040280505
040280506
040280507
040280508
040280509
040280510
040280511
040283001
040283002
040283003
040283004
040283005
040283006
040283007
040283008
040283009
040283010
040283011
050180501
050180502
050180503
050180504
050180505
050180506
050180507
050180508
050180509
050180510
050180511
050183001
050183002
050183003
050183004
050183005
050183006
050183007
050183008
050183009
050183010
050183011
050185501
050185502
050185503
050185504
050185505
050185506
050185507
050185508
050185509
050185510
050185511
050188001
050188002
050188003
050188004
050188005
050188006
050188007
050188008
050188009
050188010
050188011
050190501
050190502
050190503
050190504
050190505
050190506
050190507
050190508
050190509
050190510
050190511
050193001
050193002
050193003
050193004
050193005
050193006
050193007
050193008
050193009
050193010
050193011
050195501
050195502
050195503
050195504
050195505
050195506
050195507
050195508
050195509
050195510
050195511
050198001
050198002
050198003
050198004
050198005
050198006
050198007
050198008
050198009
050198010
050198011
050200501
050200502
050200503
050200504
050200505
050200506
050200507
050200508
050200509
050200510
050200511
050203001
050203002
050203003
050203004
050203005
050203006
050203007
050203008
050203009
050203010
050203011
050205501
050205502
050205503
050205504
050205505
050205506
050205507
050205508
050205509
050205510
050205511
050208001
050208002
050208003
050208004
050208005
050208006
050208007
050208008
050208009
050208010
050208011
050210501
050210502
050210503
050210504
050210505
050210506
050210507
050210508
050210509
050210510
050210511
050213001
050213002
050213003
050213004
050213005
050213006
050213007
050213008
050213009
050213010
050213011
050215501
050215502
050215503
050215504
050215505
050215506
050215507
050215508
050215509
050215510
050215511
050218001
050218002
050218003
050218004
050218005
050218006
050218007
050218008
050218009
050218010
050218011
050220501
050220502
050220503
050220504
050220505
050220506
050220507
050220508
050220509
050220510
050220511
050223001
050223002
050223003
050223004
050223005
050223006
050223007
050223008
050223009
050223010
050223011
050225501
050225502
050225503
050225504
050225505
050225506
050225507
050225508
050225509
050225510
050225511
050228001
050228002
050228003
050228004
050228005
050228006
050228007
050228008
050228009
050228010
050228011
050230501
050230502
050230503
050230504
050230505
050230506
050230507
050230508
050230509
050230510
050230511
060060501
060060502
060060503
060060504
060060505
060060506
060060507
060060508
060060509
060060510
060060511
060063001
060063002
060063003
060063004
060063005
060063006
060063007
060063008
060063009
060063010
060063011
060065501
060065502
060065503
060065504
060065505
060065506
060065507
060065508
060065509
060065510
060065511
060068001
060068002
060068003
060068004
060068005
060068006
060068007
060068008
060068009
060068010
060068011
060070501
060070502
060070503
060070504
060070505
060070506
060070507
060070508
060070509
060070510
060070511
060073001
060073002
060073003
060073004
060073005
060073006
060073007
060073008
060073009
060073010
060073011
060075501
060075502
060075503
060075504
060075505
060075506
060075507
060075508
060075509
060075510
060075511
060078001
060078002
060078003
060078004
060078005
060078006
060078007
060078008
060078009
060078010
060078011
060080501
060080502
060080503
060080504
060080505
060080506
060080507
060080508
060080509
060080510
060080511
060083001
060083002
060083003
060083004
060083005
060083006
060083007
060083008
060083009
060083010
060083011
060085501
060085502
060085503
060085504
060085505
060085506
060085507
060085508
060085509
060085510
060085511
060088001
060088002
060088003
060088004
060088005
060088006
060088007
060088008
060088009
060088010
060088011
060090501
060090502
060090503
060090504
060090505
060090506
060090507
060090508
060090509
060090510
060090511
060093001
060093002
060093003
060093004
060093005
060093006
060093007
060093008
060093009
060093010
060093011
060095501
060095502
060095503
060095504
060095505
060095506
060095507
060095508
060095509
060095510
060095511
060098001
060098002
060098003
060098004
060098005
060098006
060098007
060098008
060098009
060098010
060098011
060100501
060100502
060100503
060100504
060100505
060100506
060100507
060100508
060100509
060100510
060100511
060103001
060103002
060103003
060103004
060103005
060103006
060103007
060103008
060103009
060103010
060103011
060105501
060105502
060105503
060105504
060105505
060105506
060105507
060105508
060105509
060105510
060105511
060108001
060108002
060108003
060108004
060108005
060108006
060108007
060108008
060108009
060108010
060108011
060110501
060110502
060110503
060110504
060110505
060110506
060110507
060110508
060110509
060110510
060110511
060113001
060113002
060113003
060113004
060113005
060113006
060113007
060113008
060113009
060113010
060113011
060115501
060115502
060115503
060115504
060115505
060115506
060115507
060115508
060115509
060115510
060115511
060118001
060118002
060118003
060118004
060118005
060118006
060118007
060118008
060118009
060118010
060118011
060120501
060120502
060120503
060120504
060120505
060120506
060120507
060120508
060120509
060120510
060120511
060123001
060123002
060123003
060123004
060123005
060123006
060123007
060123008
060123009
060123010
060123011
060125501
060125502
060125503
060125504
060125505
060125506
060125507
060125508
060125509
060125510
060125511
060128001
060128002
060128003
060128004
060128005
060128006
060128007
060128008
060128009
060128010
060128011
060130501
060130502
060130503
060130504
060130505
060130506
060130507
060130508
060130509
060130510
060130511
060133001
060133002
060133003
060133004
060133005
060133006
060133007
060133008
060133009
060133010
060133011
060135501
060135502
060135503
060135504
060135505
060135506
060135507
060135508
060135509
060135510
060135511
060138001
060138002
060138003
060138004
060138005
060138006
060138007
060138008
060138009
060138010
060138011
060140501
060140502
060140503
060140504
060140505
060140506
060140507
060140508
060140509
060140510
060140511
060143001
060143002
060143003
060143004
060143005
060143006
060143007
060143008
060143009
060143010
060143011
060145501
060145502
060145503
060145504
060145505
060145506
060145507
060145508
060145509
060145510
060145511
060148001
060148002
060148003
060148004
060148005
060148006
060148007
060148008
060148009
060148010
060148011
060150501
060150502
060150503
060150504
060150505
060150506
060150507
060150508
060150509
060150510
060150511
060153001
060153002
060153003
060153004
060153005
060153006
060153007
060153008
060153009
060153010
060153011
060155501
060155502
060155503
060155504
060155505
060155506
060155507
060155508
060155509
060155510
060155511
060158001
060158002
060158003
060158004
060158005
060158006
060158007
060158008
060158009
060158010
060158011
060160501
060160502
060160503
060160504
060160505
060160506
060160507
060160508
060160509
060160510
060160511
060163001
060163002
060163003
060163004
060163005
060163006
060163007
060163008
060163009
060163010
060163011
060165501
060165502
060165503
060165504
060165505
060165506
060165507
060165508
060165509
060165510
060165511
060168001
060168002
060168003
060168004
060168005
060168006
060168007
060168008
060168009
060168010
060168011
060170501
060170502
060170503
060170504
060170505
060170506
060170507
060170508
060170509
060170510
060170511
060173001
060173002
060173003
060173004
060173005
060173006
060173007
060173008
060173009
060173010
060173011
060175501
060175502
060175503
060175504
060175505
060175506
060175507
060175508
060175509
060175510
060175511
060178001
060178002
060178003
060178004
060178005
060178006
060178007
060178008
060178009
060178010
060178011
060180501
060180502
060180503
060180504
060180505
060180506
060180507
060180508
060180509
060180510
060180511
060183001
060183002
060183003
060183004
060183005
060183006
060183007
060183008
060183009
060183010
060183011
060185501
060185502
060185503
060185504
060185505
060185506
060185507
060185508
060185509
060185510
060185511
060188001
060188002
060188003
060188004
060188005
060188006
060188007
060188008
060188009
060188010
060188011
060190501
060190502
060190503
060190504
060190505
060190506
060190507
060190508
060190509
060190510
060190511
060193001
060193002
060193003
060193004
060193005
060193006
060193007
060193008
060193009
060193010
060193011
060195501
060195502
060195503
060195504
060195505
060195506
060195507
060195508
060195509
060195510
060195511
060198001
060198002
060198003
060198004
060198005
060198006
060198007
060198008
060198009
060198010
060198011
060200501
060200502
060200503
060200504
060200505
060200506
060200507
060200508
060200509
060200510
060200511
060203001
060203002
060203003
060203004
060203005
060203006
060203007
060203008
060203009
060203010
060203011
060205501
060205502
060205503
060205504
060205505
060205506
060205507
060205508
060205509
060205510
060205511
060208001
060208002
060208003
060208004
060208005
060208006
060208007
060208008
060208009
060208010
060208011
060210501
060210502
060210503
060210504
060210505
060210506
060210507
060210508
060210509
060210510
060210511
060213001
060213002
060213003
060213004
060213005
060213006
060213007
060213008
060213009
060213010
060213011
060215501
060215502
060215503
060215504
060215505
060215506
060215507
060215508
060215509
060215510
060215511
060218001
060218002
060218003
060218004
060218005
060218006
060218007
060218008
060218009
060218010
060218011
060220501
060220502
060220503
060220504
060220505
060220506
060220507
060220508
060220509
060220510
060220511
060223001
060223002
060223003
060223004
060223005
060223006
060223007
060223008
060223009
060223010
060223011
060225501
060225502
060225503
060225504
060225505
060225506
060225507
060225508
060225509
060225510
060225511
060228001
060228002
060228003
060228004
060228005
060228006
060228007
060228008
060228009
060228010
060228011
060230501
060230502
060230503
060230504
060230505
060230506
060230507
060230508
060230509
060230510
060230511
060233001
060233002
060233003
060233004
060233005
060233006
060233007
060233008
060233009
060233010
060233011
060235501
060235502
060235503
060235504
060235505
060235506
060235507
060235508
060235509
060235510
060235511
060238001
060238002
060238003
060238004
060238005
060238006
060238007
060238008
060238009
060238010
060238011
060240501
060240502
060240503
060240504
060240505
060240506
060240507
060240508
060240509
060240510
060240511
060243001
060243002
060243003
060243004
060243005
060243006
060243007
060243008
060243009
060243010
060243011
060245501
060245502
060245503
060245504
060245505
060245506
060245507
060245508
060245509
060245510
060245511
060248001
060248002
060248003
060248004
060248005
060248006
060248007
060248008
060248009
060248010
060248011
060250501
060250502
060250503
060250504
060250505
060250506
060250507
060250508
060250509
060250510
060250511
060253001
060253002
060253003
060253004
060253005
060253006
060253007
060253008
060253009
060253010
060253011
060255501
060255502
060255503
060255504
060255505
060255506
060255507
060255508
060255509
060255510
060255511
060258001
060258002
060258003
060258004
060258005
060258006
060258007
060258008
060258009
060258010
060258011
060260501
060260502
060260503
060260504
060260505
060260506
060260507
060260508
060260509
060260510
060260511
060263001
060263002
060263003
060263004
060263005
060263006
060263007
060263008
060263009
060263010
060263011
060265501
060265502
060265503
060265504
060265505
060265506
060265507
060265508
060265509
060265510
060265511
060268001
060268002
060268003
060268004
060268005
060268006
060268007
060268008
060268009
060268010
060268011
060270501
060270502
060270503
060270504
060270505
060270506
060270507
060270508
060270509
060270510
060270511
060273001
060273002
060273003
060273004
060273005
060273006
060273007
060273008
060273009
060273010
060273011
060275501
060275502
060275503
060275504
060275505
060275506
060275507
060275508
060275509
060275510
060275511
060278001
060278002
060278003
060278004
060278005
060278006
060278007
060278008
060278009
060278010
060278011
060280501
060280502
060280503
060280504
060280505
060280506
060280507
060280508
060280509
060280510
060280511
060283001
060283002
060283003
060283004
060283005
060283006
060283007
060283008
060283009
060283010
060283011
090060501
090060502
090060503
090060504
090060505
090060506
090060507
090060508
090060509
090060510
090060511
090063001
090063002
090063003
090063004
090063005
090063006
090063007
090063008
090063009
090063010
090063011
090065501
090065502
090065503
090065504
090065505
090065506
090065507
090065508
090065509
090065510
090065511
090100501
090100502
090100503
090100504
090100505
090100506
090100507
090100508
090100509
090100510
090100511
090103001
090103002
090103003
090103004
090103005
090103006
090103007
090103008
090103009
090103010
090103011
090105501
090105502
090105503
090105504
090105505
090105506
090105507
090105508
090105509
090105510
090105511
090108001
090108002
090108003
090108004
090108005
090108006
090108007
090108008
090108009
090108010
090108011
090110501
090110502
090110503
090110504
090110505
090110506
090110507
090110508
090110509
090110510
090110511
090113001
090113002
090113003
090113004
090113005
090113006
090113007
090113008
090113009
090113010
090113011
090115501
090115502
090115503
090115504
090115505
090115506
090115507
090115508
090115509
090115510
090115511
090118001
090118002
090118003
090118004
090118005
090118006
090118007
090118008
090118009
090118010
090118011
090120501
090120502
090120503
090120504
090120505
090120506
090120507
090120508
090120509
090120510
090120511
090123001
090123002
090123003
090123004
090123005
090123006
090123007
090123008
090123009
090123010
090123011
090125501
090125502
090125503
090125504
090125505
090125506
090125507
090125508
090125509
090125510
090125511
090128001
090128002
090128003
090128004
090128005
090128006
090128007
090128008
090128009
090128010
090128011
090130501
090130502
090130503
090130504
090130505
090130506
090130507
090130508
090130509
090130510
090130511
090133001
090133002
090133003
090133004
090133005
090133006
090133007
090133008
090133009
090133010
090133011
090135501
090135502
090135503
090135504
090135505
090135506
090135507
090135508
090135509
090135510
090135511
090138001
090138002
090138003
090138004
090138005
090138006
090138007
090138008
090138009
090138010
090138011
090140501
090140502
090140503
090140504
090140505
090140506
090140507
090140508
090140509
090140510
090140511
090143001
090143002
090143003
090143004
090143005
090143006
090143007
090143008
090143009
090143010
090143011
090240501
090240502
090240503
090240504
090240505
090240506
090240507
090240508
090240509
090240510
090240511
090243001
090243002
090243003
090243004
090243005
090243006
090243007
090243008
090243009
090243010
090243011
090245501
090245502
090245503
090245504
090245505
090245506
090245507
090245508
090245509
090245510
090245511
090248001
090248002
090248003
090248004
090248005
090248006
090248007
090248008
090248009
090248010
090248011
090250501
090250502
090250503
090250504
090250505
090250506
090250507
090250508
090250509
090250510
090250511
090253001
090253002
090253003
090253004
090253005
090253006
090253007
090253008
090253009
090253010
090253011
090255501
090255502
090255503
090255504
090255505
090255506
090255507
090255508
090255509
090255510
090255511
090258001
090258002
090258003
090258004
090258005
090258006
090258007
090258008
090258009
090258010
090258011
090260501
090260502
090260503
090260504
090260505
090260506
090260507
090260508
090260509
090260510
090260511
090263001
090263002
090263003
090263004
090263005
090263006
090263007
090263008
090263009
090263010
090263011
090265501
090265502
090265503
090265504
090265505
090265506
090265507
090265508
090265509
090265510
090265511
090268001
090268002
090268003
090268004
090268005
090268006
090268007
090268008
090268009
090268010
090268011
090270501
090270502
090270503
090270504
090270505
090270506
090270507
090270508
090270509
090270510
090270511
090273001
090273002
090273003
090273004
090273005
090273006
090273007
090273008
090273009
090273010
090273011
090275501
090275502
090275503
090275504
090275505
090275506
090275507
090275508
090275509
090275510
090275511
090278001
090278002
090278003
090278004
090278005
090278006
090278007
090278008
090278009
090278010
090278011
090280501
090280502
090280503
090280504
090280505
090280506
090280507
090280508
090280509
090280510
090280511
