030063001
030063002
030063003
030063004
030063005
030063006
030063007
030063008
030063009
030063010
030063011

040210501
040210502
040210503
040210504
040210505
040210506
040210507
040210508
040210509
040210510
040210511

050230501
050230502
050230503
050230504
050230505
050230506
050230507
050230508
050230509
050230510
050230511

060063001
060063002
060063003
060063004
060063005
060063006
060063007
060063008
060063009
060063010
060063011

060283001
060283002
060283003
060283004
060283005
060283006
060283007
060283008
060283009
060283010
060283011


090125501
090125502
090125503
090125504
090125505
090125506
090125507
090125508
090125509
090125510
090125511



