01050.001
01050.002
01050.003
01050.004
01050.005
01050.006
01050.007
01050.008
01050.009
01050.010
01050.011
01051.501
01051.502
01051.503
01051.504
01051.505
01051.506
01051.507
01051.508
01051.509
01051.510
01051.511
01053.001
01053.002
01053.003
01053.004
01053.005
01053.006
01053.007
01053.008
01053.009
01053.010
01053.011
01054.501
01054.502
01054.503
01054.504
01054.505
01054.506
01054.507
01054.508
01054.509
01054.510
01054.511
01056.001
01056.002
01056.003
01056.004
01056.005
01056.006
01056.007
01056.008
01056.009
01056.010
01056.011
01057.501
01057.502
01057.503
01057.504
01057.505
01057.506
01057.507
01057.508
01057.509
01057.510
01057.511
01059.001
01059.002
01059.003
01059.004
01059.005
01059.006
01059.007
01059.008
01059.009
01059.010
01059.011
01060.501
01060.502
01060.503
01060.504
01060.505
01060.506
01060.507
01060.508
01060.509
01060.510
01060.511
01062.001
01062.002
01062.003
01062.004
01062.005
01062.006
01062.007
01062.008
01062.009
01062.010
01062.011
01063.501
01063.502
01063.503
01063.504
01063.505
01063.506
01063.507
01063.508
01063.509
01063.510
01063.511
01065.001
01065.002
01065.003
01065.004
01065.005
01065.006
01065.007
01065.008
01065.009
01065.010
01065.011
01066.501
01066.502
01066.503
01066.504
01066.505
01066.506
01066.507
01066.508
01066.509
01066.510
01066.511
01068.001
01068.002
01068.003
01068.004
01068.005
01068.006
01068.007
01068.008
01068.009
01068.010
01068.011
01069.501
01069.502
01069.503
01069.504
01069.505
01069.506
01069.507
01069.508
01069.509
01069.510
01069.511
01071.001
01071.002
01071.003
01071.004
01071.005
01071.006
01071.007
01071.008
01071.009
01071.010
01071.011
01072.501
01072.502
01072.503
01072.504
01072.505
01072.506
01072.507
01072.508
01072.509
01072.510
01072.511
01074.001
01074.002
01074.003
01074.004
01074.005
01074.006
01074.007
01074.008
01074.009
01074.010
01074.011
01075.501
01075.502
01075.503
01075.504
01075.505
01075.506
01075.507
01075.508
01075.509
01075.510
01075.511
01077.001
01077.002
01077.003
01077.004
01077.005
01077.006
01077.007
01077.008
01077.009
01077.010
01077.011
01078.501
01078.502
01078.503
01078.504
01078.505
01078.506
01078.507
01078.508
01078.509
01078.510
01078.511
