01015.001
01015.002
01015.003
01015.004
01015.005
01015.006
01015.007
01015.008
01015.009
01015.010
01015.011
01015.501
01015.502
01015.503
01015.504
01015.505
01015.506
01015.507
01015.508
01015.509
01015.510
01015.511
01016.001
01016.002
01016.003
01016.004
01016.005
01016.006
01016.007
01016.008
01016.009
01016.010
01016.011
01016.501
01016.502
01016.503
01016.504
01016.505
01016.506
01016.507
01016.508
01016.509
01016.510
01016.511
01017.001
01017.002
01017.003
01017.004
01017.005
01017.006
01017.007
01017.008
01017.009
01017.010
01017.011
01017.501
01017.502
01017.503
01017.504
01017.505
01017.506
01017.507
01017.508
01017.509
01017.510
01017.511
01018.001
01018.002
01018.003
01018.004
01018.005
01018.006
01018.007
01018.008
01018.009
01018.010
01018.011
01018.501
01018.502
01018.503
01018.504
01018.505
01018.506
01018.507
01018.508
01018.509
01018.510
01018.511
01019.001
01019.002
01019.003
01019.004
01019.005
01019.006
01019.007
01019.008
01019.009
01019.010
01019.011
01019.501
01019.502
01019.503
01019.504
01019.505
01019.506
01019.507
01019.508
01019.509
01019.510
01019.511
01020.001
01020.002
01020.003
01020.004
01020.005
01020.006
01020.007
01020.008
01020.009
01020.010
01020.011
01020.501
01020.502
01020.503
01020.504
01020.505
01020.506
01020.507
01020.508
01020.509
01020.510
01020.511
01021.001
01021.002
01021.003
01021.004
01021.005
01021.006
01021.007
01021.008
01021.009
01021.010
01021.011
01021.501
01021.502
01021.503
01021.504
01021.505
01021.506
01021.507
01021.508
01021.509
01021.510
01021.511
01022.001
01022.002
01022.003
01022.004
01022.005
01022.006
01022.007
01022.008
01022.009
01022.010
01022.011
01022.501
01022.502
01022.503
01022.504
01022.505
01022.506
01022.507
01022.508
01022.509
01022.510
01022.511
01023.001
01023.002
01023.003
01023.004
01023.005
01023.006
01023.007
01023.008
01023.009
01023.010
01023.011
01023.501
01023.502
01023.503
01023.504
01023.505
01023.506
01023.507
01023.508
01023.509
01023.510
01023.511
01024.001
01024.002
01024.003
01024.004
01024.005
01024.006
01024.007
01024.008
01024.009
01024.010
01024.011
01024.501
01024.502
01024.503
01024.504
01024.505
01024.506
01024.507
01024.508
01024.509
01024.510
01024.511
01025.001
01025.002
01025.003
01025.004
01025.005
01025.006
01025.007
01025.008
01025.009
01025.010
01025.011
01025.501
01025.502
01025.503
01025.504
01025.505
01025.506
01025.507
01025.508
01025.509
01025.510
01025.511
01026.001
01026.002
01026.003
01026.004
01026.005
01026.006
01026.007
01026.008
01026.009
01026.010
01026.011
01026.501
01026.502
01026.503
01026.504
01026.505
01026.506
01026.507
01026.508
01026.509
01026.510
01026.511
01027.001
01027.002
01027.003
01027.004
01027.005
01027.006
01027.007
01027.008
01027.009
01027.010
01027.011
01027.501
01027.502
01027.503
01027.504
01027.505
01027.506
01027.507
01027.508
01027.509
01027.510
01027.511
01028.001
01028.002
01028.003
01028.004
01028.005
01028.006
01028.007
01028.008
01028.009
01028.010
01028.011
01028.501
01028.502
01028.503
01028.504
01028.505
01028.506
01028.507
01028.508
01028.509
01028.510
01028.511
01029.001
01029.002
01029.003
01029.004
01029.005
01029.006
01029.007
01029.008
01029.009
01029.010
01029.011
01029.501
01029.502
01029.503
01029.504
01029.505
01029.506
01029.507
01029.508
01029.509
01029.510
01029.511
