%   number of levels above 0.005 mb  =   35
%copied from /strowdata1/s1/sergio/H2008_RUN8_NIRDATABASE/4umNLTE/80/warning6.msg
%        klayers                              |            vibtemp file
% iI        pavg    dz      q         T(iI)   |  Tlte       dT  |     Tnlte        dT | MixRatio 
%           mb       m  kmol/cm2  K           |                 |                     |   ppmv
% ----------------------------------------------------------------------------------------------
 101 .4725E-02  635.0391 .7032E-11  192.2189  192.2189    0.0000  279.3986   87.1797  374.7021 
 102 .4089E-02  974.5313 .9397E-11  191.7802  191.7802    0.0000  279.6385   87.8584  376.1776 
 103 .3425E-02  974.7891 .7898E-11  191.7601  191.7601    0.0000  279.7301   87.9700  377.2736 
 104 .2869E-02  965.0781 .6531E-11  191.7401  191.7401    0.0000  279.6313   87.8912  376.1366 
 105 .2404E-02  965.3984 .5424E-11  191.7251  191.7251    0.0000  279.4070   87.6819  372.6482 
 106 .2014E-02  969.4844 .4497E-11  191.7101  191.7101    0.0000  279.1271   87.4170  367.2823 
 107 .1687E-02  965.8594 .3680E-11  192.0202  192.0202    0.0000  277.8716   85.8513  360.6759 
 108 .1414E-02  971.8438 .3010E-11  193.7048  193.7048    0.0000  277.4049   83.7002  352.9165 
 109 .1185E-02  982.8281 .2451E-11  196.4596  196.4596    0.0000  278.5729   82.1133  343.9634 
 110 .9925E-03  987.4375 .1977E-11  199.2099  199.2099    0.0000  279.3309   80.1211  334.2337 
 111 .8320E-03  997.5781 .1602E-11  201.9548  201.9548    0.0000  279.1765   77.2216  324.2414 
 112 .6984E-03  996.7656 .1285E-11  204.6805  204.6805    0.0000  279.4494   74.7690  314.3338 
 113 .5872E-03 1007.7190 .1038E-11  207.3559  207.3559    0.0000  280.4807   73.1248  302.5682 
 114 .4940E-03 1022.7970 .8304E-12  209.9961  209.9961    0.0000  281.1989   71.2028  287.0236 
 115 .4156E-03 1044.5390 .6578E-12  212.6261  212.6261    0.0000  282.3938   69.7678  267.9656 
 116 .3495E-03 1067.2890 .5136E-12  215.2610  215.2610    0.0000  283.6826   68.4217  246.4908 
 117 .2960E-03  997.3437 .3665E-12  217.7891  217.7891    0.0000  283.9681   66.1790  224.8248 
 118 .2527E-03 1015.9843 .2850E-12  221.1119  221.1119    0.0000  284.4306   63.3187  204.1577 
 119 .2157E-03 1038.6093 .2188E-12  226.8028  226.8028    0.0000  287.4839   60.6810  184.2167 
 120 .1842E-03 1063.7343 .1665E-12  233.9677  233.9677    0.0000  291.1283   57.1606  165.4195 
 121 .1573E-03 1076.9770 .1252E-12  241.0939  241.0939    0.0000  291.1368   50.0430  148.1237 
 122 .1353E-03 1020.7110 .8910E-13  247.9205  247.9205    0.0000  290.8080   42.8876  132.9834 
 123 .1172E-03 1032.2343 .6841E-13  254.8712  254.8712    0.0000  291.7507   36.8795  119.8589 
 124 .1016E-03 1057.7500 .5299E-13  263.5155  263.5155    0.0000  292.6336   29.1181  108.0766 
 125 .8805E-04 1079.5860 .4076E-13  273.4660  273.4660    0.0000  294.7067   21.2407   97.5161 
 126 .7647E-04 1081.3984 .3096E-13  283.2886  283.2886    0.0000  293.9028   10.6142   88.2000 
 127 .6724E-04  932.2500 .2079E-13  292.2500  292.2500    0.0000  292.6032    0.3532   80.5995 
 128 .5988E-04  926.4531 .1652E-13  301.2135  301.2135    0.0000  293.3148   -7.8986   74.5971 
 129 .5342E-04  944.6953 .1355E-13  311.7758  311.7758    0.0000  293.6420  -18.1338   69.6327 
 130 .4765E-04  965.7656 .1124E-13  323.1657  323.1657    0.0000  294.6632  -28.5025   65.6357 
 131 .4257E-04  956.4687 .9165E-14  334.3990  334.3990    0.0000  293.9285  -40.4704   62.5839 
 132 .3841E-04  829.8281 .6728E-14  344.6479  344.6479    0.0000  292.9262  -51.7217   60.4851 
 133 .3500E-04  817.4844 .5727E-14  354.7092  354.7092    0.0000  293.3654  -61.3439   59.0307 
 134 .3194E-04  833.8437 .5066E-14  365.9154  365.9154    0.0000  293.4093  -72.5060   57.8769 
 135 .2915E-04  845.4844 .4467E-14  377.6006  377.6006    0.0000  293.8523  -83.7483   56.9102 
