010014001
010014002
010014003
010014004
010014005
010014006
010014007
010014008
010014009
010014010
010014011
010014501
010014502
010014503
010014504
010014505
010014506
010014507
010014508
010014509
010014510
010014511
010015001
010015002
010015003
010015004
010015005
010015006
010015007
010015008
010015009
010015010
010015011
010015501
010015502
010015503
010015504
010015505
010015506
010015507
010015508
010015509
010015510
010015511
010016001
010016002
010016003
010016004
010016005
010016006
010016007
010016008
010016009
010016010
010016011
010016501
010016502
010016503
010016504
010016505
010016506
010016507
010016508
010016509
010016510
010016511
010017001
010017002
010017003
010017004
010017005
010017006
010017007
010017008
010017009
010017010
010017011
010017501
010017502
010017503
010017504
010017505
010017506
010017507
010017508
010017509
010017510
010017511
010018001
010018002
010018003
010018004
010018005
010018006
010018007
010018008
010018009
010018010
010018011
010018501
010018502
010018503
010018504
010018505
010018506
010018507
010018508
010018509
010018510
010018511
010019001
010019002
010019003
010019004
010019005
010019006
010019007
010019008
010019009
010019010
010019011
010019501
010019502
010019503
010019504
010019505
010019506
010019507
010019508
010019509
010019510
010019511
010020001
010020002
010020003
010020004
010020005
010020006
010020007
010020008
010020009
010020010
010020011
010020501
010020502
010020503
010020504
010020505
010020506
010020507
010020508
010020509
010020510
010020511
010021001
010021002
010021003
010021004
010021005
010021006
010021007
010021008
010021009
010021010
010021011
010021501
010021502
010021503
010021504
010021505
010021506
010021507
010021508
010021509
010021510
010021511
010022001
010022002
010022003
010022004
010022005
010022006
010022007
010022008
010022009
010022010
010022011
010022501
010022502
010022503
010022504
010022505
010022506
010022507
010022508
010022509
010022510
010022511
010023001
010023002
010023003
010023004
010023005
010023006
010023007
010023008
010023009
010023010
010023011
010023501
010023502
010023503
010023504
010023505
010023506
010023507
010023508
010023509
010023510
010023511
010024001
010024002
010024003
010024004
010024005
010024006
010024007
010024008
010024009
010024010
010024011
010024501
010024502
010024503
010024504
010024505
010024506
010024507
010024508
010024509
010024510
010024511
010025001
010025002
010025003
010025004
010025005
010025006
010025007
010025008
010025009
010025010
010025011
010025501
010025502
010025503
010025504
010025505
010025506
010025507
010025508
010025509
010025510
010025511
010026001
010026002
010026003
010026004
010026005
010026006
010026007
010026008
010026009
010026010
010026011
010026501
010026502
010026503
010026504
010026505
010026506
010026507
010026508
010026509
010026510
010026511
010027001
010027002
010027003
010027004
010027005
010027006
010027007
010027008
010027009
010027010
010027011
010027501
010027502
010027503
010027504
010027505
010027506
010027507
010027508
010027509
010027510
010027511
010028001
010028002
010028003
010028004
010028005
010028006
010028007
010028008
010028009
010028010
010028011
010028501
010028502
010028503
010028504
010028505
010028506
010028507
010028508
010028509
010028510
010028511
010029001
010029002
010029003
010029004
010029005
010029006
010029007
010029008
010029009
010029010
010029011
010029501
010029502
010029503
010029504
010029505
010029506
010029507
010029508
010029509
010029510
010029511
010030001
010030002
010030003
010030004
010030005
010030006
010030007
010030008
010030009
010030010
010030011
010030501
010030502
010030503
010030504
010030505
010030506
010030507
010030508
010030509
010030510
010030511
010031001
010031002
010031003
010031004
010031005
010031006
010031007
010031008
010031009
010031010
010031011
