  1 6.23544795e-03 5.92367556e-03 290.18771040 7.32098437e-06 
  2 6.06624340e-03 5.76293123e-03 290.09501297 7.12459868e-06 
  3 5.90279286e-03 5.60765322e-03 291.33765862 6.90303822e-06 
  4 5.74431954e-03 5.45710356e-03 291.73494112 6.70869988e-06 
  5 5.59030479e-03 5.31078955e-03 291.76798415 6.52777830e-06 
  6 5.44039526e-03 5.16837550e-03 291.71463706 6.35410734e-06 
  7 5.29449263e-03 5.02976800e-03 291.59363705 6.18626641e-06 
  8 5.15243309e-03 4.89481143e-03 291.44819276 6.02328354e-06 
  9 5.01379080e-03 4.76310126e-03 291.15946480 5.86702057e-06 
 10 4.87856110e-03 4.63463305e-03 290.75096596 5.71679865e-06 
 11 4.74697790e-03 4.50962901e-03 290.34246481 5.57043313e-06 
 12 4.61894740e-03 4.38800003e-03 289.93446479 5.42782063e-06 
 13 4.49437090e-03 4.26965236e-03 289.52596594 5.28870004e-06 
 14 4.37256702e-03 4.15393867e-03 289.03915000 5.15421010e-06 
 15 4.25327831e-03 4.04061439e-03 288.44422161 5.02393800e-06 
 16 4.13703603e-03 3.93018423e-03 287.81972048 4.89723642e-06 
 17 4.02397150e-03 3.82277292e-03 287.19522160 4.77375361e-06 
 18 3.91399577e-03 3.71829598e-03 286.57072050 4.65340498e-06 
 19 3.80702509e-03 3.61667384e-03 285.94622161 4.53611119e-06 
 20 3.70218847e-03 3.51707904e-03 285.33919060 4.42058161e-06 
 21 3.59934690e-03 3.41937956e-03 284.75318511 4.30662869e-06 
 22 3.49924991e-03 3.32428741e-03 284.17018511 4.19530939e-06 
 23 3.40193585e-03 3.23183906e-03 283.58668630 4.08716900e-06 
 24 3.30732577e-03 3.14195948e-03 283.00318515 3.98169478e-06 
 25 3.21535068e-03 3.05458314e-03 282.42018506 3.87895665e-06 
 26 3.12566740e-03 2.96938403e-03 281.81873305 3.77881141e-06 
 27 3.03749464e-03 2.88561991e-03 281.14836686 3.68096993e-06 
 28 2.95110046e-03 2.80354544e-03 280.42736682 3.58546852e-06 
 29 2.86716849e-03 2.72381006e-03 279.70636676 3.49247396e-06 
 30 2.78562466e-03 2.64634342e-03 278.98486800 3.40180562e-06 
 31 2.70639997e-03 2.57107997e-03 278.26336676 3.31373869e-06 
 32 2.62942525e-03 2.49795398e-03 277.54236688 3.22785379e-06 
 33 2.55463647e-03 2.42690465e-03 276.82136684 3.14421195e-06 
 34 2.48150596e-03 2.35743066e-03 276.10436854 3.06213517e-06 
 35 2.40924598e-03 2.28878368e-03 275.39487870 2.99725000e-06 
 36 2.20556808e-03 2.09528967e-03 273.30525250 1.37494042e-05 
 37 1.89953187e-03 1.80455527e-03 270.32818459 1.19728124e-05 
 38 1.63323452e-03 1.55157279e-03 268.41873169 1.03668573e-05 
 39 1.40239072e-03 1.33227119e-03 267.06692749 8.94664716e-06 
 40 1.20296086e-03 1.14281282e-03 265.77162309 7.71229816e-06 
 41 1.03110972e-03 9.79554237e-04 264.55598109 6.64046799e-06 
 42 8.83007554e-04 8.38857176e-04 263.52382594 5.70894582e-06 
 43 7.55665035e-04 7.17881783e-04 262.62631943 4.90232919e-06 
 44 6.46019524e-04 6.13718548e-04 261.40028489 4.21095412e-06 
 45 5.51562158e-04 5.23984050e-04 259.76773072 3.61760089e-06 
 46 4.70647628e-04 4.47115246e-04 258.03369752 3.10764097e-06 
 47 4.00763966e-04 3.80725768e-04 256.11259276 2.66623642e-06 
 48 3.40632805e-04 3.23601165e-04 254.03159297 2.28459977e-06 
 49 2.89231465e-04 2.74769892e-04 251.84129533 1.95672585e-06 
 50 2.44826085e-04 2.32584780e-04 249.31735473 1.67307946e-06 
 51 2.06792516e-04 1.96452890e-04 246.56584789 1.42903484e-06 
 52 1.74391985e-04 1.65672386e-04 243.73390257 1.21905126e-06 
 53 1.46432655e-04 1.39111022e-04 240.68063878 1.03659276e-06 
 54 1.22609694e-04 1.16479209e-04 237.48513143 8.79689293e-07 
 55 1.02470082e-04 9.73465779e-05 234.26602363 7.45245166e-07 
 56 8.51569437e-05 8.08990965e-05 230.97381214 6.28157737e-07 
 57 7.04948928e-05 6.69701482e-05 227.63130424 5.27675087e-07 
 58 5.82790737e-05 5.53651200e-05 224.51306404 4.42264839e-07 
 59 4.79458480e-05 4.55485556e-05 222.20122943 3.67634226e-07 
 60 3.93000522e-05 3.73350496e-05 220.48273765 3.03689603e-07 
 61 3.22084910e-05 3.05980664e-05 218.97666791 2.50618691e-07 
 62 2.63739425e-05 2.50552454e-05 218.68534199 2.05478682e-07 
 63 1.40769435e-05 1.33730963e-05 225.05214442 6.39574601e-07 
 64 4.93025994e-06 4.68374694e-06 234.88298520 1.78820528e-07 
 65 2.00177910e-06 1.90169015e-06 231.02029689 7.38194888e-08 
 66 7.69775723e-07 7.31286937e-07 217.12794492 3.02032383e-08 
 67 2.72969403e-07 2.59320933e-07 207.41173982 1.12120663e-08 
 68 9.16266055e-08 8.70452752e-08 202.68639995 3.85125264e-09 
 69 2.96206261e-08 2.81395948e-08 196.69169121 1.28289057e-09 
 70 8.81015468e-09 8.36964694e-09 185.27291442 4.05118921e-10 
 71 2.51377033e-09 2.38808182e-09 192.11495142 1.11474455e-10 
 72 8.80768730e-10 8.36730293e-10 231.75030005 3.23781857e-11 
 73 4.07955241e-10 3.87557479e-10 272.42201008 1.27579604e-11 
 74 2.19044956e-10 2.08092708e-10 300.02599266 6.21992722e-12 
 75 1.26363997e-10 1.20045797e-10 317.99546572 3.38542622e-12 
 76 7.61259267e-11 7.23196304e-11 329.37773959 1.96901613e-12 
 77 4.73883054e-11 4.50188901e-11 336.10126411 1.20102733e-12 
 78 3.01438653e-11 2.86366720e-11 340.34873119 7.54546017e-13 
 79 1.95164577e-11 1.85406348e-11 343.10178604 4.84606173e-13 
 80 1.28939973e-11 1.22492975e-11 344.70517171 3.18676988e-13 
 81 8.65109704e-12 8.21854219e-12 345.77545856 2.13151280e-13 
 82 5.91883909e-12 5.62289714e-12 346.44202157 1.45551571e-13 
 83 4.12206243e-12 3.91595931e-12 346.86284108 1.01243632e-13 
 84 2.92568749e-12 2.77940311e-12 347.15188877 7.17991543e-14 
 85 2.11852009e-12 2.01259408e-12 347.33227261 5.19564307e-14 
 86 1.55852418e-12 1.48059797e-12 347.46580794 3.82131110e-14 
 87 1.17059040e-12 1.11206088e-12 347.54969630 2.86945204e-14 
 88 8.88109682e-13 8.43704198e-13 347.61480843 2.17660320e-14 
 89 6.86659957e-13 6.52326959e-13 347.65971907 1.68266737e-14 
