$ Set up KCARTA database 
 HI=1 F4=1 CN=1 AE=0 EM=1 SC=0 FI=0 PL=0 TS=0 AM=1 MG=0 LA=0 MS=0 XS=1    0    0
   655.000   680.000
   288.000     1.000
    0    2 -101    1    1   28    1 0  0     0.000   100.000   667.500               0.000
     1.000    80.000   180.000
  1100.000  1070.917  1042.232  1013.948   986.067   958.591   931.524   904.866
   878.620   852.788   827.371   802.371   777.790   753.628   729.886   706.565
   683.667   661.192   639.140   617.511   596.306   575.525   555.167   535.232
   515.720   496.630   477.961   459.712   441.882   424.470   407.474   390.893
   374.724   358.966   343.618   328.675   314.137   300.000   286.262   272.919
   259.969   247.409   235.234   223.441   212.028   200.989   190.320   180.018
   170.078   160.496   151.266   142.385   133.846   125.646   117.778   110.237
   103.017    96.114    89.520    83.231    77.240    71.540    66.125    60.989
    56.126    51.528    47.188    43.100    39.257    35.651    32.274    29.121
    26.183    23.453    20.922    18.585    16.432    14.456    12.649    11.004
     9.512     8.165     6.957     5.878     4.920     4.077     3.340     2.701
     2.153     1.687     1.297     0.975     0.714     0.506     0.345     0.224
     0.137     0.077     0.038     0.016     0.005
  102 Set up KCARTA database
    0.0000 1100.0000  292.6796     AA   AAAAAAA111111111111111111111
 8.899E+02 3.850E+02 2.763E-02 3.179E-01 1.473E-01 1.801E+00 2.090E+05                              
                                                                                                    
                                                                                                    
                                        
    0.1200 1085.3936  291.9530     AA   AAAAAAA111111111111111111111
 8.712E+02 3.850E+02 2.801E-02 3.174E-01 1.494E-01 1.802E+00 2.090E+05                              
                                                                                                    
                                                                                                    
                                        
    0.3620 1056.5096  290.4870     AA   AAAAAAA111111111111111111111
 8.334E+02 3.850E+02 2.877E-02 3.165E-01 1.534E-01 1.803E+00 2.090E+05                              
                                                                                                    
                                                                                                    
                                        
    0.6060 1028.0249  289.0020     AA   AAAAAAA111111111111111111111
 7.952E+02 3.850E+02 2.957E-02 3.154E-01 1.478E-01 1.804E+00 2.090E+05                              
                                                                                                    
                                                                                                    
                                        
    0.8519  999.9423  287.4970     AA   AAAAAAA111111111111111111111
 7.564E+02 3.850E+02 3.040E-02 3.243E-01 1.520E-01 1.804E+00 2.090E+05                              
                                                                                                    
                                                                                                    
                                        
    1.0998  972.2642  285.9710     AA   AAAAAAA111111111111111111111
 7.171E+02 3.850E+02 3.126E-02 3.231E-01 1.459E-01 1.803E+00 2.090E+05                              
                                                                                                    
                                                                                                    
                                        
    1.3497  944.9928  284.4250     AA   AAAAAAA111111111111111111111
 6.773E+02 3.850E+02 3.217E-02 3.217E-01 1.501E-01 1.801E+00 2.090E+05                              
                                                                                                    
                                                                                                    
                                        
    1.6016  918.1303  282.8580     AA   AAAAAAA111111111111111111111
 6.370E+02 3.850E+02 3.311E-02 3.200E-01 1.435E-01 1.799E+00 2.090E+05                              
                                                                                                    
                                                                                                    
                                        
    1.8554  891.6786  281.2820     AA   AAAAAAA111111111111111111111
 5.980E+02 3.850E+02 3.409E-02 3.182E-01 1.477E-01 1.795E+00 2.090E+05                              
                                                                                                    
                                                                                                    
                                        
    2.1114  865.6398  279.7110     AA   AAAAAAA111111111111111111111
 5.631E+02 3.850E+02 3.512E-02 3.160E-01 1.405E-01 1.803E+00 2.090E+05                              
                                                                                                    
                                                                                                    
                                        
    2.3694  840.0156  278.1190     AA   AAAAAAA111111111111111111111
 5.278E+02 3.850E+02 3.619E-02 3.257E-01 1.447E-01 1.797E+00 2.090E+05                              
                                                                                                    
                                                                                                    
                                        
    2.6295  814.8074  276.5060     AA   AAAAAAA111111111111111111111
 4.920E+02 3.850E+02 3.731E-02 3.233E-01 1.368E-01 1.803E+00 2.090E+05                              
                                                                                                    
                                                                                                    
                                        
    2.8919  790.0168  274.8780     AA   AAAAAAA111111111111111111111
 4.559E+02 3.850E+02 3.848E-02 3.206E-01 1.411E-01 1.796E+00 2.090E+05                              
                                                                                                    
                                                                                                    
                                        
    3.1568  765.6450  273.2540     AA   AAAAAAA111111111111111111111
 4.197E+02 3.850E+02 2.647E-02 3.176E-01 1.323E-01 1.800E+00 2.090E+05                              
                                                                                                    
                                                                                                    
                                        
    3.4244  741.6933  271.6090     AA   AAAAAAA111111111111111111111
 3.831E+02 3.850E+02 2.732E-02 3.142E-01 1.366E-01 1.803E+00 2.090E+05                              
                                                                                                    
                                                                                                    
                                        
    3.6945  718.1624  269.9400     AA   AAAAAAA111111111111111111111
 3.459E+02 3.850E+02 2.822E-02 3.245E-01 1.411E-01 1.806E+00 2.090E+05                              
                                                                                                    
                                                                                                    
                                        
    3.9671  695.0535  268.2580     AA   AAAAAAA111111111111111111111
 3.116E+02 3.850E+02 2.916E-02 3.207E-01 1.312E-01 1.793E+00 2.090E+05                              
                                                                                                    
                                                                                                    
                                        
    4.2419  672.3671  266.5800     AA   AAAAAAA111111111111111111111
 2.848E+02 3.850E+02 3.014E-02 3.165E-01 1.356E-01 1.793E+00 2.090E+05                              
                                                                                                    
                                                                                                    
                                        
    4.5188  650.1036  264.8770     AA   AAAAAAA111111111111111111111
 2.580E+02 3.850E+02 3.117E-02 3.273E-01 1.403E-01 1.792E+00 2.090E+05                              
                                                                                                    
                                                                                                    
                                        
    4.7978  628.2635  263.1500     AA   AAAAAAA111111111111111111111
 2.308E+02 3.850E+02 3.226E-02 3.226E-01 1.290E-01 1.806E+00 2.090E+05                              
                                                                                                    
                                                                                                    
                                        
    5.0791  606.8470  261.4160     AA   AAAAAAA111111111111111111111
 2.066E+02 3.850E+02 3.339E-02 3.172E-01 1.336E-01 1.803E+00 2.090E+05                              
                                                                                                    
                                                                                                    
                                        
    5.3626  585.8541  259.6790     AA   AAAAAAA111111111111111111111
 1.863E+02 3.850E+02 3.459E-02 3.286E-01 1.384E-01 1.799E+00 2.090E+05                              
                                                                                                    
                                                                                                    
                                        
    5.6485  565.2847  257.9150     AA   AAAAAAA111111111111111111111
 1.656E+02 3.850E+02 3.585E-02 3.226E-01 1.255E-01 1.792E+00 2.090E+05                              
                                                                                                    
                                                                                                    
                                        
    5.9366  545.1388  256.1260     AA   AAAAAAA111111111111111111111
 1.450E+02 3.850E+02 3.717E-02 3.160E-01 1.301E-01 1.803E+00 2.090E+05                              
                                                                                                    
                                                                                                    
                                        
    6.2272  525.4157  254.3410     AA   AAAAAAA111111111111111111111
 1.298E+02 3.850E+02 3.857E-02 3.278E-01 1.350E-01 1.793E+00 2.090E+05                              
                                                                                                    
                                                                                                    
                                        
    6.5201  506.1149  252.5400     AA   AAAAAAA111111111111111111111
 1.168E+02 3.850E+02 4.004E-02 3.203E-01 1.201E-01 1.802E+00 2.090E+05                              
                                                                                                    
                                                                                                    
                                        
    6.8153  487.2356  250.7110     AA   AAAAAAA111111111111111111111
 1.035E+02 3.850E+02 4.159E-02 3.119E-01 1.248E-01 1.809E+00 2.090E+05                              
                                                                                                    
                                                                                                    
                                        
    7.1131  468.7770  248.8640     AA   AAAAAAA111111111111111111111
 9.089E+01 3.850E+02 4.323E-02 3.242E-01 1.297E-01 1.794E+00 2.090E+05                              
                                                                                                    
                                                                                                    
                                        
    7.4133  450.7381  247.0210     AA   AAAAAAA111111111111111111111
 8.070E+01 3.850E+02 4.496E-02 3.147E-01 1.349E-01 1.798E+00 2.090E+05                              
                                                                                                    
                                                                                                    
                                        
    7.7161  433.1175  245.1510     AA   AAAAAAA111111111111111111111
 7.053E+01 3.850E+02 4.679E-02 3.275E-01 1.170E-01 1.801E+00 2.090E+05                              
                                                                                                    
                                                                                                    
                                        
    8.0214  415.9139  243.2510     AA   AAAAAAA111111111111111111111
 6.030E+01 3.850E+02 4.872E-02 3.167E-01 1.218E-01 1.803E+00 2.090E+05                              
                                                                                                    
                                                                                                    
                                        
    8.3293  399.1258  241.3550     AA   AAAAAAA111111111111111111111
 5.296E+01 3.850E+02 5.077E-02 3.300E-01 1.269E-01 1.802E+00 2.090E+05                              
                                                                                                    
                                                                                                    
                                        
    8.6398  382.7514  239.4440     AA   AAAAAAA111111111111111111111
 4.691E+01 3.850E+02 5.295E-02 3.177E-01 1.324E-01 1.800E+00 2.090E+05                              
                                                                                                    
                                                                                                    
                                        
    8.9529  366.7889  237.5010     AA   AAAAAAA111111111111111111111
 4.077E+01 3.850E+02 5.525E-02 3.315E-01 1.105E-01 1.796E+00 2.090E+05                              
                                                                                                    
                                                                                                    
                                        
    9.2688  351.2362  235.5430     AA   AAAAAAA111111111111111111111
 3.456E+01 3.850E+02 5.770E-02 3.173E-01 1.154E-01 1.789E+00 2.090E+05                              
                                                                                                    
                                                                                                    
                                        
    9.5874  336.0911  233.5830     AA   AAAAAAA111111111111111111111
 2.828E+01 3.850E+02 6.030E-02 3.316E-01 1.206E-01 1.809E+00 2.090E+05                              
                                                                                                    
                                                                                                    
                                        
    9.9087  321.3513  231.5900     AA   AAAAAAA111111111111111111111
 2.188E+01 3.850E+02 9.459E-02 3.153E-01 1.261E-01 1.797E+00 2.090E+05                              
                                                                                                    
                                                                                                    
                                        
   10.2329  307.0142  229.5760     AA   AAAAAAA111111111111111111111
 1.601E+01 3.850E+02 9.901E-02 3.300E-01 9.901E-02 1.782E+00 2.090E+05                              
                                                                                                    
                                                                                                    
                                        
   10.5600  293.0772  227.5900     AA   AAAAAAA111111111111111111111
 1.293E+01 3.850E+02 1.037E-01 3.112E-01 1.037E-01 1.798E+00 2.090E+05                              
                                                                                                    
                                                                                                    
                                        
   10.8899  279.5373  225.5770     AA   AAAAAAA111111111111111111111
 1.015E+01 3.850E+02 1.087E-01 3.262E-01 1.087E-01 1.776E+00 2.090E+05                              
                                                                                                    
                                                                                                    
                                        
   11.2227  266.3916  223.5290     AA   AAAAAAA111111111111111111111
 7.455E+00 3.850E+02 1.141E-01 3.043E-01 1.141E-01 1.788E+00 2.090E+05                              
                                                                                                    
                                                                                                    
                                        
   11.5585  253.6370  221.4640     AA   AAAAAAA111111111111111111111
 6.032E+00 3.850E+02 1.598E-01 3.196E-01 7.990E-02 1.798E+00 2.090E+05                              
                                                                                                    
                                                                                                    
                                        
   11.8972  241.2700  219.3650     AA   AAAAAAA111111111111111111111
 4.956E+00 3.850E+02 1.680E-01 3.360E-01 8.399E-02 1.764E+00 2.090E+05                              
                                                                                                    
                                                                                                    
                                        
   12.2391  229.2871  217.3250     AA   AAAAAAA111111111111111111111
 3.845E+00 3.850E+02 2.210E-01 3.093E-01 8.838E-02 1.768E+00 2.090E+05                              
                                                                                                    
                                                                                                    
                                        
   12.5841  217.6847  216.7730     AA   AAAAAAA111111111111111111111
 3.165E+00 3.850E+02 2.327E-01 3.258E-01 9.309E-02 1.769E+00 2.090E+05                              
                                                                                                    
                                                                                                    
                                        
   12.9324  206.4590  216.7400     AA   AAAAAAA111111111111111111111
 2.601E+00 3.850E+02 2.945E-01 2.945E-01 9.816E-02 1.767E+00 2.090E+05                              
                                                                                                    
                                                                                                    
                                        
   13.2841  195.6060  216.7070     AA   AAAAAAA111111111111111111111
 2.020E+00 3.850E+02 3.108E-01 3.108E-01 1.036E-01 1.761E+00 2.090E+05                              
                                                                                                    
                                                                                                    
                                        
   13.6392  185.1215  216.7000     AA   AAAAAAA111111111111111111111
 1.642E+00 3.850E+02 3.284E-01 3.284E-01 5.473E-02 1.751E+00 2.090E+05                              
                                                                                                    
                                                                                                    
                                        
   13.9977  175.0013  216.7000     AA   AAAAAAA111111111111111111111
 1.390E+00 3.850E+02 3.474E-01 2.895E-01 5.790E-02 1.737E+00 2.090E+05                              
                                                                                                    
                                                                                                    
                                        
   14.3595  165.2408  216.7000     AA   AAAAAAA111111111111111111111
 1.104E+00 3.850E+02 3.679E-01 3.066E-01 6.132E-02 1.717E+00 2.090E+05                              
                                                                                                    
                                                                                                    
                                        
   14.7248  155.8356  216.7000     AA   AAAAAAA111111111111111111111
 9.103E-01 3.850E+02 4.551E-01 3.251E-01 6.502E-02 1.756E+00 2.090E+05                              
                                                                                                    
                                                                                                    
                                        
   15.0935  146.7808  216.7000     AA   AAAAAAA111111111111111111111
 6.903E-01 3.850E+02 4.832E-01 2.761E-01 6.903E-02 1.726E+00 2.090E+05                              
                                                                                                    
                                                                                                    
                                        
   15.4661  138.0715  216.7000     AA   AAAAAAA111111111111111111111
 5.871E-01 3.850E+02 5.137E-01 2.935E-01 7.339E-02 1.688E+00 2.090E+05                              
                                                                                                    
                                                                                                    
                                        
   15.8425  129.7027  216.7000     AA   AAAAAAA111111111111111111111
 5.468E-01 3.850E+02 6.250E-01 3.125E-01 7.812E-02 1.719E+00 2.090E+05                              
                                                                                                    
                                                                                                    
                                        
   16.2228  121.6691  216.7000     AA   AAAAAAA111111111111111111111
 4.997E-01 3.850E+02 6.662E-01 3.331E-01 0.000E+00 1.666E+00 2.090E+05                              
                                                                                                    
                                                                                                    
                                        
   16.6070  113.9655  216.7000     AA   AAAAAAA111111111111111111111
 4.445E-01 3.850E+02 7.113E-01 2.667E-01 0.000E+00 1.689E+00 2.090E+05                              
                                                                                                    
                                                                                                    
                                        
   16.9963  106.5861  216.7000     AA   AAAAAAA111111111111111111111
 3.803E-01 3.850E+02 8.556E-01 2.852E-01 0.000E+00 1.711E+00 2.090E+05                              
                                                                                                    
                                                                                                    
                                        
   17.3925   99.5256  216.7000     AA   AAAAAAA111111111111111111111
 4.072E-01 3.850E+02 9.163E-01 3.054E-01 0.000E+00 1.629E+00 2.090E+05                              
                                                                                                    
                                                                                                    
                                        
   17.7971   92.7781  216.7000     AA   AAAAAAA111111111111111111111
 4.368E-01 3.850E+02 1.092E+00 3.276E-01 0.000E+00 1.638E+00 2.090E+05                              
                                                                                                    
                                                                                                    
                                        
   18.2129   86.3375  216.7000     AA   AAAAAAA111111111111111111111
 3.521E-01 3.851E+02 1.291E+00 2.347E-01 0.000E+00 1.643E+00 2.090E+05                              
                                                                                                    
                                                                                                    
                                        
   18.6429   80.1980  216.7000     AA   AAAAAAA111111111111111111111
 3.790E-01 3.850E+02 1.390E+00 2.527E-01 0.000E+00 1.642E+00 2.090E+05                              
                                                                                                    
                                                                                                    
                                        
   19.0879   74.3533  216.7000     AA   AAAAAAA111111111111111111111
 4.088E-01 3.850E+02 1.635E+00 2.726E-01 0.000E+00 1.635E+00 2.090E+05                              
                                                                                                    
                                                                                                    
                                        
   19.5487   68.7970  216.7000     AA   AAAAAAA111111111111111111111
 4.418E-01 3.850E+02 1.915E+00 2.946E-01 0.000E+00 1.620E+00 2.090E+05                              
                                                                                                    
                                                                                                    
                                        
   20.0264   63.5228  216.7000     AA   AAAAAAA111111111111111111111
 3.190E-01 3.851E+02 2.074E+00 3.190E-01 0.000E+00 1.595E+00 2.090E+05                              
                                                                                                    
                                                                                                    
                                        
   20.5221   58.5241  216.7000     AA   AAAAAAA111111111111111111111
 3.463E-01 3.850E+02 2.424E+00 1.731E-01 0.000E+00 1.558E+00 2.090E+05                              
                                                                                                    
                                                                                                    
                                        
   21.0368   53.7942  216.8640     AA   AAAAAAA111111111111111111111
 3.767E-01 3.850E+02 2.637E+00 1.884E-01 0.000E+00 1.507E+00 2.090E+05                              
                                                                                                    
                                                                                                    
                                        
   21.5719   49.3262  217.3550     AA   AAAAAAA111111111111111111111
 4.108E-01 3.850E+02 2.876E+00 2.054E-01 0.000E+00 1.438E+00 2.090E+05                              
                                                                                                    
                                                                                                    
                                        
   22.1287   45.1133  217.9000     AA   AAAAAAA111111111111111111111
 4.492E-01 3.850E+02 3.144E+00 2.246E-01 0.000E+00 1.348E+00 2.090E+05                              
                                                                                                    
                                                                                                    
                                        
   22.7084   41.1484  218.4910     AA   AAAAAAA111111111111111111111
 4.925E-01 3.849E+02 3.694E+00 2.462E-01 0.000E+00 1.477E+00 2.090E+05                              
                                                                                                    
                                                                                                    
                                        
   23.3115   37.4246  219.1030     AA   AAAAAAA111111111111111111111
 5.415E-01 3.850E+02 3.790E+00 2.707E-01 0.000E+00 1.354E+00 2.090E+05                              
                                                                                                    
                                                                                                    
                                        
   23.9384   33.9345  219.7370     AA   AAAAAAA111111111111111111111
 2.986E-01 3.849E+02 4.180E+00 2.986E-01 0.000E+00 1.194E+00 2.090E+05                              
                                                                                                    
                                                                                                    
                                        
   24.5906   30.6707  220.3930     AA   AAAAAAA111111111111111111111
 3.304E-01 3.849E+02 4.625E+00 3.304E-01 0.000E+00 1.321E+00 2.090E+05                              
                                                                                                    
                                                                                                    
                                        
   25.2696   27.6259  221.0730     AA   AAAAAAA111111111111111111111
 3.668E-01 3.851E+02 4.768E+00 0.000E+00 0.000E+00 1.100E+00 2.090E+05                              
                                                                                                    
                                                                                                    
                                        
   25.9773   24.7927  221.7710     AA   AAAAAAA111111111111111111111
 4.087E-01 3.850E+02 5.313E+00 0.000E+00 0.000E+00 1.226E+00 2.090E+05                              
                                                                                                    
                                                                                                    
                                        
   26.7161   22.1634  222.4790     AA   AAAAAAA111111111111111111111
 4.572E-01 3.849E+02 5.486E+00 0.000E+00 0.000E+00 9.143E-01 2.090E+05                              
                                                                                                    
                                                                                                    
                                        
   27.4884   19.7305  223.2130     AA   AAAAAAA111111111111111111111
 5.135E-01 3.852E+02 5.649E+00 0.000E+00 0.000E+00 1.027E+00 2.090E+05                              
                                                                                                    
                                                                                                    
                                        
   28.2969   17.4862  223.9800     AA   AAAAAAA111111111111111111111
 5.795E-01 3.848E+02 5.795E+00 0.000E+00 0.000E+00 1.159E+00 2.090E+05                              
                                                                                                    
                                                                                                    
                                        
   29.1446   15.4228  224.8090     AA   AAAAAAA111111111111111111111
 6.570E-01 3.850E+02 5.913E+00 0.000E+00 0.000E+00 1.314E+00 2.090E+05                              
                                                                                                    
                                                                                                    
                                        
   30.0348   13.5325  225.6790     AA   AAAAAAA111111111111111111111
 7.488E-01 3.849E+02 5.990E+00 0.000E+00 0.000E+00 7.488E-01 2.090E+05                              
                                                                                                    
                                                                                                    
                                        
   30.9713   11.8074  226.6360     AA   AAAAAAA111111111111111111111
 8.581E-01 3.853E+02 6.865E+00 0.000E+00 0.000E+00 8.581E-01 2.090E+05                              
                                                                                                    
                                                                                                    
                                        
   31.9586   10.2397  227.8520     AA   AAAAAAA111111111111111111111
 0.000E+00 3.849E+02 6.927E+00 0.000E+00 0.000E+00 9.895E-01 2.090E+05                              
                                                                                                    
                                                                                                    
                                        
   33.0019    8.8216  229.1500     AA   AAAAAAA111111111111111111111
 0.000E+00 3.848E+02 6.892E+00 0.000E+00 0.000E+00 1.149E+00 2.090E+05                              
                                                                                                    
                                                                                                    
                                        
   34.1072    7.5450  231.1640     AA   AAAAAAA111111111111111111111
 0.000E+00 3.854E+02 8.058E+00 0.000E+00 0.000E+00 1.343E+00 2.090E+05                              
                                                                                                    
                                                                                                    
                                        
   35.2811    6.4020  234.3610     AA   AAAAAAA111111111111111111111
 0.000E+00 3.846E+02 7.914E+00 0.000E+00 0.000E+00 1.583E+00 2.090E+05                              
                                                                                                    
                                                                                                    
                                        
   36.5317    5.3848  237.7500     AA   AAAAAAA111111111111111111111
 0.000E+00 3.857E+02 7.527E+00 0.000E+00 0.000E+00 0.000E+00 2.090E+05                              
                                                                                                    
                                                                                                    
                                        
   37.8683    4.4855  241.3410     AA   AAAAAAA111111111111111111111
 0.000E+00 3.840E+02 6.777E+00 0.000E+00 0.000E+00 0.000E+00 2.090E+05                              
                                                                                                    
                                                                                                    
                                        
   39.3021    3.6962  245.2220     AA   AAAAAAA111111111111111111111
 0.000E+00 3.838E+02 8.224E+00 0.000E+00 0.000E+00 0.000E+00 2.089E+05                              
                                                                                                    
                                                                                                    
                                        
   40.8467    3.0091  249.4080     AA   AAAAAAA111111111111111111111
 0.000E+00 3.839E+02 6.735E+00 0.000E+00 0.000E+00 0.000E+00 2.089E+05                              
                                                                                                    
                                                                                                    
                                        
   42.5180    2.4164  253.9370     AA   AAAAAAA111111111111111111111
 0.000E+00 3.858E+02 8.386E+00 0.000E+00 0.000E+00 0.000E+00 2.089E+05                              
                                                                                                    
                                                                                                    
                                        
   44.3357    1.9105  258.8560     AA   AAAAAAA111111111111111111111
 0.000E+00 3.872E+02 5.304E+00 0.000E+00 0.000E+00 0.000E+00 2.089E+05                              
                                                                                                    
                                                                                                    
                                        
   46.3236    1.4837  264.2100     AA   AAAAAAA111111111111111111111
 0.000E+00 3.824E+02 6.829E+00 0.000E+00 0.000E+00 0.000E+00 2.089E+05                              
                                                                                                    
                                                                                                    
                                        
   48.5072    1.1286  269.4250     AA   AAAAAAA111111111111111111111
 0.000E+00 3.860E+02 0.000E+00 0.000E+00 0.000E+00 0.000E+00 2.089E+05                              
                                                                                                    
                                                                                                    
                                        
   50.9036    0.8379  270.3980     AA   AAAAAAA111111111111111111111
 0.000E+00 3.870E+02 0.000E+00 0.000E+00 0.000E+00 0.000E+00 2.090E+05                              
                                                                                                    
                                                                                                    
                                        
   53.5208    0.6043  266.4120     AA   AAAAAAA111111111111111111111
 0.000E+00 3.857E+02 0.000E+00 0.000E+00 0.000E+00 0.000E+00 2.091E+05                              
                                                                                                    
                                                                                                    
                                        
   56.3813    0.4208  260.4880     AA   AAAAAAA111111111111111111111
 0.000E+00 3.853E+02 0.000E+00 0.000E+00 0.000E+00 0.000E+00 2.092E+05                              
                                                                                                    
                                                                                                    
                                        
   59.5231    0.2806  252.3220     AA   AAAAAAA111111111111111111111
 0.000E+00 3.973E+02 0.000E+00 0.000E+00 0.000E+00 0.000E+00 2.092E+05                              
                                                                                                    
                                                                                                    
                                        
   62.9796    0.1771  243.0390     AA   AAAAAAA111111111111111111111
 0.000E+00 4.005E+02 0.000E+00 0.000E+00 0.000E+00 0.000E+00 2.093E+05                              
                                                                                                    
                                                                                                    
                                        
   66.7977    0.1041  232.7610     AA   AAAAAAA111111111111111111111
 0.000E+00 3.894E+02 0.000E+00 0.000E+00 0.000E+00 0.000E+00 2.094E+05                              
                                                                                                    
                                                                                                    
                                        
   71.0715    0.0554  221.3230     AA   AAAAAAA111111111111111111111
 0.000E+00 3.656E+02 0.000E+00 0.000E+00 0.000E+00 0.000E+00 2.097E+05                              
                                                                                                    
                                                                                                    
                                        
   75.9620    0.0257  209.9920     AA   AAAAAAA111111111111111111111
 0.000E+00 3.949E+02 0.000E+00 0.000E+00 0.000E+00 0.000E+00 2.097E+05                              
                                                                                                    
                                                                                                    
                                        
   81.8203    0.0095  198.1640     AA   AAAAAAA111111111111111111111
 0.000E+00 0.000E+00 0.000E+00 0.000E+00 0.000E+00 0.000E+00 2.081E+05                              
                                                                                                    
                                                                                                    
                                        
   85.5993    0.0050  190.5343     AA   AAAAAAA111111111111111111111
 0.000E+00-2.548E+02 0.000E+00 0.000E+00 0.000E+00 0.000E+00 2.071E+05                              
                                                                                                    
                                                                                                    
                                        
    3    0    0 selected x-sections are :
CCL4      F11       F12 
    2    1  
  1100.000     AAA
 1.105E-04 2.783E-04 5.027E-04
     0.005     AAA
 1.105E-04 2.783E-04 5.027E-04
-1.
%
