$    1  Set up KCARTA database                                                 LBLRTM 
 1 32   28  1.000000 Set up KCARTA d H1=   49.48 H2=   18.66 ANG= 180.000 LEN= 0
   78.49980        216.70              1  18.659 79.9827 216.70 18.881 77.0169 216.70
  2.2574008E+16  2.2443012E+19  8.4869266E+16  1.5051808E+16  0.0000000E+00  9.5602097E+16  1.2183350E+22  5.6029933E+20
  1.4121045E+13  2.4251297E+12  5.7651691E+13  2.6137558E+09  1.6966561E+14  9.0298222E+09  2.1235407E+12  2.5043648E+13
  9.9099016E+10  1.7488062E+11  1.0033938E+11  1.6425772E+13  1.9774834E+12  1.2221469E+12  4.5527254E+22  8.2728645E+12
  2.3369794E+13  1.4794425E+11  3.4275000E+10  4.9249903E+12  5.8293539E+02
   74.17758        216.70              1                        19.332 71.3507 216.70
  4.5874508E+16  4.3080984E+19  1.8395508E+17  3.0590039E+16  0.0000000E+00  1.8280383E+17  2.3386820E+22  1.0755130E+21
  2.7399482E+13  4.3442002E+12  1.2218252E+14  4.2136127E+09  3.6646918E+14  1.8780900E+10  4.6815406E+12  5.0029573E+13
  1.9022772E+11  3.3569598E+11  2.5375482E+11  3.0253853E+13  3.7933861E+12  2.6092565E+12  8.7392853E+22  1.5728795E+13
  4.3893389E+13  3.0899253E+11  5.6123724E+10  8.6494918E+12  1.1189866E+03
   68.65307        216.70              1                        19.800 65.9681 216.70
  4.4973017E+16  4.1300003E+19  2.0418207E+17  3.1683240E+16  0.0000000E+00  1.7358244E+17  2.2419198E+22  1.0309841E+21
  2.6745102E+13  3.7692254E+12  1.3305393E+14  3.1875286E+09  4.0336396E+14  2.0242116E+10  5.3290844E+12  5.0366120E+13
  1.8235712E+11  3.2180668E+11  3.5894987E+11  2.7348906E+13  3.6462919E+12  2.8785015E+12  8.3777005E+22  1.4878021E+13
  4.0796771E+13  3.3941694E+11  4.2254744E+10  7.2936622E+12  1.0726889E+03
   63.40910        216.70              1                        20.285 60.8626 216.70
  3.4416725E+16  3.9557447E+19  2.1578073E+17  3.0026443E+16  0.0000000E+00  1.6361940E+17  2.1469856E+22  9.8730331E+20
  2.6300407E+13  3.2593324E+12  1.4416348E+14  2.4692048E+09  4.3348353E+14  2.2764723E+10  5.9996474E+12  5.0332694E+13
  1.7463519E+11  3.0817975E+11  4.8914626E+11  2.4655871E+13  3.5380839E+12  3.2042185E+12  8.0229462E+22  1.4065460E+13
  3.7797137E+13  3.8396501E+11  3.1361712E+10  6.1142776E+12  1.0272658E+03
   58.43895        216.72              1                        20.788 56.0268 216.78
  3.4088605E+16  3.7823830E+19  2.3665359E+17  1.8530413E+16  0.0000000E+00  1.5280162E+17  2.0532319E+22  9.4417795E+20
  2.6112177E+13  2.8416576E+12  1.5543936E+14  2.0462588E+09  4.5346513E+14  2.7059986E+10  6.6865000E+12  4.9855514E+13
  1.6700929E+11  2.9472228E+11  6.3560841E+11  2.2222434E+13  3.4860348E+12  3.6163150E+12  7.6726035E+22  1.3301508E+13
  3.4885083E+13  4.4452116E+11  2.3373420E+10  5.1059077E+12  9.8240762E+02
   53.73443        216.91              1                        21.311 51.4527 217.12
  3.5388765E+16  3.6106222E+19  2.4773188E+17  1.7697323E+16  0.0000000E+00  1.4102739E+17  1.9600520E+22  9.0129805E+20
  2.6091398E+13  2.4855219E+12  1.6664671E+14  1.7918651E+09  4.6518790E+14  3.2471369E+10  7.3663351E+12  4.9060254E+13
  1.5943007E+11  2.8134718E+11  7.6705790E+11  1.9946440E+13  3.4659435E+12  4.0775335E+12  7.3244049E+22  1.2546816E+13
  3.2056756E+13  5.4547618E+11  1.7240039E+10  4.2276054E+12  9.3782394E+02
   49.28766        217.37              1                        21.856 47.1323 217.63
  3.6745506E+16  3.4388190E+19  2.5724219E+17  1.8373321E+16  0.0000000E+00  1.2811151E+17  1.8667874E+22  8.5837953E+20
  2.6169568E+13  2.1704712E+12  1.7752537E+14  1.5970267E+09  4.6976798E+14  3.8476249E+10  8.0163256E+12  4.8046267E+13
  1.5184395E+11  2.6795992E+11  8.5509798E+11  1.7751517E+13  3.4591773E+12  4.5580376E+12  6.9758899E+22  1.1769129E+13
  2.9304494E+13  7.0886774E+11  1.2100999E+10  3.4457436E+12  8.9319973E+02
   45.09231        217.91              1                        22.422 43.0611 218.20
  3.8152920E+16  3.2661750E+19  2.6949289E+17  1.9075953E+16  0.0000000E+00  1.1662246E+17  1.7731250E+22  8.1528544E+20
  2.6580615E+13  1.9099408E+12  1.8775329E+14  1.4435191E+09  4.6659081E+14  4.5599686E+10  8.6572326E+12  4.6866842E+13
  1.4422548E+11  2.5451555E+11  9.5375776E+11  1.5675854E+13  3.4704786E+12  5.0863823E+12  6.6258881E+22  1.0973101E+13
  2.6542534E+13  9.5787838E+11  8.2092274E+09  2.7878742E+12  8.4838516E+02
   41.14234        218.49              1                        23.012 39.2304 218.80
  3.9621733E+16  3.0940514E+19  2.9211455E+17  1.9807374E+16  0.0000000E+00  1.1612300E+17  1.6799555E+22  7.7240294E+20
  2.7505240E+13  1.7059800E+12  1.9726661E+14  1.3062804E+09  4.5598810E+14  5.4266489E+10  9.3053522E+12  4.5605626E+13
  1.3664237E+11  2.4114194E+11  1.0998393E+12  1.3727704E+13  3.5014725E+12  5.6777101E+12  6.2777286E+22  1.0166960E+13
  2.3730328E+13  1.3215611E+12  5.4910823E+09  2.2574645E+12  8.0380648E+02
   37.42902        219.10              1                        23.626 35.6324 219.42
  3.7856976E+16  2.9216159E+19  2.9026146E+17  2.0557611E+16  0.0000000E+00  1.0232124E+17  1.5861229E+22  7.2924616E+20
  2.8977725E+13  1.5282574E+12  2.0638124E+14  1.1723062E+09  4.3926534E+14  6.4787115E+10  9.9454664E+12  4.4269858E+13
  1.2898632E+11  2.2767314E+11  1.2858044E+12  1.1801249E+13  3.5395392E+12  6.2996756E+12  5.9270907E+22  9.3445920E+12
  2.0853595E+13  1.8487842E+12  3.3596256E+09  1.7950012E+12  7.5891046E+02
   33.94523        219.74              1                        24.264 32.2624 220.06
  2.3361321E+16  2.7477700E+19  2.9854781E+17  2.1326590E+16  0.0000000E+00  8.7698753E+16  1.4919851E+22  6.8594786E+20
  3.2067760E+13  1.3633927E+12  2.1671438E+14  1.0320486E+09  4.1565772E+14  8.1852510E+10  1.0592210E+13  4.3040611E+13
  1.2138630E+11  2.1416055E+11  1.5812176E+12  9.8766016E+12  3.5915640E+12  6.9918465E+12  5.5753129E+22  8.5206469E+12
  1.7788536E+13  2.5537327E+12  1.7331175E+09  1.3729558E+12  7.1386848E+02
   30.68681        220.39              1                        24.929 29.1151 220.73
  2.2123497E+16  2.5765733E+19  3.0682331E+17  1.9010875E+16  0.0000000E+00  8.5384627E+16  1.3989857E+22  6.4315828E+20
  3.8662981E+13  1.2113815E+12  2.3070213E+14  8.8217264E+08  3.8302193E+14  1.1402315E+11  1.1275049E+13  4.2205441E+13
  1.1414389E+11  2.0081135E+11  2.1209200E+12  8.0134919E+12  3.6780195E+12  7.8457258E+12  5.2277888E+22  7.7273118E+12
  1.4376544E+13  3.4101567E+12  8.3643757E+08  9.9131411E+11  6.6937117E+02
   27.64680        221.07              1                        25.621 26.1822 221.42
  2.2974293E+16  2.4113726E+19  3.0141662E+17  2.8510960E+15  0.0000000E+00  7.1476661E+16  1.3088193E+22  6.0170417E+20
  4.6155890E+13  1.0777980E+12  2.4222196E+14  7.4538602E+08  3.4686775E+14  1.5039215E+11  1.1773527E+13  4.1353745E+13
  1.0729052E+11  1.8786880E+11  2.7193317E+12  6.4049842E+12  3.7450362E+12  8.5920379E+12  4.8908512E+22  7.0066817E+12
  1.1251206E+13  4.1883419E+12  4.0701966E+08  6.9089717E+11  6.2622935E+02
   24.81773        221.77              1                        26.342 23.4570 222.12
  2.3880283E+16  2.2495411E+19  3.0737291E+17  0.0000000E+00  0.0000000E+00  6.8237985E+16  1.2211766E+22  5.6138945E+20
  5.2147392E+13  9.6444498E+11  2.4596620E+14  6.3786313E+08  3.1165987E+14  1.8084814E+11  1.1903944E+13  4.0122469E+13
  1.0071042E+11  1.7528851E+11  3.2054301E+12  5.1712523E+12  3.7437849E+12  8.9956837E+12  4.5633442E+22  6.3773870E+12
  8.8874234E+12  4.6932193E+12  2.0492001E+08  4.9534298E+11  5.8429503E+02
   22.19188        222.47              1                        27.096 20.9303 222.84
  2.4874445E+16  2.0948253E+19  2.9834609E+17  0.0000000E+00  0.0000000E+00  5.2459519E+16  1.1373421E+22  5.2285002E+20
  5.7943460E+13  8.6673628E+11  2.4535255E+14  5.5024106E+08  2.7736394E+14  2.1273009E+11  1.1814086E+13  3.8908863E+13
  9.4606368E+10  1.6325484E+11  3.6933859E+12  4.2006343E+12  3.7028117E+12  9.1924877E+12  4.2500677E+22  5.8205224E+12
  7.0575583E+12  5.0053097E+12  1.6292601E+08  3.7172541E+11  5.4418280E+02
   19.76197        223.21              1                        27.885 18.5970 223.59
  2.5914777E+16  1.9443103E+19  2.8497097E+17  0.0000000E+00  0.0000000E+00  5.1828838E+16  1.0551723E+22  4.8505342E+20
  6.4607251E+13  7.7705073E+11  2.4314340E+14  4.7214151E+08  2.4335952E+14  2.5026979E+11  1.1620748E+13  3.8019911E+13
  8.8864245E+10  1.5146014E+11  4.2864963E+12  3.3675592E+12  3.6390885E+12  9.2924746E+12  3.9430124E+22  5.2995902E+12
  5.5387848E+12  5.1933405E+12  1.9146101E+08  2.8726583E+11  5.0486714E+02
   17.52042        223.98              1                        28.711 16.4470 224.38
  2.7064918E+16  1.7988265E+19  2.7057330E+17  0.0000000E+00  0.0000000E+00  5.4129836E+16  9.7681922E+21  4.4902931E+20
  7.3586477E+13  6.8847993E+11  2.4450917E+14  3.9241332E+08  2.1007899E+14  2.9019339E+11  1.1546807E+13  3.8132088E+13
  8.3661812E+10  1.4021329E+11  5.1347630E+12  2.5184166E+12  3.5926273E+12  9.4927292E+12  3.6502192E+22  4.7912707E+12
  4.0812021E+12  5.3813116E+12  1.5868597E+08  2.0200703E+11  4.6737762E+02
   15.45872        224.80              1                        29.577 14.4733 225.23
  2.8293702E+16  1.6594217E+19  2.5458443E+17  0.0000000E+00  0.0000000E+00  5.2327756E+16  9.0091875E+21  4.1412359E+20
  8.4603416E+13  6.0558352E+11  2.4537346E+14  3.1765173E+08  1.7793490E+14  3.5804245E+11  1.1429546E+13  3.8626345E+13
  7.9132398E+10  1.2931848E+11  6.1730310E+12  1.7689167E+12  3.5359030E+12  9.6501876E+12  3.3665911E+22  4.3065093E+12
  2.8379397E+12  5.4567326E+12  1.2413954E+08  1.3373981E+11  4.3106160E+02
   13.56936        225.67              1                        30.488 12.6681 226.14
  2.9623837E+16  1.5248889E+19  2.4066246E+17  0.0000000E+00  0.0000000E+00  3.2624287E+16  8.2788397E+21  3.8055549E+20
  9.7961374E+13  5.3071267E+11  2.4417512E+14  2.5014300E+08  1.4752385E+14  4.7226076E+11  1.1204197E+13  3.9228375E+13
  7.5522519E+10  1.1883502E+11  7.4106916E+12  1.1725105E+12  3.4610474E+12  9.7121311E+12  3.0936717E+22  3.8519667E+12
  1.8653053E+12  5.3600952E+12  9.9547347E+07  8.4742885E+10  3.9611673E+02
   11.84491        226.64              1                        31.447 11.0242 227.22
  2.6951376E+16  1.3957846E+19  2.4449620E+17  0.0000000E+00  0.0000000E+00  3.1045527E+16  7.5731835E+21  3.4806913E+20
  1.1440184E+14  4.6477260E+11  2.3992126E+14  1.9040246E+08  1.1919078E+14  6.4732029E+11  1.0810900E+13  3.9711808E+13
  7.3050251E+10  1.0870598E+11  8.9342913E+12  7.6813378E+11  3.3614301E+12  9.6431319E+12  2.8299791E+22  3.4264474E+12
  1.1948932E+12  5.0299246E+12  7.9785564E+07  5.3308599E+10  3.6235328E+02
   10.27732        227.83              1                        32.459 9.53270 228.47
  4.2925550E+15  1.2709323E+19  2.2828927E+17  0.0000000E+00  0.0000000E+00  3.2608474E+16  6.9003555E+21  3.1712840E+20
  1.3211782E+14  4.0739516E+11  2.3162268E+14  1.3929911E+08  9.3670881E+13  8.9693050E+11  1.0317157E+13  4.0028088E+13
  7.1446020E+10  9.9048164E+10  1.0415191E+13  4.9076700E+11  3.2387058E+12  9.4331333E+12  2.5785539E+22  3.0333235E+12
  7.4122645E+11  4.5495009E+12  6.4872946E+07  3.3795329E+10  3.3016055E+02
   8.858174        229.20              1                        33.531 8.18550 230.11
  0.0000000E+00  1.1523851E+19  2.1020219E+17  0.0000000E+00  0.0000000E+00  3.4323869E+16  6.2577392E+21  2.8754686E+20
  1.5003309E+14  3.5790459E+11  2.1787697E+14  9.7420545E+07  7.1510748E+13  1.2336555E+12  9.7523231E+12  4.0114959E+13
  7.0412980E+10  8.9824007E+10  1.1576474E+13  2.9990533E+11  3.0908323E+12  9.0599452E+12  2.3384183E+22  2.6710533E+12
  4.4761604E+11  3.9605775E+12  5.3250740E+07  2.1185425E+10  2.9941336E+02
   7.579994        231.24              1                        34.668 6.97545 232.69
  0.0000000E+00  1.0375736E+19  2.1199228E+17  0.0000000E+00  0.0000000E+00  3.6084262E+16  5.6292203E+21  2.5850125E+20
  1.6585865E+14  3.1518052E+11  1.9790597E+14  6.4703696E+07  5.2777400E+13  1.6609554E+12  9.1112333E+12  3.9599922E+13
  6.9739286E+10  8.0802206E+10  1.2260688E+13  1.7189909E+11  2.9049408E+12  8.4805313E+12  2.1035507E+22  2.3327461E+12
  2.6815175E+11  3.3018084E+12  4.3712681E+07  1.2721225E+10  2.6934069E+02
   6.434047        234.29              1                        35.880 5.89318 235.98
  0.0000000E+00  9.2505805E+18  1.8966679E+17  0.0000000E+00  0.0000000E+00  3.3045699E+16  5.0239078E+21  2.3061033E+20
  1.7661864E+14  2.7970075E+11  1.7293781E+14  4.1140665E+07  3.7511483E+13  2.1845751E+12  8.4242257E+12  3.8010416E+13
  6.9710721E+10  7.2113509E+10  1.2484898E+13  9.3716040E+10  2.6774062E+12  7.6866228E+12  1.8773550E+22  2.0226080E+12
  1.6088691E+11  2.6438047E+12  3.5981381E+07  7.4708741E+09  2.4037836E+02
   5.412486        237.68              1                        37.174 4.93231 239.47
  0.0000000E+00  8.2019009E+18  1.5949229E+17  0.0000000E+00  0.0000000E+00  5.3239111E+15  4.4483469E+21  2.0418787E+20
  1.8064601E+14  2.5142627E+11  1.4377580E+14  2.5822426E+07  2.5657638E+13  2.7977493E+12  7.7189069E+12  3.5173859E+13
  7.0470925E+10  6.3851870E+10  1.2223570E+13  4.9461914E+10  2.4063995E+12  6.6872544E+12  1.6622770E+22  1.7423074E+12
  9.1195755E+10  2.0425467E+12  2.9588460E+07  4.1333891E+09  2.1283957E+02
   4.509311        241.27              1                        38.558 4.08681 243.21
  0.0000000E+00  7.1762580E+18  1.3128913E+17  0.0000000E+00  0.0000000E+00  0.0000000E+00  3.9034419E+21  1.7940093E+20
  1.7952088E+14  2.2921364E+11  1.1063706E+14  1.5101661E+07  1.6768931E+13  3.4381014E+12  7.0102608E+12  3.1715240E+13
  7.1918461E+10  5.6033265E+10  1.1357604E+13  2.6266857E+10  2.0896087E+12  5.5421207E+12  1.4587327E+22  1.4875149E+12
  5.0342597E+10  1.5290516E+12  2.4262003E+07  2.2111192E+09  1.8677755E+02
   3.716998        245.15              1                        40.046 3.34768 247.24
  0.0000000E+00  6.2501187E+18  1.2752409E+17  0.0000000E+00  0.0000000E+00  0.0000000E+00  3.4017823E+21  1.5758207E+20
  1.7405087E+14  2.1313510E+11  7.6201628E+13  7.1911581E+06  1.0416333E+13  4.0534165E+12  6.3257107E+12  2.8145671E+13
  7.3857184E+10  4.8849529E+10  9.8489217E+12  1.3753203E+10  1.7349553E+12  4.3239034E+12  1.2717161E+22  1.2602464E+12
  2.7125680E+10  1.1289400E+12  1.9820111E+07  1.1351311E+09  1.6283176E+02
   3.027023        249.33              1                        41.653 2.70679 251.59
  0.0000000E+00  5.4073578E+18  9.9958078E+16  0.0000000E+00  0.0000000E+00  0.0000000E+00  2.9409045E+21  1.3641407E+20
  1.6161210E+14  2.0336748E+11  4.7174327E+13  2.8250184E+06  5.9723566E+12  4.5527853E+12  5.6335936E+12  2.4595197E+13
  7.4840033E+10  4.2234148E+10  7.6620960E+12  7.9039431E+09  1.3471840E+12  3.0894585E+12  1.0994957E+22  1.0585347E+12
  1.5718002E+10  8.3487915E+11  1.6123585E+07  5.6757424E+08  1.4078049E+02
   2.431798        253.86              1                        43.396 2.15722 256.31
  0.0000000E+00  4.6416964E+18  9.3143583E+16  0.0000000E+00  0.0000000E+00  0.0000000E+00  2.5140547E+21  1.1655725E+20
  1.4253003E+14  1.9911452E+11  2.6432515E+13  1.0835674E+06  3.0841509E+12  4.8518597E+12  4.9311969E+12  2.1193671E+13
  7.3221414E+10  3.6104185E+10  5.1699468E+12  5.2715796E+09  9.4722551E+11  1.9772779E+12  9.3991227E+21  8.7885071E+11
  1.0526813E+10  6.2517913E+11  1.3008433E+07  2.7609564E+08  1.2034728E+02
   1.923363        258.77              1                        45.301 1.68983 261.46
  0.0000000E+00  3.9420018E+18  5.9441550E+16  0.0000000E+00  0.0000000E+00  0.0000000E+00  2.1308220E+21  9.8771137E+19
  1.2013438E+14  2.0046757E+11  1.4122188E+13  3.9832063E+05  1.5288864E+12  4.9049570E+12  4.2636338E+12  1.8168746E+13
  6.7925003E+10  3.0600603E+10  3.0467479E+12  3.6423073E+09  5.7083762E+11  1.1595828E+12  7.9663570E+21  7.2232309E+11
  7.2882558E+09  4.7136721E+11  1.0397374E+07  1.3141702E+08  1.0200201E+02
   1.494068        264.06              1                        47.388 1.29847 266.75
  0.0000000E+00  3.2599703E+18  5.0123995E+16  0.0000000E+00  0.0000000E+00  0.0000000E+00  1.7759249E+21  8.2339813E+19
  9.6461282E+13  2.0671467E+11  7.3670590E+12  1.5854677E+05  8.0078240E+11  4.6406185E+12  3.5937919E+12  1.5264641E+13
  5.9352430E+10  2.5503948E+10  1.6745964E+12  2.5811490E+09  2.5360923E+11  5.9471879E+11  6.6395279E+21  5.8173109E+11
  5.1633404E+09  3.4809895E+11  8.1906636E+06  6.8187550E+07  8.5013161E+01
   1.149326        268.73              1                        49.479 1.00017 269.82
  0.0000000E+00  2.4829103E+18  7.9663372E+15  0.0000000E+00  0.0000000E+00  0.0000000E+00  1.3453682E+21  6.2406290E+19
  6.9240369E+13  1.9561707E+11  3.6980987E+12  6.6067905E+04  4.3826144E+11  3.9384682E+12  2.7333096E+12  1.1593077E+13
  4.5760246E+10  1.9319958E+10  8.7027926E+11  1.7227684E+09  7.1238025E+10  2.5291349E+11  5.0296291E+21  4.2524007E+11
  3.4455908E+09  2.3696316E+11  5.8955832E+06  3.7359236E+07  6.4399861E+01
    3         0      THE FOLLOWING CROSS-SECTIONS WERE SELECTED:
CCL4      F11       F12                                                OTHER    
 1 32    3  1.000000 Set up KCARTA d H1=  49.479 H2=  18.659 ANG= 180.000 LEN= 0
   78.49980        216.70              1  18.659 79.9827 216.70 18.881 77.0169 216.70
  6.4414360E+12  1.6223092E+13  2.9304162E+13  0.0000000E+00  0.0000000E+00  0.0000000E+00  0.0000000E+00  5.6029933E+20
   74.17758        216.70              1                        19.332 71.3507 216.70
  1.2364802E+13  3.1141397E+13  5.6251456E+13  0.0000000E+00  0.0000000E+00  0.0000000E+00  0.0000000E+00  1.0755130E+21
   68.65307        216.70              1                        19.800 65.9681 216.70
  1.1853213E+13  2.9852933E+13  5.3924072E+13  0.0000000E+00  0.0000000E+00  0.0000000E+00  0.0000000E+00  1.0309841E+21
   63.40910        216.70              1                        20.285 60.8626 216.70
  1.1351288E+13  2.8588808E+13  5.1640654E+13  0.0000000E+00  0.0000000E+00  0.0000000E+00  0.0000000E+00  9.8730331E+20
   58.43895        216.72              1                        20.788 56.0268 216.78
  1.0855604E+13  2.7340404E+13  4.9385631E+13  0.0000000E+00  0.0000000E+00  0.0000000E+00  0.0000000E+00  9.4417795E+20
   53.73443        216.91              1                        21.311 51.4527 217.12
  1.0362954E+13  2.6099640E+13  4.7144409E+13  0.0000000E+00  0.0000000E+00  0.0000000E+00  0.0000000E+00  9.0129805E+20
   49.28766        217.37              1                        21.856 47.1323 217.63
  9.8698570E+12  2.4857749E+13  4.4901150E+13  0.0000000E+00  0.0000000E+00  0.0000000E+00  0.0000000E+00  8.5837953E+20
   45.09231        217.91              1                        22.422 43.0611 218.20
  9.3746561E+12  2.3610559E+13  4.2648322E+13  0.0000000E+00  0.0000000E+00  0.0000000E+00  0.0000000E+00  8.1528544E+20
   41.14234        218.49              1                        23.012 39.2304 218.80
  8.8820616E+12  2.2369934E+13  4.0407352E+13  0.0000000E+00  0.0000000E+00  0.0000000E+00  0.0000000E+00  7.7240294E+20
   37.42902        219.10              1                        23.626 35.6324 219.42
  8.3859606E+12  2.1120478E+13  3.8150429E+13  0.0000000E+00  0.0000000E+00  0.0000000E+00  0.0000000E+00  7.2924616E+20
   33.94523        219.74              1                        24.264 32.2624 220.06
  7.8882467E+12  1.9866960E+13  3.5886169E+13  0.0000000E+00  0.0000000E+00  0.0000000E+00  0.0000000E+00  6.8594786E+20
   30.68681        220.39              1                        24.929 29.1151 220.73
  7.3965514E+12  1.8628600E+13  3.3649289E+13  0.0000000E+00  0.0000000E+00  0.0000000E+00  0.0000000E+00  6.4315828E+20
   27.64680        221.07              1                        25.621 26.1822 221.42
  6.9198343E+12  1.7427963E+13  3.1480549E+13  0.0000000E+00  0.0000000E+00  0.0000000E+00  0.0000000E+00  6.0170417E+20
   24.81773        221.77              1                        26.342 23.4570 222.12
  6.4564601E+12  1.6260931E+13  2.9372511E+13  0.0000000E+00  0.0000000E+00  0.0000000E+00  0.0000000E+00  5.6138945E+20
   22.19188        222.47              1                        27.096 20.9303 222.84
  6.0132200E+12  1.5144607E+13  2.7356070E+13  0.0000000E+00  0.0000000E+00  0.0000000E+00  0.0000000E+00  5.2285002E+20
   19.76197        223.21              1                        27.885 18.5970 223.59
  5.5787819E+12  1.4050452E+13  2.5379671E+13  0.0000000E+00  0.0000000E+00  0.0000000E+00  0.0000000E+00  4.8505342E+20
   17.52042        223.98              1                        28.711 16.4470 224.38
  5.1645227E+12  1.3007119E+13  2.3495073E+13  0.0000000E+00  0.0000000E+00  0.0000000E+00  0.0000000E+00  4.4902931E+20
   15.45872        224.80              1                        29.577 14.4733 225.23
  4.7632307E+12  1.1996444E+13  2.1669467E+13  0.0000000E+00  0.0000000E+00  0.0000000E+00  0.0000000E+00  4.1412359E+20
   13.56936        225.67              1                        30.488 12.6681 226.14
  4.3770899E+12  1.1023929E+13  1.9912788E+13  0.0000000E+00  0.0000000E+00  0.0000000E+00  0.0000000E+00  3.8055549E+20
   11.84491        226.64              1                        31.447 11.0242 227.22
  4.0040037E+12  1.0084292E+13  1.8215499E+13  0.0000000E+00  0.0000000E+00  0.0000000E+00  0.0000000E+00  3.4806913E+20
   10.27732        227.83              1                        32.459 9.53270 228.47
  3.6482741E+12  9.1883680E+12  1.6597171E+13  0.0000000E+00  0.0000000E+00  0.0000000E+00  0.0000000E+00  3.1712840E+20
   8.858174        229.20              1                        33.531 8.18550 230.11
  3.3085176E+12  8.3326737E+12  1.5051509E+13  0.0000000E+00  0.0000000E+00  0.0000000E+00  0.0000000E+00  2.8754686E+20
   7.579994        231.24              1                        34.668 6.97545 232.69
  2.9762146E+12  7.4957513E+12  1.3539756E+13  0.0000000E+00  0.0000000E+00  0.0000000E+00  0.0000000E+00  2.5850125E+20
   6.434047        234.29              1                        35.880 5.89318 235.98
  2.6561809E+12  6.6897298E+12  1.2083820E+13  0.0000000E+00  0.0000000E+00  0.0000000E+00  0.0000000E+00  2.3061033E+20
   5.412486        237.68              1                        37.174 4.93231 239.47
  2.3518772E+12  5.9233251E+12  1.0699445E+13  0.0000000E+00  0.0000000E+00  0.0000000E+00  0.0000000E+00  2.0418787E+20
   4.509311        241.27              1                        38.558 4.08681 243.21
  2.0638919E+12  5.1980192E+12  9.3893074E+12  0.0000000E+00  0.0000000E+00  0.0000000E+00  0.0000000E+00  1.7940093E+20
   3.716998        245.15              1                        40.046 3.34768 247.24
  1.7992910E+12  4.5316080E+12  8.1855528E+12  0.0000000E+00  0.0000000E+00  0.0000000E+00  0.0000000E+00  1.5758207E+20
   3.027023        249.33              1                        41.653 2.70679 251.59
  1.5556245E+12  3.9179212E+12  7.0770355E+12  0.0000000E+00  0.0000000E+00  0.0000000E+00  0.0000000E+00  1.3641407E+20
   2.431798        253.86              1                        43.396 2.15722 256.31
  1.3298375E+12  3.3492649E+12  6.0498579E+12  0.0000000E+00  0.0000000E+00  0.0000000E+00  0.0000000E+00  1.1655725E+20
   1.923363        258.77              1                        45.301 1.68983 261.46
  1.1271222E+12  2.8387159E+12  5.1276410E+12  0.0000000E+00  0.0000000E+00  0.0000000E+00  0.0000000E+00  9.8771137E+19
   1.494068        264.06              1                        47.388 1.29847 266.75
  9.3939543E+11  2.3659163E+12  4.2736116E+12  0.0000000E+00  0.0000000E+00  0.0000000E+00  0.0000000E+00  8.2339813E+19
   1.149326        268.73              1                        49.479 1.00017 269.82
  7.1161846E+11  1.7922481E+12  3.2373810E+12  0.0000000E+00  0.0000000E+00  0.0000000E+00  0.0000000E+00  6.2406290E+19
