1  1.0712E+00  9.3318E-03  291.953  8.9448E-06 
1  1.0427E+00  8.6899E-03  290.487  8.4396E-06 
1  1.0146E+00  8.0675E-03  289.002  7.9392E-06 
1  9.8687E-01  7.4646E-03  287.497  7.4439E-06 
1  9.5955E-01  6.8811E-03  285.971  6.9541E-06 
1  9.3264E-01  6.3167E-03  284.425  6.4700E-06 
1  9.0612E-01  5.7715E-03  282.858  5.9919E-06 
1  8.8002E-01  5.2624E-03  281.282  5.5382E-06 
1  8.5432E-01  4.8102E-03  279.711  5.1320E-06 
1  8.2903E-01  4.3755E-03  278.119  4.7330E-06 
1  8.0415E-01  3.9567E-03  276.506  4.3398E-06 
1  7.7969E-01  3.5548E-03  274.878  3.9538E-06 
1  7.5563E-01  3.1716E-03  273.254  3.5776E-06 
1  7.3199E-01  2.8039E-03  271.609  3.2080E-06 
1  7.0877E-01  2.4512E-03  269.940  2.8448E-06 
1  6.8596E-01  2.1371E-03  268.258  2.5162E-06 
1  6.6357E-01  1.8899E-03  266.580  2.2576E-06 
1  6.4160E-01  1.6552E-03  264.877  2.0065E-06 
1  6.2005E-01  1.4309E-03  263.150  1.7603E-06 
1  5.9891E-01  1.2375E-03  261.416  1.5453E-06 
1  5.7819E-01  1.0771E-03  259.679  1.3653E-06 
1  5.5789E-01  9.2407E-04  257.915  1.1893E-06 
1  5.3801E-01  7.7994E-04  256.126  1.0192E-06 
1  5.1854E-01  6.7329E-04  254.341  8.9357E-07 
1  4.9950E-01  5.8330E-04  252.540  7.8630E-07 
1  4.8086E-01  4.9772E-04  250.711  6.8160E-07 
1  4.6265E-01  4.2047E-04  248.864  5.8503E-07 
1  4.4484E-01  3.5897E-04  247.021  5.0754E-07 
1  4.2745E-01  3.0146E-04  245.151  4.3320E-07 
1  4.1048E-01  2.4749E-04  243.251  3.6153E-07 
1  3.9391E-01  2.0859E-04  241.355  3.0978E-07 
1  3.7775E-01  1.7723E-04  239.444  2.6767E-07 
1  3.6199E-01  1.4763E-04  237.501  2.2676E-07 
1  3.4664E-01  1.1981E-04  235.543  1.8721E-07 
1  3.3170E-01  9.3808E-05  233.583  1.4914E-07 
1  3.1715E-01  6.9425E-05  231.590  1.1232E-07 
1  3.0300E-01  4.8502E-05  229.575  7.9875E-08 
1  2.8924E-01  3.7365E-05  227.590  6.2646E-08 
1  2.7588E-01  2.7973E-05  225.577  4.7759E-08 
1  2.6291E-01  1.9578E-05  223.529  3.4047E-08 
1  2.5032E-01  1.5121E-05  221.464  2.6790E-08 
1  2.3811E-01  1.1782E-05  219.365  2.1272E-08 
1  2.2629E-01  8.7366E-06  217.324  1.6079E-08 
1  2.1484E-01  6.7866E-06  216.773  1.2735E-08 
1  2.0376E-01  5.2644E-06  216.740  1.0075E-08 
1  1.9305E-01  3.8909E-06  216.707  7.5964E-09 
1  1.8270E-01  3.0362E-06  216.700  6.0490E-09 
1  1.7271E-01  2.3627E-06  216.700  4.8050E-09 
1  1.6308E-01  1.7724E-06  216.700  3.6804E-09 
1  1.5380E-01  1.3706E-06  216.700  2.9072E-09 
1  1.4486E-01  1.0192E-06  216.700  2.2089E-09 
1  1.3627E-01  7.8760E-07  216.700  1.7447E-09 
1  1.2801E-01  6.9200E-07  216.700  1.5674E-09 
1  1.2008E-01  6.0328E-07  216.700  1.3979E-09 
1  1.1248E-01  5.1685E-07  216.700  1.2255E-09 
1  1.0519E-01  4.3641E-07  216.700  1.0594E-09 
1  9.8224E-02  3.8554E-07  216.700  9.5857E-10 
1  9.1565E-02  3.5530E-07  216.700  9.0519E-10 
1  8.5209E-02  3.2776E-07  216.700  8.5607E-10 
1  7.9149E-02  3.0349E-07  216.700  8.1304E-10 
1  7.3381E-02  2.8095E-07  216.700  7.7244E-10 
1  6.7897E-02  2.6073E-07  216.700  7.3608E-10 
1  6.2692E-02  2.4175E-07  216.700  7.0122E-10 
1  5.7759E-02  2.2421E-07  216.700  6.6858E-10 
1  5.3091E-02  2.0775E-07  216.864  6.3733E-10 
1  4.8681E-02  1.9251E-07  217.355  6.0796E-10 
1  4.4523E-02  1.7818E-07  217.900  5.7970E-10 
1  4.0610E-02  1.6474E-07  218.491  5.5255E-10 
1  3.6935E-02  1.5265E-07  219.103  5.2827E-10 
1  3.3491E-02  1.4108E-07  219.737  5.0422E-10 
1  3.0270E-02  1.2954E-07  220.393  4.7854E-10 
1  2.7265E-02  1.1885E-07  221.073  4.5425E-10 
1  2.4468E-02  1.0850E-07  221.771  4.2950E-10 
1  2.1874E-02  9.7990E-08  222.480  4.0221E-10 
1  1.9472E-02  8.8126E-08  223.214  3.7551E-10 
1  1.7258E-02  7.8925E-08  223.980  3.4956E-10 
1  1.5221E-02  7.0373E-08  224.809  3.2441E-10 
1  1.3355E-02  6.2444E-08  225.679  3.0006E-10 
1  1.1653E-02  5.5074E-08  226.636  2.7631E-10 
1  1.0106E-02  4.8137E-08  227.853  2.5258E-10 
1  8.7062E-03  4.1793E-08  229.151  2.2980E-10 
1  7.4463E-03  3.6020E-08  231.163  2.0799E-10 
1  6.3183E-03  3.0797E-08  234.362  1.8716E-10 
1  5.3144E-03  2.6086E-08  237.751  1.6725E-10 
1  4.4268E-03  2.1854E-08  241.343  1.4828E-10 
1  3.6478E-03  1.8136E-08  245.224  1.3059E-10 
1  2.9697E-03  1.4893E-08  249.409  1.1421E-10 
1  2.3848E-03  1.2132E-08  253.939  9.9489E-11 
1  1.8855E-03  9.7368E-09  258.858  8.5774E-11 
1  1.4643E-03  7.6404E-09  264.213  7.2675E-11 
1  1.1139E-03  5.8387E-09  269.429  6.0295E-11 
1  8.2691E-04  4.3229E-09  270.402  4.8825E-11 
1  5.9637E-04  3.0854E-09  266.409  3.8404E-11 
1  4.1528E-04  2.1126E-09  260.486  2.9303E-11 
1  2.7690E-04  1.3543E-09  252.316  2.1185E-11 
1  1.7480E-04  8.0370E-10  243.031  1.4395E-11 
1  1.0271E-04  4.2823E-10  232.752  8.9811E-12 
1  5.4715E-05  1.9648E-10  221.308  4.9580E-12 
1  2.5319E-05  7.3837E-11  209.975  2.3337E-12 
1  9.3681E-06  1.9065E-11  198.141  8.1017E-13 
