  1 6.23544795e-03 5.92367556e-03 210.18771040 1.01074401e-08 
  2 6.06624340e-03 5.76293123e-03 210.09501297 9.83750407e-09 
  3 5.90279286e-03 5.60765322e-03 211.33765862 9.51612223e-09 
  4 5.74431954e-03 5.45710356e-03 211.73494112 9.24345389e-09 
  5 5.59030479e-03 5.31078955e-03 211.76798415 8.99378971e-09 
  6 5.44039526e-03 5.16837550e-03 211.71463706 8.75511557e-09 
  7 5.29449263e-03 5.02976800e-03 211.59363705 8.52518983e-09 
  8 5.15243309e-03 4.89481143e-03 211.44819276 8.30215231e-09 
  9 5.01379080e-03 4.76310126e-03 211.15946480 8.08980346e-09 
 10 4.87856110e-03 4.63463305e-03 210.75096596 7.88686648e-09 
 11 4.74697790e-03 4.50962901e-03 210.34246481 7.68904788e-09 
 12 4.61894740e-03 4.38800003e-03 209.93446479 7.49620731e-09 
 13 4.49437090e-03 4.26965236e-03 209.52596594 7.30800109e-09 
 14 4.37256702e-03 4.15393867e-03 209.03915000 7.12674399e-09 
 15 4.25327831e-03 4.04061439e-03 208.44422161 6.95210391e-09 
 16 4.13703603e-03 3.93018423e-03 207.81972048 6.78242283e-09 
 17 4.02397150e-03 3.82277292e-03 207.19522160 6.61694423e-09 
 18 3.91399577e-03 3.71829598e-03 206.57072050 6.45555969e-09 
 19 3.80702509e-03 3.61667384e-03 205.94622161 6.29816777e-09 
 20 3.70218847e-03 3.51707904e-03 205.33919060 6.14283700e-09 
 21 3.59934690e-03 3.41937956e-03 204.75318511 5.98929016e-09 
 22 3.49924991e-03 3.32428741e-03 204.17018511 5.83915740e-09 
 23 3.40193585e-03 3.23183906e-03 203.58668630 5.69323434e-09 
 24 3.30732577e-03 3.14195948e-03 203.00318515 5.55081096e-09 
 25 3.21535068e-03 3.05458314e-03 202.42018506 5.41198821e-09 
 26 3.12566740e-03 2.96938403e-03 201.81873305 5.27671455e-09 
 27 3.03749464e-03 2.88561991e-03 201.14836686 5.14495196e-09 
 28 2.95110046e-03 2.80354544e-03 200.42736682 5.01659784e-09 
 29 2.86716849e-03 2.72381006e-03 199.70636676 4.89151757e-09 
 30 2.78562466e-03 2.64634342e-03 198.98486800 4.76946967e-09 
 31 2.70639997e-03 2.57107997e-03 198.26336676 4.65084448e-09 
 32 2.62942525e-03 2.49795398e-03 197.54236688 4.53505846e-09 
 33 2.55463647e-03 2.42690465e-03 196.82136684 4.42220813e-09 
 34 2.48150596e-03 2.35743066e-03 196.10436854 4.31132108e-09 
 35 2.40924598e-03 2.28878368e-03 195.39487870 4.22440601e-09 
 36 2.20556808e-03 2.09528967e-03 193.30525250 1.94396393e-08 
 37 1.89953187e-03 1.80455527e-03 190.32818459 1.70053041e-08 
 38 1.63323452e-03 1.55157279e-03 188.41873169 1.47684822e-08 
 39 1.40239072e-03 1.33227119e-03 187.06692749 1.27727204e-08 
 40 1.20296086e-03 1.14281282e-03 185.77162309 1.10334935e-08 
 41 1.03110972e-03 9.79554237e-04 184.55598109 9.51893031e-09 
 42 8.83007554e-04 8.38857176e-04 183.52382594 8.19753641e-09 
 43 7.55665035e-04 7.17881783e-04 182.62631943 7.04980900e-09 
 44 6.46019524e-04 6.13718548e-04 181.40028489 6.06804233e-09 
 45 5.51562158e-04 5.23984050e-04 179.76773072 5.22750090e-09 
 46 4.70647628e-04 4.47115246e-04 178.03369752 4.50406918e-09 
 47 4.00763966e-04 3.80725768e-04 176.11259276 3.87738725e-09 
 48 3.40632805e-04 3.23601165e-04 174.03159297 3.33479979e-09 
 49 2.89231465e-04 2.74769892e-04 171.84129533 2.86767143e-09 
 50 2.44826085e-04 2.32584780e-04 169.31735473 2.46358529e-09 
 51 2.06792516e-04 1.96452890e-04 166.56584789 2.11538675e-09 
 52 1.74391985e-04 1.65672386e-04 163.73390257 1.81467684e-09 
 53 1.46432655e-04 1.39111022e-04 160.68063878 1.55269365e-09 
 54 1.22609694e-04 1.16479209e-04 157.48513143 1.32655779e-09 
 55 1.02470082e-04 9.73465779e-05 154.26602363 1.13171791e-09 
 56 8.51569437e-05 8.08990965e-05 150.97381214 9.61014266e-10 
 57 7.04948928e-05 6.69701482e-05 147.63130424 8.13617199e-10 
 58 5.82790737e-05 5.53651200e-05 144.51306404 6.87095210e-10 
 59 4.79458480e-05 4.55485556e-05 142.20122943 5.74459006e-10 
 60 3.93000522e-05 3.73350496e-05 140.48273765 4.76630199e-10 
 61 3.22084910e-05 3.05980664e-05 138.97666791 3.94883880e-10 
 62 2.63739425e-05 2.50552454e-05 138.68534199 3.24008112e-10 
 63 1.40769435e-05 1.33730963e-05 145.05214442 9.92316495e-10 
 64 4.93025994e-06 4.68374694e-06 154.88298520 2.71184723e-10 
 65 2.00177910e-06 1.90169015e-06 151.02029689 1.12923896e-10 
 66 7.69775723e-07 7.31286937e-07 137.12794492 4.78237099e-11 
 67 2.72969403e-07 2.59320933e-07 127.41173982 1.82519615e-11 
 68 9.16266055e-08 8.70452752e-08 122.68639995 6.36253516e-12 
 69 2.96206261e-08 2.81395948e-08 116.69169121 2.16239831e-12 
 70 8.81015468e-09 8.36964694e-09 105.27291442 7.12980766e-13 
 71 2.51377033e-09 2.38808182e-09 112.11495142 1.91017427e-13 
 72 8.80768730e-10 8.36730293e-10 151.75030005 4.94473767e-14 
 73 4.07955241e-10 3.87557479e-10 192.42201008 1.80621189e-14 
 74 2.19044956e-10 2.08092708e-10 220.02599266 8.48145174e-15 
 75 1.26363997e-10 1.20045797e-10 237.99546572 4.52340629e-15 
 76 7.61259267e-11 7.23196304e-11 249.37773959 2.60067352e-15 
 77 4.73883054e-11 4.50188901e-11 256.10126411 1.57619997e-15 
 78 3.01438653e-11 2.86366720e-11 260.34873119 9.86403038e-16 
 79 1.95164577e-11 1.85406348e-11 263.10178604 6.31957866e-16 
 80 1.28939973e-11 1.22492975e-11 264.70517171 4.14988514e-16 
 81 8.65109704e-12 8.21854219e-12 265.77545856 2.77311088e-16 
 82 5.91883909e-12 5.62289714e-12 266.44202157 1.89253858e-16 
 83 4.12206243e-12 3.91595931e-12 266.86284108 1.31594393e-16 
 84 2.92568749e-12 2.77940311e-12 267.15188877 9.32997784e-17 
 85 2.11852009e-12 2.01259408e-12 267.33227261 6.75045514e-17 
 86 1.55852418e-12 1.48059797e-12 267.46580794 4.96427921e-17 
 87 1.17059040e-12 1.11206088e-12 267.54969630 3.72744652e-17 
 88 8.88109682e-13 8.43704198e-13 267.61480843 2.82727069e-17 
 89 6.86659957e-13 6.52326959e-13 267.65971907 2.18559471e-17 
