430065505
450235505
450255511
460230505
460245506
470060506
490075501
490075502
490075503
490075504
490075505
490075506
490075507
490075508
490075509
490075510
490075511
490078001
490078002
490078003
490078004
490078005
490078006
490078007
490078008
490078009
490078010
490078011
490080501
490080502
490080503
490080504
490080505
490080506
490080507
490080508
490080509
490080510
490080511
490083001
490083002
490083003
490083004
490083005
490083006
490083007
490083008
490083009
490083010
490083011
490085501
490085502
490085503
490085504
490085505
490085506
490085507
490085508
490085509
490085510
490085511
490088001
490088002
490088003
490088004
490088005
490088006
490088007
490088008
490088009
490088010
490088011
490090501
490090502
490090503
490090504
490090505
490090506
490090507
490090508
490090509
490090510
490090511
