030133001
030155506
030180510
030183003
030195509
030265503
040105511
040143009
040143011
040145505
040145509
040223001
040238002
040240501
040260509
060065511
060068001
060070502
060090510
060128006
060225508
060263003
060280505
080085511
080088005
080178003
080200503
080200504
080203005
080243001
080253001
090130511
090133004
090133011
100125503
100125504
100125508
100138007
100138008
100145510
100158007
100175509
100178003
110103003
110103010
110115502
110123004
110130504
110135504
110148002
110180510
110198005
110198006
110208001
110208002
110208007
110248007
110248008
110248009
120078001
120078002
120078003
120078004
120078005
120078006
120078007
120078008
120078009
120078010
120078011
120080501
120080502
120080503
120080504
120080505
120080506
120080507
120080508
120080509
120080510
120080511
120083001
120083002
120083003
120083004
120083005
120083006
120083007
120083008
120083009
120083010
120083011
120085501
120085502
120085503
120085504
120085505
120085506
120085507
120085508
120085509
120085510
120085511
120088001
120088002
120088003
120088004
120088005
120088006
120088007
120088008
120088009
120088010
120088011
120090501
120090502
120090503
120090504
120090505
120090506
120090507
120090508
120090509
120090510
120090511
120093001
120093002
120093003
120093004
120093005
120093006
120093007
120093008
120093009
120093010
120093011
120095501
120095502
120095503
120095504
120095505
120095506
120095507
120095508
120095509
120098005
120098006
120098009
120110501
120110502
120110503
120110504
120110505
120110506
120110509
120110510
120110511
120113001
120113002
120113003
120113004
120113005
120113006
120113007
120113008
120113009
120113010
120113011
120115501
120115502
120115503
120115504
120115505
120115506
120115507
120115508
120115509
120115510
120115511
120118001
120118002
120118003
120118004
120118005
120118006
120118007
120118008
120118009
120118010
120118011
120120501
120120502
120120503
120120504
120120505
120120506
120120507
120120508
120120509
120120510
120120511
120123001
120123002
120123003
120123004
120123005
120123006
120123007
120123008
120123009
120123010
120123011
120125501
120125502
120125503
120125504
120125505
120125506
120125507
120125508
120125509
120125510
120125511
120128001
120128002
120128003
120128004
120128005
120128006
120128007
120128008
120128009
120128010
120128011
120130501
120130502
120130503
120130504
120130505
120130506
120130507
120130508
120130509
120130510
120130511
120133001
120133002
120133003
120133004
120133005
120133006
120133007
120133008
120133009
120133010
120133011
120135501
120135502
120135503
120135504
120135505
120135506
120135507
120135508
120135509
120135510
120135511
120165501
120165502
120165503
120165504
120165505
120165506
120165507
120165508
120165509
120165510
120165511
120168001
120168002
120168003
120168004
120168005
120168006
120168007
120168008
120168009
120168010
130130507
130138006
130165509
130173001
130173011
130175504
130178004
130178005
130178006
130180502
130180503
130180504
130180505
130180506
130180507
130180508
130180509
130180510
130180511
130183001
130183002
130183003
130183004
130183005
130183006
130183007
130183008
130183009
130183010
130183011
130185501
130185502
130185503
130185504
130185505
130185506
130185507
130185508
130188001
130188002
130188003
130188008
130238008
130238010
130238011
130240501
130240502
130240503
130240504
130240505
130240506
130240507
130240508
130240509
130240510
130240511
130243001
130243002
130243003
130243004
130243005
130243006
130243007
130243008
130243009
130243010
130243011
130245501
130245502
130245503
130245504
130245505
130245506
130245507
130245508
130245509
130245510
130245511
130248001
130248002
130248003
130248004
130248005
130248006
130248007
130248008
130263004
130273003
130275510
140083003
140095508
140115502
140165503
140165508
140165509
140168002
140168003
140168004
140170502
140198003
140218010
140235503
140240508
140275504
140275505
150068008
150098002
150193007
150193008
150195504
150198005
150198010
150218007
150230503
150230508
150238005
150243007
150245501
150245503
150255507
160130502
160140505
160185509
160190510
160193003
160193004
160193005
160193006
160243011
160265509
160270502
170113003
170113007
170113008
170130506
170165505
170165506
170165507
170165508
170198007
170200508
170210504
170210506
170210508
170280511
180110503
190085505
190173008
190190511
190203010
190260505
190268003
220235506
220235507
220235510
220235511
220250503
220258011
220260509
230073006
230073010
230130504
230138001
230138009
230155510
230155511
230185507
230185508
230190502
230200502
230228007
240090506
240090507
240093008
240093009
240118007
240118011
240120504
240128004
240133004
240190503
240190504
240190505
240213005
250075505
250170508
250170511
250173002
250173004
250175501
260075508
260078001
260083004
260115507
260188005
260200502
270073010
270080506
270098009
270098010
270155506
280118006
280118009
280118010
280210510
280270510
290188003
310100508
310103006
310105506
310153006
310153007
310153008
310153009
310263011
320120511
320123001
330108003
330113005
330138002
330138003
330138007
330145508
360163003
360188010
360210501
360210507
380073005
380080502
380083004
380108005
380138009
390120503
390135508
390140506
400095501
400120503
400120506
400120507
400123003
400133007
400168008
410085506
410093009
