560085511
570123007
570123008
570123011
610083001
610083004
610083005
720093001
720093002
720093003
720093004
720093005
720093006
720093007
720093008
720093009
720093010
720093011
720095501
720095502
720095503
720095504
720095505
720095506
720095507
720095508
720095509
720095510
720095511
720098001
720098002
720098003
720098004
720098005
720098006
720098007
720098008
720098009
720098010
720098011
720100501
720100502
720100503
720100504
720100505
720100506
720100507
720100508
720100509
720100510
720100511
720135501
720135502
720135503
720135504
720135505
720135506
720135507
720135508
720135509
720135510
720135511
720138001
720138002
720138003
720138004
720138005
720138006
720138007
720138008
720138009
720138010
720138011
720140501
720140502
720140503
720140504
720140505
720140506
720140507
720140508
720140509
720140510
720140511
720143001
720143002
720143003
720143004
720143005
720143006
720143007
720143008
720143009
720143010
720143011
720145501
720145502
720145503
720145504
720145505
720145506
720145507
720145508
720145509
720145510
720145511
720148001
720148002
720148003
720148004
720148005
720148006
720148007
720148008
720148009
720148010
720148011
760140501
760140502
760140503
760140504
760140505
760140506
760140507
760140508
760140509
760140510
760140511
760143001
760143002
760143003
760143004
760143005
760143006
760143007
760143008
760143009
760143010
760143011
760145501
760145502
760145503
760145504
760145505
760145506
760145507
760145508
760145509
760145510
760145511
760148001
760148002
760148003
760148004
760148005
760148006
760148007
760148008
760148009
760148010
760148011
790158001
790158002
790158003
790158004
790158005
790158006
790158007
790158008
790158009
790158010
790158011
790160501
790160502
790160503
790160504
790160505
790160506
790160507
790160508
790160509
790160510
790160511
790190501
790190502
790190503
790190504
790190505
790190506
790190507
790190508
790190509
790190510
790190511
790193001
790193002
790193003
790193004
790193005
790193006
790193007
790193008
790193009
790193010
790193011
790195501
790195502
790195503
790195504
790195505
790195506
790195507
790195508
790195509
790195510
790195511
790198001
790198002
790198003
790198004
790198005
790198006
790198007
790198008
790198009
790198010
790198011
790200501
790200502
790200503
790200504
790200505
790200506
790200507
790200508
790200509
790200510
790200511
790203001
790203002
790203003
790203004
790203005
790203006
790203007
790203008
790203009
790203010
790203011
790205501
790205502
790205503
790205504
790205505
790205506
790205507
790205508
790205509
790205510
790205511
790208001
790208002
790208003
790208004
790208005
790208006
790208007
790208008
790208009
790208010
790208011
790210501
790210502
790210503
790210504
790210505
790210506
790210507
790210508
790210509
790210510
790210511
790213001
790213002
790213003
790213004
790213005
790213006
790213007
790213008
790213009
790213010
790213011
790215501
790215502
790215503
790215504
790215505
790215506
790215507
790215508
790215509
790215510
790215511
790218001
790218002
790218003
790218004
790218005
790218006
790218007
790218008
790218009
790218010
790218011
800085501
800085502
800085503
800085504
800085505
800085506
800085507
800085508
800085509
800085510
800085511
800088001
800088002
800088003
800088004
800088005
800088006
800088007
800088008
800088009
800088010
800088011
800090501
800090502
800090503
800090504
800090505
800090506
800090507
800090508
800090509
800090510
800090511
800093001
800093002
800093003
800093004
800093005
800093006
800093007
800093008
800093009
800093010
800093011
800095501
800095502
800095503
800095504
800095505
800095506
800095507
800095508
800095509
800095510
800095511
800098001
800098002
800098003
800098004
800098005
800098006
800098007
800098008
800098009
800098010
800098011
800100501
800100502
800100503
800100504
800100505
800100506
800100507
800100508
800100509
800100510
800100511
800103001
800103002
800103003
800103004
800103005
800103006
800103007
800103008
800103009
800103010
800103011
800105501
800105502
800105503
800105504
800105505
800105506
800105507
800105508
800105509
800105510
800105511
800108001
800108002
800108003
800108004
800108005
800108006
800108007
800108008
800108009
800108010
800108011
800110501
800110502
800110503
800110504
800110505
800110506
800110507
800110508
800110509
800110510
800110511
800113001
800113002
800113003
800113004
800113005
800113006
800113007
800113008
800113009
800113010
800113011
800118001
800118002
800118003
800118004
800118005
800118006
800118009
800118010
800118011
800120501
800120502
800120503
800120504
800120505
800120506
800120507
800120508
800120509
800120510
800120511
800123001
800123002
800123003
800123004
800123005
800123006
800123007
800123008
800123009
800123010
800123011
800125501
800125502
800125503
800125504
800125505
800125506
800125507
800125508
800125509
800125510
800125511
800128001
800128002
800128003
800128004
800128005
800128006
800128007
800128008
800128009
800128010
800128011
800130502
800130503
800130504
800130505
800130506
800130507
800130508
800130509
800130510
800130511
800133001
800133002
800133003
800133004
800133005
800133006
800133007
800133008
800133009
800133010
800133011
800135501
800135502
800135503
800135504
800135505
800135506
800135507
800135508
800135509
800135510
800135511
800138001
800138002
800138003
800138004
800138005
800138006
800138007
800138008
800138009
800138010
800138011
800140501
800140502
800140503
800140504
800140505
800140506
800140507
800140508
800140509
800140510
800140511
800143001
800143002
800143003
800143004
800143005
800143006
800143007
800143008
800143009
800143010
800143011
800145501
800145502
800145503
800145504
800145505
800145506
800145507
800145508
800145509
800145510
800145511
800148001
800148002
800148003
800148004
800148005
800148006
800148007
800148008
800148009
800148010
800148011
800150501
800150502
800150503
800150504
800150505
800150506
800150507
800150508
800150509
800150510
800150511
800153001
800153002
800153003
800153004
800153005
800153006
800153007
800153008
800153009
800153010
800153011
800155501
800155502
800155503
800155504
800155505
800155506
800155507
800155508
800155509
800155510
800155511
800158001
800158002
800158003
800158004
800158005
800158006
800158007
800158008
800158009
800158010
800158011
800160501
800160502
800160503
800160504
800160505
800160506
800160507
800160508
800160509
800160510
800160511
800163001
800163002
800163003
800163004
800163005
800163006
800163007
800163008
800163009
800163010
800163011
800165501
800165502
800165503
800165504
800165505
800165506
800165507
800165508
800165509
800165510
800165511
800168001
800168002
800168003
800168004
800168005
800168006
800168007
800168008
800168009
800168010
800168011
800253001
800253002
800253003
800253004
800253005
800253006
800253007
800253008
800253009
800253010
800253011
800255501
800255502
800255503
800255504
800255505
800255506
800255507
800255508
800255509
800255510
800255511
800258001
800258002
800258003
800258004
800258005
800258006
800258007
800258008
800258009
800258010
800258011
800260501
800260502
800260503
800260504
800260505
800260506
800260507
800260508
800260509
800260510
800260511
800263001
800263002
800263003
800263004
800263005
800263006
800263007
800263008
800263009
800263010
800263011
800265501
800265502
800265503
800265504
800265505
800265506
800265507
800265508
800265509
800265510
800265511
800268001
800268002
800268003
800268004
800268005
800268006
800268007
800268008
800268009
800268010
800268011
800270501
800270502
800270503
800270504
800270505
800270506
800270507
800270508
800270509
800270510
800270511
800273001
800273002
800273003
800273004
800273005
800273006
800273007
800273008
800273009
800273010
800273011
800275501
800275502
800275503
800275504
800275505
800275506
800275507
800275508
800275509
800275510
800275511
