070133001
070133002
070133003
070133004
070133005
070133006
070133007
070133008
070133009
070133010
070133011
070135501
070135502
070135503
070135504
070135505
070135506
070135507
070135508
070135509
070135510
070135511
070138001
070138002
070138003
070138004
070138005
070138006
070138007
070138008
070138009
070138010
070138011
070140501
070140502
070140503
070140504
070140505
070140506
070140507
070140508
070140509
070140510
070140511
070143001
070143002
070143003
070143004
070143005
070143006
070143007
070143008
070143009
070143010
070143011
070145501
070145502
070145503
070145504
070145505
070145506
070145507
070145508
070145509
070145510
070145511
070148001
070148002
070148003
070148004
070148005
070148006
070148007
070148008
070148009
070148010
070148011
070150501
070150502
070150503
070150504
070150505
070150506
070150507
070150508
070150509
070150510
070150511
070153001
070153002
070153003
070153004
070153005
070153006
070153007
070153008
070153009
070153010
070153011
070155501
070155502
070155503
070155504
070155505
070155506
070155507
070155508
070155509
070155510
070155511
070158001
070158002
070158003
070158004
070158005
070158006
070158007
070158008
070158009
070158010
070158011
070160501
070160502
070160503
070160504
070160505
070160506
070160507
070160508
070160509
070160510
070160511
070163001
070163002
070163003
070163004
070163005
070163006
070163007
070163008
070163009
070163010
070163011
070165501
070165502
070165503
070165504
070165505
070165506
070165507
070165508
070165509
070165510
070165511
070168001
070168002
070168003
070168004
070168005
070168006
070168007
070168008
070168009
070168010
070168011
070170501
070170502
070170503
070170504
070170505
070170506
070170507
070170508
070170509
070170510
070170511
070173001
070173002
070173003
070173004
070173005
070173006
070173007
070173008
070173009
070173010
070173011
220185501
220185502
220185503
220185504
220185505
220185506
220185507
220185508
220185509
220185510
220185511
220188001
220188002
220188003
220188004
220188005
220188006
220188007
220188008
220188009
220188010
220188011
220190501
220190502
220190503
220190504
220190505
220190506
220190507
220190508
220190509
220190510
220190511
220193001
220193002
220193003
220193004
220193005
220193006
220193007
220193008
220193009
220193010
220193011
220195501
220195502
220195503
220195504
220195505
220195506
220195507
220195508
220195509
220195510
220195511
220198001
220198002
220198003
220198004
220198005
220198006
220198007
220198008
220198009
220198010
220198011
220200501
220200502
220200503
220200504
220200505
220200506
220200507
220200508
220200509
220200510
220200511
220203001
220203002
220203003
220203004
220203005
220203006
220203007
220203008
220203009
220203010
220203011
220205501
220205502
220205503
220205504
220205505
220205506
220205507
220205508
220205509
220205510
220205511
220208001
220208002
220208003
220208004
220208005
220208006
220208007
220208008
220208009
220208010
220208011
220210501
220210502
220210503
220210504
220210505
220210506
220210507
220210508
220210509
220210510
220210511
220213001
220213002
220213003
220213004
220213005
220213006
220213007
220213008
220213009
220213010
220213011
220215501
220215502
220215503
220215504
220215505
220215506
220215507
220215508
220215509
220215510
220215511
220218001
220218002
220218003
220218004
220218005
220218006
220218007
220218008
220218009
220218010
220218011
220220501
220220502
220220503
220220504
220220505
220220506
220220507
220220508
220220509
220220510
220220511
220223001
220223002
220223003
220223004
220223005
220223006
220223007
220223008
220223009
220223010
220223011
220225501
220225502
220225503
220225504
220225505
220225506
220225507
220225508
220225509
220225510
220225511
220228001
220228002
220228003
220228004
220228005
220228006
220228007
220228008
220228009
220228010
220228011
220230501
220230502
220230503
220230504
220230505
220230506
220230507
220230508
220230509
220230510
220230511
220233001
220233002
220233003
220233004
220233005
220233006
220233007
220233008
220233009
220233010
220233011
220235501
220235502
220235503
220235504
220235505
220235506
220235507
220235508
220235509
220235510
220235511
220238001
220238002
220238003
220238004
220238005
220238006
220238007
220238008
220238009
220238010
220238011
220240501
220240502
220240503
220240504
220240505
220240506
220240507
220240508
220240509
220240510
220240511
220243001
220243002
220243003
220243004
220243005
220243006
220243007
220243008
220243009
220243010
220243011
220245501
220245502
220245503
220245504
220245505
220245506
220245507
220245508
220245509
220245510
220245511
220248001
220248002
220248003
220248004
220248005
220248006
220248007
220248008
220248009
220248010
220248011
220250501
220250502
220250503
220250504
220250505
220250506
220250507
220250508
220250509
220250510
220250511
220253001
220253002
220253003
220253004
220253005
220253006
220253007
220253008
220253009
220253010
220253011
220255501
220255502
220255503
220255504
220255505
220255506
220255507
220255508
220255509
220255510
220255511
220258001
220258002
220258003
220258004
220258005
220258006
220258007
220258008
220258009
220258010
220258011
220260501
220260502
220260503
220260504
220260505
220260506
220260507
220260508
220260509
220260510
220260511
220263001
220263002
220263003
220263004
220263005
220263006
220263007
220263008
220263009
220263010
220263011
220265501
220265502
220265503
220265504
220265505
220265506
220265507
220265508
220265509
220265510
220265511
220268001
220268002
220268003
220268004
220268005
220268006
220268007
220268008
220268009
220268010
220268011
220270501
220270502
220270503
220270504
220270505
220270506
220270507
220270508
220270509
220270510
220270511
220273001
220273002
220273003
220273004
220273005
220273006
220273007
220273008
220273009
220273010
220273011
