020010501
020010502
020010503
020010504
020010505
020010506
020010507
020010508
020010509
020010510
020010511
020013001
020013002
020013003
020013004
020013005
020013006
020013007
020013008
020013009
020013010
020013011
020015501
020015502
020015503
020015504
020015505
020015506
020015507
020015508
020015509
020015510
020015511
020018001
020018002
020018003
020018004
020018005
020018006
020018007
020018008
020018009
020018010
020018011
020020501
020020502
020020503
020020504
020020505
020020506
020020507
020020508
020020509
020020510
020020511
020023001
020023002
020023003
020023004
020023005
020023006
020023007
020023008
020023009
020023010
020023011
020025501
020025502
020025503
020025504
020025505
020025506
020025507
020025508
020025509
020025510
020025511
020028001
020028002
020028003
020028004
020028005
020028006
020028007
020028008
020028009
020028010
020028011
020030501
020030502
020030503
020030504
020030505
020030506
020030507
020030508
020030509
020030510
020030511
020033001
020033002
020033003
020033004
020033005
020033006
020033007
020033008
020033009
020033010
020033011
020035501
020035502
020035503
020035504
020035505
020035506
020035507
020035508
020035509
020035510
020035511
020038001
020038002
020038003
020038004
020038005
020038006
020038007
020038008
020038009
020038010
020038011
020040501
020040502
020040503
020040504
020040505
020040506
020040507
020040508
020040509
020040510
020040511
020043001
020043002
020043003
020043004
020043005
020043006
020043007
020043008
020043009
020043010
020043011
020045501
020045502
020045503
020045504
020045505
020045506
020045507
020045508
020045509
020045510
020045511
020048001
020048002
020048003
020048004
020048005
020048006
020048007
020048008
020048009
020048010
020048011
020050501
020050502
020050503
020050504
020050505
020050506
020050507
020050508
020050509
020050510
020050511
020053001
020053002
020053003
020053004
020053005
020053006
020053007
020053008
020053009
020053010
020053011
020055501
020055502
020055503
020055504
020055505
020055506
020055507
020055508
020055509
020055510
020055511
020058001
020058002
020058003
020058004
020058005
020058006
020058007
020058008
020058009
020058010
020058011
