020060501
020060502
020060503
020060504
020060505
020060506
020060507
020060508
020060509
020060510
020060511
020063001
020063002
020063003
020063004
020063005
020063006
020063007
020063008
020063009
020063010
020063011
020065501
020065502
020065503
020065504
020065505
020065506
020065507
020065508
020065509
020065510
020065511
020068001
020068002
020068003
020068004
020068005
020068006
020068007
020068008
020068009
020068010
020068011
020070501
020070502
020070503
020070504
020070505
020070506
020070507
020070508
020070509
020070510
020070511
020073001
020073002
020073003
020073004
020073005
020073006
020073007
020073008
020073009
020073010
020073011
020075501
020075502
020075503
020075504
020075505
020075506
020075507
020075508
020075509
020075510
020075511
020078001
020078002
020078003
020078004
020078005
020078006
020078007
020078008
020078009
020078010
020078011
020080501
020080502
020080503
020080504
020080505
020080506
020080507
020080508
020080509
020080510
020080511
020083001
020083002
020083003
020083004
020083005
020083006
020083007
020083008
020083009
020083010
020083011
020085501
020085502
020085503
020085504
020085505
020085506
020085507
020085508
020085509
020085510
020085511
020088001
020088002
020088003
020088004
020088005
020088006
020088007
020088008
020088009
020088010
020088011
020090501
020090502
020090503
020090504
020090505
020090506
020090507
020090508
020090509
020090510
020090511
020093001
020093002
020093003
020093004
020093005
020093006
020093007
020093008
020093009
020093010
020093011
020095501
020095502
020095503
020095504
020095505
020095506
020095507
020095508
020095509
020095510
020095511
020098001
020098002
020098003
020098004
020098005
020098006
020098007
020098008
020098009
020098010
020098011
020100501
020100502
020100503
020100504
020100505
020100506
020100507
020100508
020100509
020100510
020100511
020103001
020103002
020103003
020103004
020103005
020103006
020103007
020103008
020103009
020103010
020103011
020105501
020105502
020105503
020105504
020105505
020105506
020105507
020105508
020105509
020105510
020105511
020108001
020108002
020108003
020108004
020108005
020108006
020108007
020108008
020108009
020108010
020108011
020110501
020110502
020110503
020110504
020110505
020110506
020110507
020110508
020110509
020110510
020110511
020113001
020113002
020113003
020113004
020113005
020113006
020113007
020113008
020113009
020113010
020113011
020115501
020115502
020115503
020115504
020115505
020115506
020115507
020115508
020115509
020115510
020115511
020118001
020118002
020118003
020118004
020118005
020118006
020118007
020118008
020118009
020118010
020118011
020120501
020120502
020120503
020120504
020120505
020120506
020120507
020120508
020120509
020120510
020120511
020123001
020123002
020123003
020123004
020123005
020123006
020123007
020123008
020123009
020123010
020123011
020125501
020125502
020125503
020125504
020125505
020125506
020125507
020125508
020125509
020125510
020125511
020128001
020128002
020128003
020128004
020128005
020128006
020128007
020128008
020128009
020128010
020128011
020130501
020130502
020130503
020130504
020130505
020130506
020130507
020130508
020130509
020130510
020130511
020133001
020133002
020133003
020133004
020133005
020133006
020133007
020133008
020133009
020133010
020133011
020135501
020135502
020135503
020135504
020135505
020135506
020135507
020135508
020135509
020135510
020135511
020138001
020138002
020138003
020138004
020138005
020138006
020138007
020138008
020138009
020138010
020138011
020140501
020140502
020140503
020140504
020140505
020140506
020140507
020140508
020140509
020140510
020140511
020143001
020143002
020143003
020143004
020143005
020143006
020143007
020143008
020143009
020143010
020143011
020145501
020145502
020145503
020145504
020145505
020145506
020145507
020145508
020145509
020145510
020145511
020148001
020148002
020148003
020148004
020148005
020148006
020148007
020148008
020148009
020148010
020148011
020150501
020150502
020150503
020150504
020150505
020150506
020150507
020150508
020150509
020150510
020150511
020153001
020153002
020153003
020153004
020153005
020153006
020153007
020153008
020153009
020153010
020153011
020155501
020155502
020155503
020155504
020155505
020155506
020155507
020155508
020155509
020155510
020155511
020158001
020158002
020158003
020158004
020158005
020158006
020158007
020158008
020158009
020158010
020158011
020160501
020160502
020160503
020160504
020160505
020160506
020160507
020160508
020160509
020160510
020160511
020163001
020163002
020163003
020163004
020163005
020163006
020163007
020163008
020163009
020163010
020163011
020165501
020165502
020165503
020165504
020165505
020165506
020165507
020165508
020165509
020165510
020165511
020168001
020168002
020168003
020168004
020168005
020168006
020168007
020168008
020168009
020168010
020168011
020170501
020170502
020170503
020170504
020170505
020170506
020170507
020170508
020170509
020170510
020170511
020173001
020173002
020173003
020173004
020173005
020173006
020173007
020173008
020173009
020173010
020173011
020175501
020175502
020175503
020175504
020175505
020175506
020175507
020175508
020175509
020175510
020175511
020178001
020178002
020178003
020178004
020178005
020178006
020178007
020178008
020178009
020178010
020178011
020180501
020180502
020180503
020180504
020180505
020180506
020180507
020180508
020180509
020180510
020180511
020183001
020183002
020183003
020183004
020183005
020183006
020183007
020183008
020183009
020183010
020183011
020185501
020185502
020185503
020185504
020185505
020185506
020185507
020185508
020185509
020185510
020185511
020188001
020188002
020188003
020188004
020188005
020188006
020188007
020188008
020188009
020188010
020188011
020190501
020190502
020190503
020190504
020190505
020190506
020190507
020190508
020190509
020190510
020190511
020193001
020193002
020193003
020193004
020193005
020193006
020193007
020193008
020193009
020193010
020193011
020195501
020195502
020195503
020195504
020195505
020195506
020195507
020195508
020195509
020195510
020195511
020198001
020198002
020198003
020198004
020198005
020198006
020198007
020198008
020198009
020198010
020198011
020200501
020200502
020200503
020200504
020200505
020200506
020200507
020200508
020200509
020200510
020200511
020203001
020203002
020203003
020203004
020203005
020203006
020203007
020203008
020203009
020203010
020203011
020205501
020205502
020205503
020205504
020205505
020205506
020205507
020205508
020205509
020205510
020205511
020208001
020208002
020208003
020208004
020208005
020208006
020208007
020208008
020208009
020208010
020208011
020210501
020210502
020210503
020210504
020210505
020210506
020210507
020210508
020210509
020210510
020210511
020213001
020213002
020213003
020213004
020213005
020213006
020213007
020213008
020213009
020213010
020213011
020215501
020215502
020215503
020215504
020215505
020215506
020215507
020215508
020215509
020215510
020215511
020218001
020218002
020218003
020218004
020218005
020218006
020218007
020218008
020218009
020218010
020218011
020220501
020220502
020220503
020220504
020220505
020220506
020220507
020220508
020220509
020220510
020220511
020223001
020223002
020223003
020223004
020223005
020223006
020223007
020223008
020223009
020223010
020223011
020225501
020225502
020225503
020225504
020225505
020225506
020225507
020225508
020225509
020225510
020225511
020228001
020228002
020228003
020228004
020228005
020228006
020228007
020228008
020228009
020228010
020228011
020230501
020230502
020230503
020230504
020230505
020230506
020230507
020230508
020230509
020230510
020230511
020233001
020233002
020233003
020233004
020233005
020233006
020233007
020233008
020233009
020233010
020233011
020235501
020235502
020235503
020235504
020235505
020235506
020235507
020235508
020235509
020235510
020235511
020238001
020238002
020238003
020238004
020238005
020238006
020238007
020238008
020238009
020238010
020238011
020240501
020240502
020240503
020240504
020240505
020240506
020240507
020240508
020240509
020240510
020240511
020243001
020243002
020243003
020243004
020243005
020243006
020243007
020243008
020243009
020243010
020243011
020245501
020245502
020245503
020245504
020245505
020245506
020245507
020245508
020245509
020245510
020245511
020248001
020248002
020248003
020248004
020248005
020248006
020248007
020248008
020248009
020248010
020248011
020250501
020250502
020250503
020250504
020250505
020250506
020250507
020250508
020250509
020250510
020250511
020253001
020253002
020253003
020253004
020253005
020253006
020253007
020253008
020253009
020253010
020253011
020255501
020255502
020255503
020255504
020255505
020255506
020255507
020255508
020255509
020255510
020255511
020258001
020258002
020258003
020258004
020258005
020258006
020258007
020258008
020258009
020258010
020258011
020260501
020260502
020260503
020260504
020260505
020260506
020260507
020260508
020260509
020260510
020260511
020263001
020263002
020263003
020263004
020263005
020263006
020263007
020263008
020263009
020263010
020263011
020265501
020265502
020265503
020265504
020265505
020265506
020265507
020265508
020265509
020265510
020265511
020268001
020268002
020268003
020268004
020268005
020268006
020268007
020268008
020268009
020268010
020268011
020270501
020270502
020270503
020270504
020270505
020270506
020270507
020270508
020270509
020270510
020270511
020273001
020273002
020273003
020273004
020273005
020273006
020273007
020273008
020273009
020273010
020273011
020275501
020275502
020275503
020275504
020275505
020275506
020275507
020275508
020275509
020275510
020275511
020278001
020278002
020278003
020278004
020278005
020278006
020278007
020278008
020278009
020278010
020278011
020280501
020280502
020280503
020280504
020280505
020280506
020280507
020280508
020280509
020280510
020280511
020283001
020283002
020283003
020283004
020283005
020283006
020283007
020283008
020283009
020283010
020283011
