  1 1.07120016e+00 4.12426754e-04 291.953 3.95320664e-07 
  2 1.04269387e+00 4.01451205e-04 290.487 3.89883778e-07 
  3 1.01458170e+00 3.90627466e-04 289.002 3.84409880e-07 
  4 9.86866319e-01 3.79955461e-04 287.497 3.78899874e-07 
  5 9.59550116e-01 3.69438342e-04 285.971 3.73361036e-07 
  6 9.32635348e-01 3.59076871e-04 284.425 3.67789244e-07 
  7 9.06124119e-01 3.48869741e-04 282.858 3.62193002e-07 
  8 8.80018392e-01 3.38818308e-04 281.282 3.56570877e-07 
  9 8.54320092e-01 3.28926379e-04 279.711 3.50930874e-07 
 10 8.29030905e-01 3.19188532e-04 278.119 3.45268961e-07 
 11 8.04152399e-01 3.09609370e-04 276.506 3.39586306e-07 
 12 7.79685959e-01 3.00190468e-04 274.878 3.33886563e-07 
 13 7.55632910e-01 2.90930563e-04 273.254 3.28169641e-07 
 14 7.31994336e-01 2.81828105e-04 271.609 3.22441240e-07 
 15 7.08771233e-01 2.72887086e-04 269.940 3.16696566e-07 
 16 6.85964472e-01 2.64107158e-04 268.258 3.10949147e-07 
 17 6.63574687e-01 2.55486577e-04 266.580 3.05201026e-07 
 18 6.41602327e-01 2.47026792e-04 264.877 2.99450452e-07 
 19 6.20047820e-01 2.38728955e-04 263.150 2.93691142e-07 
 20 5.98911400e-01 2.30590032e-04 261.416 2.87937442e-07 
 21 5.78193011e-01 2.22613827e-04 259.679 2.82189088e-07 
 22 5.57892652e-01 2.14797623e-04 257.915 2.76438338e-07 
 23 5.38010143e-01 2.07142696e-04 256.126 2.70694658e-07 
 24 5.18544970e-01 1.99648800e-04 254.341 2.64965058e-07 
 25 4.99496548e-01 1.92314349e-04 252.540 2.59244077e-07 
 26 4.80864182e-01 1.85141349e-04 250.711 2.53535832e-07 
 27 4.62646971e-01 1.78127037e-04 248.864 2.47839243e-07 
 28 4.44843890e-01 1.71273146e-04 247.021 2.42161526e-07 
 29 4.27453748e-01 1.64577390e-04 245.151 2.36499569e-07 
 30 4.10475115e-01 1.58040838e-04 243.251 2.30859259e-07 
 31 3.93906533e-01 1.51661299e-04 241.355 2.25239602e-07 
 32 3.77746296e-01 1.45439783e-04 239.444 2.19649348e-07 
 33 3.61992479e-01 1.39374041e-04 237.501 2.14082261e-07 
 34 3.46643138e-01 1.33464293e-04 235.543 2.08544254e-07 
 35 3.31696122e-01 1.27709760e-04 233.583 2.03033650e-07 
 36 3.17149063e-01 1.22108995e-04 231.590 1.97561081e-07 
 37 3.02999464e-01 1.16661136e-04 229.576 1.92118221e-07 
 38 2.89244687e-01 1.11365657e-04 227.590 1.86718261e-07 
 39 2.75881889e-01 1.06220586e-04 225.577 1.81356175e-07 
 40 2.62908100e-01 1.01225602e-04 223.529 1.76036200e-07 
 41 2.50320213e-01 9.63791178e-05 221.464 1.70758423e-07 
 42 2.38114928e-01 9.16801283e-05 219.365 1.65528205e-07 
 43 2.26288782e-01 8.71259029e-05 217.325 1.60345224e-07 
 44 2.14838122e-01 8.27145269e-05 216.773 1.55214373e-07 
 45 2.03759201e-01 7.84490809e-05 216.740 1.50132908e-07 
 46 1.93048122e-01 7.43251246e-05 216.707 1.45107925e-07 
 47 1.82700738e-01 7.03412171e-05 216.700 1.40139630e-07 
 48 1.72712857e-01 6.64959302e-05 216.700 1.35228885e-07 
 49 1.63080031e-01 6.27872381e-05 216.700 1.30381459e-07 
 50 1.53797779e-01 5.92135292e-05 216.700 1.25593145e-07 
 51 1.44861404e-01 5.57728627e-05 216.700 1.20873511e-07 
 52 1.36265977e-01 5.24635679e-05 216.700 1.16219278e-07 
 53 1.28006611e-01 4.92836499e-05 216.700 1.11632570e-07 
 54 1.20078115e-01 4.62311010e-05 216.700 1.07120276e-07 
 55 1.12475176e-01 4.33038259e-05 216.700 1.02679370e-07 
 56 1.05192355e-01 4.04999325e-05 216.700 9.83149513e-08 
 57 9.82241285e-02 3.78171185e-05 216.700 9.40239083e-08 
 58 9.15648225e-02 3.52532013e-05 216.700 8.98141649e-08 
 59 8.52085124e-02 3.28060224e-05 216.700 8.56859843e-08 
 60 7.91492772e-02 3.04731018e-05 216.700 8.16383365e-08 
 61 7.33809958e-02 2.82522792e-05 216.700 7.76756035e-08 
 62 6.78974018e-02 2.61410276e-05 216.700 7.38001808e-08 
 63 6.26921286e-02 2.41369471e-05 216.700 7.00121560e-08 
 64 5.77587682e-02 2.22375944e-05 216.700 6.63115145e-08 
 65 5.30906991e-02 2.04400347e-05 216.864 6.27044349e-08 
 66 4.86811648e-02 1.87423382e-05 217.355 5.91881638e-08 
 67 4.45233500e-02 1.71415183e-05 217.900 5.57679414e-08 
 68 4.06103505e-02 1.56349737e-05 218.491 5.24409339e-08 
 69 3.69352074e-02 1.42200257e-05 219.103 4.92114576e-08 
 70 3.34907123e-02 1.28938860e-05 219.737 4.60818385e-08 
 71 3.02696139e-02 1.16537378e-05 220.393 4.30509922e-08 
 72 2.72646584e-02 1.04968144e-05 221.073 4.01200907e-08 
 73 2.44684913e-02 9.42028737e-06 221.771 3.72907300e-08 
 74 2.18736090e-02 8.42124847e-06 222.479 3.45658238e-08 
 75 1.94724636e-02 7.49680269e-06 223.213 3.19435940e-08 
 76 1.72575051e-02 6.64402987e-06 223.980 2.94257312e-08 
 77 1.52210816e-02 5.85999716e-06 224.809 2.70135774e-08 
 78 1.33554951e-02 5.14173582e-06 225.679 2.47070850e-08 
 79 1.16529967e-02 4.48623353e-06 226.636 2.25077094e-08 
 80 1.01058404e-02 3.89055990e-06 227.852 2.04140172e-08 
 81 8.70622438e-03 3.35171274e-06 229.150 1.84288731e-08 
 82 7.44630438e-03 2.86637575e-06 231.164 1.65510465e-08 
 83 6.31828250e-03 2.43210333e-06 234.361 1.47803001e-08 
 84 5.31441245e-03 2.04564220e-06 237.750 1.31155804e-08 
 85 4.42683707e-03 1.70395367e-06 241.341 1.15610383e-08 
 86 3.64782157e-03 1.40404912e-06 245.222 1.01096226e-08 
 87 2.96970529e-03 1.14300356e-06 249.408 8.76571974e-09 
 88 2.38479261e-03 9.17837757e-07 253.937 7.52649934e-09 
 89 1.88547888e-03 7.25624889e-07 258.856 6.39209144e-09 
 90 1.46426524e-03 5.63493246e-07 264.210 5.35975551e-09 
 91 1.11385084e-03 4.28687460e-07 269.425 4.42683681e-09 
 92 8.26913578e-04 3.18402015e-07 270.398 3.59613136e-09 
 93 5.96366274e-04 2.29732308e-07 266.412 2.85939834e-09 
 94 4.15276532e-04 1.60017421e-07 260.488 2.21950634e-09 
 95 2.76895883e-04 1.06738122e-07 252.322 1.66967111e-09 
 96 1.74804384e-04 6.74071767e-08 243.039 1.20728960e-09 
 97 1.02712812e-04 3.96313661e-08 232.761 8.31152323e-10 
 98 5.47147132e-05 2.11278288e-08 221.323 5.33131234e-10 
 99 2.53191704e-05 9.78041837e-09 209.992 3.09115487e-10 
100 9.36807168e-06 3.59360320e-09 198.164 1.52704032e-10 
