010283001
010283002
010283003
010283004
010283005
010283006
010283007
010283008
010283009
010283010
010283011
010285501
010285502
010285503
010285504
010285505
010285506
010285507
010285508
010285509
010285510
010285511
010288001
010288002
010288003
010288004
010288005
010288006
010288007
010288008
010288009
010288010
010288011
010290501
010290502
010290503
010290504
010290505
010290506
010290507
010290508
010290509
010290510
010290511
010293001
010293002
010293003
010293004
010293005
010293006
010293007
010293008
010293009
010293010
010293011
010295501
010295502
010295503
010295504
010295505
010295506
010295507
010295508
010295509
010295510
010295511
010298001
010298002
010298003
010298004
010298005
010298006
010298007
010298008
010298009
010298010
010298011
010300501
010300502
010300503
010300504
010300505
010300506
010300507
010300508
010300509
010300510
010300511
010303001
010303002
010303003
010303004
010303005
010303006
010303007
010303008
010303009
010303010
010303011
010305501
010305502
010305503
010305504
010305505
010305506
010305507
010305508
010305509
010305510
010305511
010308001
010308002
010308003
010308004
010308005
010308006
010308007
010308008
010308009
010308010
010308011
010310501
010310502
010310503
010310504
010310505
010310506
010310507
010310508
010310509
010310510
010310511
010313001
010313002
010313003
010313004
010313005
010313006
010313007
010313008
010313009
010313010
010313011
010315501
010315502
010315503
010315504
010315505
010315506
010315507
010315508
010315509
010315510
010315511
010318001
010318002
010318003
010318004
010318005
010318006
010318007
010318008
010318009
010318010
010318011
010320501
010320502
010320503
010320504
010320505
010320506
010320507
010320508
010320509
010320510
010320511
010323001
010323002
010323003
010323004
010323005
010323006
010323007
010323008
010323009
010323010
010323011
010325501
010325502
010325503
010325504
010325505
010325506
010325507
010325508
010325509
010325510
010325511
010328001
010328002
010328003
010328004
010328005
010328006
010328007
010328008
010328009
010328010
010328011
010330501
010330502
010330503
010330504
010330505
010330506
010330507
010330508
010330509
010330510
010330511
010333001
010333002
010333003
010333004
010333005
010333006
010333007
010333008
010333009
010333010
010333011
010335501
010335502
010335503
010335504
010335505
010335506
010335507
010335508
010335509
010335510
010335511
010338001
010338002
010338003
010338004
010338005
010338006
010338007
010338008
010338009
010338010
010338011
010340501
010340502
010340503
010340504
010340505
010340506
010340507
010340508
010340509
010340510
010340511
010343001
010343002
010343003
010343004
010343005
010343006
010343007
010343008
010343009
010343010
010343011
010345501
010345502
010345503
010345504
010345505
010345506
010345507
010345508
010345509
010345510
010345511
010348001
010348002
010348003
010348004
010348005
010348006
010348007
010348008
010348009
010348010
010348011
010350501
010350502
010350503
010350504
010350505
010350506
010350507
010350508
010350509
010350510
010350511
010353001
010353002
010353003
010353004
010353005
010353006
010353007
010353008
010353009
010353010
010353011
010355501
010355502
010355503
010355504
010355505
010355506
010355507
010355508
010355509
010355510
010355511
