020283001
020283002
020283003
020283004
020283005
020283006
020283007
020283008
020283009
020283010
020283011
020285501
020285502
020285503
020285504
020285505
020285506
020285507
020285508
020285509
020285510
020285511
020288001
020288002
020288003
020288004
020288005
020288006
020288007
020288008
020288009
020288010
020288011
020290501
020290502
020290503
020290504
020290505
020290506
020290507
020290508
020290509
020290510
020290511
020293001
020293002
020293003
020293004
020293005
020293006
020293007
020293008
020293009
020293010
020293011
020295501
020295502
020295503
020295504
020295505
020295506
020295507
020295508
020295509
020295510
020295511
020298001
020298002
020298003
020298004
020298005
020298006
020298007
020298008
020298009
020298010
020298011
020300501
020300502
020300503
020300504
020300505
020300506
020300507
020300508
020300509
020300510
020300511
020303001
020303002
020303003
020303004
020303005
020303006
020303007
020303008
020303009
020303010
020303011
020305501
020305502
020305503
020305504
020305505
020305506
020305507
020305508
020305509
020305510
020305511
020308001
020308002
020308003
020308004
020308005
020308006
020308007
020308008
020308009
020308010
020308011
020310501
020310502
020310503
020310504
020310505
020310506
020310507
020310508
020310509
020310510
020310511
020313001
020313002
020313003
020313004
020313005
020313006
020313007
020313008
020313009
020313010
020313011
020315501
020315502
020315503
020315504
020315505
020315506
020315507
020315508
020315509
020315510
020315511
020318001
020318002
020318003
020318004
020318005
020318006
020318007
020318008
020318009
020318010
020318011
020320501
020320502
020320503
020320504
020320505
020320506
020320507
020320508
020320509
020320510
020320511
020323001
020323002
020323003
020323004
020323005
020323006
020323007
020323008
020323009
020323010
020323011
020325501
020325502
020325503
020325504
020325505
020325506
020325507
020325508
020325509
020325510
020325511
020328001
020328002
020328003
020328004
020328005
020328006
020328007
020328008
020328009
020328010
020328011
020330501
020330502
020330503
020330504
020330505
020330506
020330507
020330508
020330509
020330510
020330511
020333001
020333002
020333003
020333004
020333005
020333006
020333007
020333008
020333009
020333010
020333011
020335501
020335502
020335503
020335504
020335505
020335506
020335507
020335508
020335509
020335510
020335511
020338001
020338002
020338003
020338004
020338005
020338006
020338007
020338008
020338009
020338010
020338011
020340501
020340502
020340503
020340504
020340505
020340506
020340507
020340508
020340509
020340510
020340511
020343001
020343002
020343003
020343004
020343005
020343006
020343007
020343008
020343009
020343010
020343011
020345501
020345502
020345503
020345504
020345505
020345506
020345507
020345508
020345509
020345510
020345511
020348001
020348002
020348003
020348004
020348005
020348006
020348007
020348008
020348009
020348010
020348011
020350501
020350502
020350503
020350504
020350505
020350506
020350507
020350508
020350509
020350510
020350511
020353001
020353002
020353003
020353004
020353005
020353006
020353007
020353008
020353009
020353010
020353011
020355501
020355502
020355503
020355504
020355505
020355506
020355507
020355508
020355509
020355510
020355511
030283001
030283002
030283003
030283004
030283005
030283006
030283007
030283008
030283009
030283010
030283011
030285501
030285502
030285503
030285504
030285505
030285506
030285507
030285508
030285509
030285510
030285511
030288001
030288002
030288003
030288004
030288005
030288006
030288007
030288008
030288009
030288010
030288011
030290501
030290502
030290503
030290504
030290505
030290506
030290507
030290508
030290509
030290510
030290511
030293001
030293002
030293003
030293004
030293005
030293006
030293007
030293008
030293009
030293010
030293011
030295501
030295502
030295503
030295504
030295505
030295506
030295507
030295508
030295509
030295510
030295511
030298001
030298002
030298003
030298004
030298005
030298006
030298007
030298008
030298009
030298010
030298011
030300501
030300502
030300503
030300504
030300505
030300506
030300507
030300508
030300509
030300510
030300511
030303001
030303002
030303003
030303004
030303005
030303006
030303007
030303008
030303009
030303010
030303011
030305501
030305502
030305503
030305504
030305505
030305506
030305507
030305508
030305509
030305510
030305511
030308001
030308002
030308003
030308004
030308005
030308006
030308007
030308008
030308009
030308010
030308011
030310501
030310502
030310503
030310504
030310505
030310506
030310507
030310508
030310509
030310510
030310511
030313001
030313002
030313003
030313004
030313005
030313006
030313007
030313008
030313009
030313010
030313011
030315501
030315502
030315503
030315504
030315505
030315506
030315507
030315508
030315509
030315510
030315511
030318001
030318002
030318003
030318004
030318005
030318006
030318007
030318008
030318009
030318010
030318011
030320501
030320502
030320503
030320504
030320505
030320506
030320507
030320508
030320509
030320510
030320511
030323001
030323002
030323003
030323004
030323005
030323006
030323007
030323008
030323009
030323010
030323011
030325501
030325502
030325503
030325504
030325505
030325506
030325507
030325508
030325509
030325510
030325511
030328001
030328002
030328003
030328004
030328005
030328006
030328007
030328008
030328009
030328010
030328011
030330501
030330502
030330503
030330504
030330505
030330506
030330507
030330508
030330509
030330510
030330511
030333001
030333002
030333003
030333004
030333005
030333006
030333007
030333008
030333009
030333010
030333011
030335501
030335502
030335503
030335504
030335505
030335506
030335507
030335508
030335509
030335510
030335511
030338001
030338002
030338003
030338004
030338005
030338006
030338007
030338008
030338009
030338010
030338011
030340501
030340502
030340503
030340504
030340505
030340506
030340507
030340508
030340509
030340510
030340511
030343001
030343002
030343003
030343004
030343005
030343006
030343007
030343008
030343009
030343010
030343011
030345501
030345502
030345503
030345504
030345505
030345506
030345507
030345508
030345509
030345510
030345511
030348001
030348002
030348003
030348004
030348005
030348006
030348007
030348008
030348009
030348010
030348011
030350501
030350502
030350503
030350504
030350505
030350506
030350507
030350508
030350509
030350510
030350511
030353001
030353002
030353003
030353004
030353005
030353006
030353007
030353008
030353009
030353010
030353011
030355501
030355502
030355503
030355504
030355505
030355506
030355507
030355508
030355509
030355510
030355511
040283001
040283002
040283003
040283004
040283005
040283006
040283007
040283008
040283009
040283010
040283011
040285501
040285502
040285503
040285504
040285505
040285506
040285507
040285508
040285509
040285510
040285511
040288001
040288002
040288003
040288004
040288005
040288006
040288007
040288008
040288009
040288010
040288011
040290501
040290502
040290503
040290504
040290505
040290506
040290507
040290508
040290509
040290510
040290511
040293001
040293002
040293003
040293004
040293005
040293006
040293007
040293008
040293009
040293010
040293011
040298001
040298002
040298003
040298004
040298005
040298006
040298007
040298008
040298009
040298010
040298011
040300501
040300502
040300503
040300504
040300505
040300506
040300507
040300508
040300509
040300510
040300511
040303001
040303002
040303003
040303004
040303005
040303006
040303007
040303008
040303009
040303010
040303011
040305501
040305502
040305503
040305504
040305505
040305506
040305507
040305508
040305509
040305510
040305511
040308001
040308002
040308003
040308004
040308005
040308006
040308007
040308008
040308009
040308010
040308011
040310501
040310502
040310503
040310504
040310505
040310506
040310507
040310508
040310509
040310510
040310511
040313001
040313002
040313003
040313004
040313005
040313006
040313007
040313008
040313009
040313010
040313011
040315501
040315502
040315503
040315504
040315505
040315506
040315507
040315508
040315509
040315510
040315511
040318001
040318002
040318003
040318004
040318005
040318006
040318007
040318008
040318009
040318010
040318011
040320501
040320502
040320503
040320504
040320505
040320506
040320507
040320508
040320509
040320510
040320511
040323001
040323002
040323003
040323004
040323005
040323006
040323007
040323008
040323009
040323010
040323011
040325501
040325502
040325503
040325504
040325505
040325506
040325507
040325508
040325509
040325510
040325511
040328001
040328002
040328003
040328004
040328005
040328006
040328007
040328008
040328009
040328010
040328011
040330501
040330502
040330503
040330504
040330505
040330506
040330507
040330508
040330509
040330510
040330511
040333001
040333002
040333003
040333004
040333005
040333006
040333007
040333008
040333009
040333010
040333011
040335501
040335502
040335503
040335504
040335505
040335506
040335507
040335508
040335509
040335510
040335511
040338001
040338002
040338003
040338004
040338005
040338006
040338007
040338008
040338009
040338010
040338011
040340501
040340502
040340503
040340504
040340505
040340506
040340507
040340508
040340509
040340510
040340511
040343001
040343002
040343003
040343004
040343005
040343006
040343007
040343008
040343009
040343010
040343011
040345501
040345502
040345503
040345504
040345505
040345506
040345507
040345508
040345509
040345510
040345511
040348001
040348002
040348003
040348004
040348005
040348006
040348007
040348008
040348009
040348010
040348011
040350501
040350502
040350503
040350504
040350505
040350506
040350507
040350508
040350509
040350510
040350511
040353001
040353002
040353003
040353004
040353005
040353006
040353007
040353008
040353009
040353010
040353011
040355501
040355502
040355503
040355504
040355505
040355506
040355507
040355508
040355509
040355510
040355511
060283001
060283002
060283003
060283004
060283005
060283006
060283007
060283008
060283009
060283010
060283011
060285501
060285502
060285503
060285504
060285505
060285506
060285507
060285508
060285509
060285510
060285511
060288001
060288002
060288003
060288004
060288005
060288006
060288007
060288008
060288009
060288010
060288011
060290501
060290502
060290503
060290504
060290505
060290506
060290507
060290508
060290509
060290510
060290511
060293001
060293002
060293003
060293004
060293005
060293006
060293007
060293008
060293009
060293010
060293011
060295501
060295502
060295503
060295504
060295505
060295506
060295507
060295508
060295509
060295510
060295511
060298001
060298002
060298003
060298004
060298005
060298006
060298007
060298008
060298009
060298010
060298011
060300501
060300502
060300503
060300504
060300505
060300506
060300507
060300508
060300509
060300510
060300511
060303001
060303002
060303003
060303004
060303005
060303006
060303007
060303008
060303009
060303010
060303011
060305501
060305502
060305503
060305504
060305505
060305506
060305507
060305508
060305509
060305510
060305511
060308001
060308002
060308003
060308004
060308005
060308006
060308007
060308008
060308009
060308010
060308011
060310501
060310502
060310503
060310504
060310505
060310506
060310507
060310508
060310509
060310510
060310511
060313001
060313002
060313003
060313004
060313005
060313006
060313007
060313008
060313009
060313010
060313011
060315501
060315502
060315503
060315504
060315505
060315506
060315507
060315508
060315509
060315510
060315511
060318001
060318002
060318003
060318004
060318005
060318006
060318007
060318008
060318009
060318010
060318011
060320501
060320502
060320503
060320504
060320505
060320506
060320507
060320508
060320509
060320510
060320511
060323001
060323002
060323003
060323004
060323005
060323006
060323007
060323008
060323009
060323010
060323011
060325501
060325502
060325503
060325504
060325505
060325506
060325507
060325508
060325509
060325510
060325511
060328001
060328002
060328003
060328004
060328005
060328006
060328007
060328008
060328009
060328010
060328011
060330501
060330502
060330503
060330504
060330505
060330506
060330507
060330508
060330509
060330510
060330511
060333001
060333002
060333003
060333004
060333005
060333006
060333007
060333008
060333009
060333010
060333011
060335501
060335502
060335503
060335504
060335505
060335506
060335507
060335508
060335509
060335510
060335511
060338001
060338002
060338003
060338004
060338005
060338006
060338007
060338008
060338009
060338010
060338011
060340501
060340502
060340503
060340504
060340505
060340506
060340507
060340508
060340509
060340510
060340511
060343001
060343002
060343003
060343004
060343005
060343006
060343007
060343008
060343009
060343010
060343011
060345501
060345502
060345503
060345504
060345505
060345506
060345507
060345508
060345509
060345510
060345511
060348001
060348002
060348003
060348004
060348005
060348006
060348007
060348008
060348009
060348010
060348011
060350501
060350502
060350503
060350504
060350505
060350506
060350507
060350508
060350509
060350510
060350511
060353001
060353002
060353003
060353004
060353005
060353006
060353007
060353008
060353009
060353010
060353011
060355501
060355502
060355503
060355504
060355505
060355506
060355507
060355508
060355509
060355510
060355511
080283001
080283002
080283003
080283004
080283005
080283006
080283007
080283008
080283009
080283010
080283011
080285501
080285502
080285503
080285504
080285505
080285506
080285507
080285508
080285509
080285510
080285511
080288001
080288002
080288003
080288004
080288005
080288006
080288007
080288008
080288009
080288010
080288011
080290501
080290502
080290503
080290504
080290505
080290506
080290507
080290508
080290509
080290510
080290511
080293001
080293002
080293003
080293004
080293005
080293006
080293007
080293008
080293009
080293010
080293011
080295501
080295502
080295503
080295504
080295505
080295506
080295507
080295508
080295509
080295510
080295511
080298001
080298002
080298003
080298004
080298005
080298006
080298007
080298008
080298009
080298010
080298011
080300501
080300502
080300503
080300504
080300505
080300506
080300507
080300508
080300509
080300510
080300511
080303001
080303002
080303003
080303004
080303005
080303006
080303007
080303008
080303009
080303010
080303011
080305501
080305502
080305503
080305504
080305505
080305506
080305507
080305508
080305509
080305510
080305511
080308001
080308002
080308003
080308004
080308005
080308006
080308007
080308008
080308009
080308010
080308011
080310501
080310502
080310503
080310504
080310505
080310506
080310507
080310508
080310509
080310510
080310511
080313001
080313002
080313003
080313004
080313005
080313006
080313007
080313008
080313009
080313010
080313011
080315501
080315502
080315503
080315504
080315505
080315506
080315507
080315508
080315509
080315510
080315511
080318001
080318002
080318003
080318004
080318005
080318006
080318007
080318008
080318009
080318010
080318011
080320501
080320502
080320503
080320504
080320505
080320506
080320507
080320508
080320509
080320510
080320511
080323001
080323002
080323003
080323004
080323005
080323006
080323007
080323008
080323009
080323010
080323011
080325501
080325502
080325503
080325504
080325505
080325506
080325507
080325508
080325509
080325510
080325511
080328001
080328002
080328003
080328004
080328005
080328006
080328007
080328008
080328009
080328010
080328011
080330501
080330502
080330503
080330504
080330505
080330506
080330507
080330508
080330509
080330510
080330511
080333001
080333002
080333003
080333004
080333005
080333006
080333007
080333008
080333009
080333010
080333011
080335501
080335502
080335503
080335504
080335505
080335506
080335507
080335508
080335509
080335510
080335511
080338001
080338002
080338003
080338004
080338005
080338006
080338007
080338008
080338009
080338010
080338011
080340501
080340502
080340503
080340504
080340505
080340506
080340507
080340508
080340509
080340510
080340511
080343001
080343002
080343003
080343004
080343005
080343006
080343007
080343008
080343009
080343010
080343011
080345501
080345502
080345503
080345504
080345505
080345506
080345507
080345508
080345509
080345510
080345511
080348001
080348002
080348003
080348004
080348005
080348006
080348007
080348008
080348009
080348010
080348011
080350501
080350502
080350503
080350504
080350505
080350506
080350507
080350508
080350509
080350510
080350511
080353001
080353002
080353003
080353004
080353005
080353006
080353007
080353008
080353009
080353010
080353011
080355501
080355502
080355503
080355504
080355505
080355506
080355507
080355508
080355509
080355510
080355511
100283001
100283002
100283003
100283004
100283005
100283006
100283007
100283008
100283009
100283010
100283011
100285501
100285502
100285503
100285504
100285505
100285506
100285507
100285508
100285509
100285510
100285511
100288001
100288002
100288003
100288004
100288005
100288006
100288007
100288008
100288009
100288010
100288011
100290501
100290502
100290503
100290504
100290505
100290506
100290507
100290508
100290509
100290510
100290511
100293001
100293002
100293003
100293004
100293005
100293006
100293007
100293008
100293009
100293010
100293011
100295501
100295502
100295503
100295504
100295505
100295506
100295507
100295508
100295509
100295510
100295511
100298001
100298002
100298003
100298004
100298005
100298006
100298007
100298008
100298009
100298010
100298011
100300501
100300502
100300503
100300504
100300505
100300506
100300507
100300508
100300509
100300510
100300511
100303001
100303002
100303003
100303004
100303005
100303006
100303007
100303008
100303009
100303010
100303011
100305501
100305502
100305503
100305504
100305505
100305506
100305507
100305508
100305509
100305510
100305511
100308001
100308002
100308003
100308004
100308005
100308006
100308007
100308008
100308009
100308010
100308011
110283001
110283002
110283003
110283004
110283005
110283006
110283007
110283008
110283009
110283010
110283011
110285501
110285502
110285503
110285504
110285505
110285506
110285507
110285508
110285509
110285510
110285511
110288001
110288002
110288003
110288004
110288005
110288006
110288007
110288008
110288009
110288010
110288011
110290501
110290502
110290503
110290504
110290505
110290506
110290507
110290508
110290509
110290510
110290511
110293001
110293002
110293003
110293004
110293005
110293006
110293007
110293008
110293009
110293010
110293011
110295501
110295502
110295503
110295504
110295505
110295506
110295507
110295508
110295509
110295510
110295511
110298001
110298002
110298003
110298004
110298005
110298006
110298007
110298008
110298009
110298010
110298011
110300501
110300502
110300503
110300504
110300505
110300506
110300507
110300508
110300509
110300510
110300511
110303001
110303002
110303003
110303004
110303005
110303006
110303007
110303008
110303009
110303010
110303011
110305501
110305502
110305503
110305504
110305505
110305506
110305507
110305508
110305509
110305510
110305511
110308001
110308002
110308003
110308004
110308005
110308006
110308007
110308008
110308009
110308010
110308011
110310501
110310502
110310503
110310504
110310505
110310506
110310507
110310508
110310509
110310510
110310511
110313001
110313002
110313003
110313004
110313005
110313006
110313007
110313008
110313009
110313010
110313011
110315501
110315502
110315503
110315504
110315505
110315506
110315507
110315508
110315509
110315510
110315511
110318001
110318002
110318003
110318004
110318005
110318006
110318007
110318008
110318009
110318010
110318011
110320501
110320502
110320503
110320504
110320505
110320506
110320507
110320508
110320509
110320510
110320511
110323001
110323002
110323003
110323004
110323005
110323006
110323007
110323008
110323009
110323010
110323011
110325501
110325502
110325503
110325504
110325505
110325506
110325507
110325508
110325509
110325510
110325511
110328001
110328002
110328003
110328004
110328005
110328006
110328007
110328008
110328009
110328010
110328011
110330501
110330502
110330503
110330504
110330505
110330506
110330507
110330508
110330509
110330510
110330511
110333001
110333002
110333003
110333004
110333005
110333006
110333007
110333008
110333009
110333010
110333011
110335501
110335502
110335503
110335504
110335505
110335506
110335507
110335508
110335509
110335510
110335511
110338001
110338002
110338003
110338004
110338005
110338006
110338007
110338008
110338009
110338010
110338011
110340501
110340502
110340503
110340504
110340505
110340506
110340507
110340508
110340509
110340510
110340511
110343001
110343002
110343003
110343004
110343005
110343006
110343007
110343008
110343009
110343010
110343011
110345501
110345502
110345503
110345504
110345505
110345506
110345507
110345508
110345509
110345510
110345511
110348001
110348002
110348003
110348004
110348005
110348006
110348007
110348008
110348009
110348010
110348011
110350501
110350502
110350503
110350504
110350505
110350506
110350507
110350508
110350509
110350510
110350511
110353001
110353002
110353003
110353004
110353005
110353006
110353007
110353008
110353009
110353010
110353011
110355501
110355502
110355503
110355504
110355505
110355506
110355507
110355508
110355509
110355510
110355511
130283001
130283002
130283003
130283004
130283005
130283006
130283007
130283008
130283009
130283010
130283011
130285501
130285502
130285503
130285504
130285505
130285506
130285507
130285508
130285509
130285510
130285511
130288001
130288002
130288003
130288004
130288005
130288006
130288007
130288008
130288009
130288010
130288011
130290501
130290502
130290503
130290504
130290505
130290506
130290507
130290508
130290509
130290510
130290511
130293001
130293002
130293003
130293004
130293005
130293006
130293007
130293008
130293009
130293010
130293011
130295501
130295502
130295503
130295504
130295505
130295506
130295507
130295508
130295509
130295510
130295511
130298001
130298002
130298003
130298004
130298005
130298006
130298007
130298008
130298009
130298010
130298011
130300501
130300502
130300503
130300504
130300505
130300506
130300507
130300508
130300509
130300510
130300511
130303001
130303002
130303003
130303004
130303005
130303006
130303007
130303008
130303009
130303010
130303011
130305501
130305502
130305503
130305504
130305505
130305506
130305507
130305508
130305509
130305510
130305511
130308001
130308002
130308003
130308004
130308005
130308006
130308007
130308008
130308009
130308010
130308011
130310501
130310502
130310503
130310504
130310505
130310506
130310507
130310508
130310509
130310510
130310511
130313001
130313002
130313003
130313004
130313005
130313006
130313007
130313008
130313009
130313010
130313011
130315501
130315502
130315503
130315504
130315505
130315506
130315507
130315508
130315509
130315510
130315511
130318001
130318002
130318003
130318004
130318005
130318006
130318007
130318008
130318009
130318010
130318011
130320501
130320502
130320503
130320504
130320505
130320506
130320507
130320508
130320509
130320510
130320511
130323001
130323002
130323003
130323004
130323005
130323006
130323007
130323008
130323009
130323010
130323011
130325501
130325502
130325503
130325504
130325505
130325506
130325507
130325508
130325509
130325510
130325511
130328001
130328002
130328003
130328004
130328005
130328006
130328007
130328008
130328009
130328010
130328011
130330501
130330502
130330503
130330504
130330505
130330506
130330507
130330508
130330509
130330510
130330511
130333001
130333002
130333003
130333004
130333005
130333006
130333007
130333008
130333009
130333010
130333011
130335501
130335502
130335503
130335504
130335505
130335506
130335507
130335508
130335509
130335510
130335511
130338001
130338002
130338003
130338004
130338005
130338006
130338007
130338008
130338009
130338010
130338011
130340501
130340502
130340503
130340504
130340505
130340506
130340507
130340508
130340509
130340510
130340511
130343001
130343002
130343003
130343004
130343005
130343006
130343007
130343008
130343009
130343010
130343011
130345501
130345502
130345503
130345504
130345505
130345506
130345507
130345508
130345509
130345510
130345511
130348001
130348002
130348003
130348004
130348005
130348006
130348007
130348008
130348009
130348010
130348011
130350501
130350502
130350503
130350504
130350505
130350506
130350507
130350508
130350509
130350510
130350511
130353001
130353002
130353003
130353004
130353005
130353006
130353007
130353008
130353009
130353010
130353011
130355501
130355502
130355503
130355504
130355505
130355506
130355507
130355508
130355509
130355510
130355511
140283001
140283002
140283003
140283004
140283005
140283006
140283007
140283008
140283009
140283010
140283011
140285501
140285502
140285503
140285504
140285505
140285506
140285507
140285508
140285509
140285510
140285511
140288001
140288002
140288003
140288004
140288005
140288006
140288007
140288008
140288009
140288010
140288011
140290501
140290502
140290503
140290504
140290505
140290506
140290507
140290508
140290509
140290510
140290511
140293001
140293002
140293003
140293004
140293005
140293006
140293007
140293008
140293009
140293010
140293011
140295501
140295502
140295503
140295504
140295505
140295506
140295507
140295508
140295509
140295510
140295511
140298001
140298002
140298003
140298004
140298005
140298006
140298007
140298008
140298009
140298010
140298011
140300501
140300502
140300503
140300504
140300505
140300506
140300507
140300508
140300509
140300510
140300511
140303001
140303002
140303003
140303004
140303005
140303006
140303007
140303008
140303009
140303010
140303011
140305501
140305502
140305503
140305504
140305505
140305506
140305507
140305508
140305509
140305510
140305511
140308001
140308002
140308003
140308004
140308005
140308006
140308007
140308008
140308009
140308010
140308011
140310501
140310502
140310503
140310504
140310505
140310506
140310507
140310508
140310509
140310510
140310511
140313001
140313002
140313003
140313004
140313005
140313006
140313007
140313008
140313009
140313010
140313011
140315501
140315502
140315503
140315504
140315505
140315506
140315507
140315508
140315509
140315510
140315511
140318001
140318002
140318003
140318004
140318005
140318006
140318007
140318008
140318009
140318010
140318011
140320501
140320502
140320503
140320504
140320505
140320506
140320507
140320508
140320509
140320510
140320511
140323001
140323002
140323003
140323004
140323005
140323006
140323007
140323008
140323009
140323010
140323011
140325501
140325502
140325503
140325504
140325505
140325506
140325507
140325508
140325509
140325510
140325511
140328001
140328002
140328003
140328004
140328005
140328006
140328007
140328008
140328009
140328010
140328011
140330501
140330502
140330503
140330504
140330505
140330506
140330507
140330508
140330509
140330510
140330511
140333001
140333002
140333003
140333004
140333005
140333006
140333007
140333008
140333009
140333010
140333011
140335501
140335502
140335503
140335504
140335505
140335506
140335507
140335508
140335509
140335510
140335511
140338001
140338002
140338003
140338004
140338005
140338006
140338007
140338008
140338009
140338010
140338011
140340501
140340502
140340503
140340504
140340505
140340506
140340507
140340508
140340509
140340510
140340511
140343001
140343002
140343003
140343004
140343005
140343006
140343007
140343008
140343009
140343010
140343011
140345501
140345502
140345503
140345504
140345505
140345506
140345507
140345508
140345509
140345510
140345511
140348001
140348002
140348003
140348004
140348005
140348006
140348007
140348008
140348009
140348010
140348011
140350501
140350502
140350503
140350504
140350505
140350506
140350507
140350508
140350509
140350510
140350511
140353001
140353002
140353003
140353004
140353005
140353006
140353007
140353008
140353009
140353010
140353011
140355501
140355502
140355503
140355504
140355505
140355506
140355507
140355508
140355509
140355510
140355511
150283001
150283002
150283003
150283004
150283005
150283006
150283007
150283008
150283009
150283010
150283011
150285501
150285502
150285503
150285504
150285505
150285506
150285507
150285508
150285509
150285510
150285511
150288001
150288002
150288003
150288004
150288005
150288006
150288007
150288008
150288009
150288010
150288011
150290501
150290502
150290503
150290504
150290505
150290506
150290507
150290508
150290509
150290510
150290511
150293001
150293002
150293003
150293004
150293005
150293006
150293007
150293008
150293009
150293010
150293011
150295501
150295502
150295503
150295504
150295505
150295506
150295507
150295508
150295509
150295510
150295511
150298001
150298002
150298003
150298004
150298005
150298006
150298007
150298008
150298009
150298010
150298011
150300501
150300502
150300503
150300504
150300505
150300506
150300507
150300508
150300509
150300510
150300511
150303001
150303002
150303003
150303004
150303005
150303006
150303007
150303008
150303009
150303010
150303011
150305501
150305502
150305503
150305504
150305505
150305506
150305507
150305508
150305509
150305510
150305511
150308001
150308002
150308003
150308004
150308005
150308006
150308007
150308008
150308009
150308010
150308011
150310501
150310502
150310503
150310504
150310505
150310506
150310507
150310508
150310509
150310510
150310511
150313001
150313002
150313003
150313004
150313005
150313006
150313007
150313008
150313009
150313010
150313011
150315501
150315502
150315503
150315504
150315505
150315506
150315507
150315508
150315509
150315510
150315511
150318001
150318002
150318003
150318004
150318005
150318006
150318007
150318008
150318009
150318010
150318011
150320501
150320502
150320503
150320504
150320505
150320506
150320507
150320508
150320509
150320510
150320511
150323001
150323002
150323003
150323004
150323005
150323006
150323007
150323008
150323009
150323010
150323011
150325501
150325502
150325503
150325504
150325505
150325506
150325507
150325508
150325509
150325510
150325511
150328001
150328002
150328003
150328004
150328005
150328006
150328007
150328008
150328009
150328010
150328011
150330501
150330502
150330503
150330504
150330505
150330506
150330507
150330508
150330509
150330510
150330511
150333001
150333002
150333003
150333004
150333005
150333006
150333007
150333008
150333009
150333010
150333011
150335501
150335502
150335503
150335504
150335505
150335506
150335507
150335508
150335509
150335510
150335511
150338001
150338002
150338003
150338004
150338005
150338006
150338007
150338008
150338009
150338010
150338011
150340501
150340502
150340503
150340504
150340505
150340506
150340507
150340508
150340509
150340510
150340511
150343001
150343002
150343003
150343004
150343005
150343006
150343007
150343008
150343009
150343010
150343011
150345501
150345502
150345503
150345504
150345505
150345506
150345507
150345508
150345509
150345510
150345511
150348001
150348002
150348003
150348004
150348005
150348006
150348007
150348008
150348009
150348010
150348011
150350501
150350502
150350503
150350504
150350505
150350506
150350507
150350508
150350509
150350510
150350511
150353001
150353002
150353003
150353004
150353005
150353006
150353007
150353008
150353009
150353010
150353011
150355501
150355502
150355503
150355504
150355505
150355506
150355507
150355508
150355509
150355510
150355511
160283001
160283002
160283003
160283004
160283005
160283006
160283007
160283008
160283009
160283010
160283011
160285501
160285502
160285503
160285504
160285505
160285506
160285507
160285508
160285509
160285510
160285511
160288001
160288002
160288003
160288004
160288005
160288006
160288007
160288008
160288009
160288010
160288011
160290501
160290502
160290503
160290504
160290505
160290506
160290507
160290508
160290509
160290510
160290511
160293001
160293002
160293003
160293004
160293005
160293006
160293007
160293008
160293009
160293010
160293011
160295501
160295502
160295503
160295504
160295505
160295506
160295507
160295508
160295509
160295510
160295511
160298001
160298002
160298003
160298004
160298005
160298006
160298007
160298008
160298009
160298010
160298011
160300501
160300502
160300503
160300504
160300505
160300506
160300507
160300508
160300509
160300510
160300511
160303001
160303002
160303003
160303004
160303005
160303006
160303007
160303008
160303009
160303010
160303011
160305501
160305502
160305503
160305504
160305505
160305506
160305507
160305508
160305509
160305510
160305511
160308001
160308002
160308003
160308004
160308005
160308006
160308007
160308008
160308009
160308010
160308011
160310501
160310502
160310503
160310504
160310505
160310506
160310507
160310508
160310509
160310510
160310511
160313001
160313002
160313003
160313004
160313005
160313006
160313007
160313008
160313009
160313010
160313011
160315501
160315502
160315503
160315504
160315505
160315506
160315507
160315508
160315509
160315510
160315511
160318001
160318002
160318003
160318004
160318005
160318006
160318007
160318008
160318009
160318010
160318011
160320501
160320502
160320503
160320504
160320505
160320506
160320507
160320508
160320509
160320510
160320511
160323001
160323002
160323003
160323004
160323005
160323006
160323007
160323008
160323009
160323010
160323011
160325501
160325502
160325503
160325504
160325505
160325506
160325507
160325508
160325509
160325510
160325511
160328001
160328002
160328003
160328004
160328005
160328006
160328007
160328008
160328009
160328010
160328011
160330501
160330502
160330503
160330504
160330505
160330506
160330507
160330508
160330509
160330510
160330511
160333001
160333002
160333003
160333004
160333005
160333006
160333007
160333008
160333009
160333010
160333011
160335501
160335502
160335503
160335504
160335505
160335506
160335507
160335508
160335509
160335510
160335511
160338001
160338002
160338003
160338004
160338005
160338006
160338007
160338008
160338009
160338010
160338011
160340501
160340502
160340503
160340504
160340505
160340506
160340507
160340508
160340509
160340510
160340511
160343001
160343002
160343003
160343004
160343005
160343006
160343007
160343008
160343009
160343010
160343011
160345501
160345502
160345503
160345504
160345505
160345506
160345507
160345508
160345509
160345510
160345511
160348001
160348002
160348003
160348004
160348005
160348006
160348007
160348008
160348009
160348010
160348011
160350501
160350502
160350503
160350504
160350505
160350506
160350507
160350508
160350509
160350510
160350511
160353001
160353002
160353003
160353004
160353005
160353006
160353007
160353008
160353009
160353010
160353011
160355501
160355502
160355503
160355504
160355505
160355506
160355507
160355508
160355509
160355510
160355511
170283001
170283002
170283003
170283004
170283005
170283006
170283007
170283008
170283009
170283010
170283011
170285501
170285502
170285503
170285504
170285505
170285506
170285507
170285508
170285509
170285510
170285511
170288001
170288002
170288003
170288004
170288005
170288006
170288007
170288008
170288009
170288010
170288011
170290501
170290502
170290503
170290504
170290505
170290506
170290507
170290508
170290509
170290510
170290511
170293001
170293002
170293003
170293004
170293005
170293006
170293007
170293008
170293009
170293010
170293011
170295501
170295502
170295503
170295504
170295505
170295506
170295507
170295508
170295509
170295510
170295511
170298001
170298002
170298003
170298004
170298005
170298006
170298007
170298008
170298009
170298010
170298011
170300501
170300502
170300503
170300504
170300505
170300506
170300507
170300508
170300509
170300510
170300511
170303001
170303002
170303003
170303004
170303005
170303006
170303007
170303008
170303009
170303010
170303011
170305501
170305502
170305503
170305504
170305505
170305506
170305507
170305508
170305509
170305510
170305511
170308001
170308002
170308003
170308004
170308005
170308006
170308007
170308008
170308009
170308010
170308011
170310501
170310502
170310503
170310504
170310505
170310506
170310507
170310508
170310509
170310510
170310511
170313001
170313002
170313003
170313004
170313005
170313006
170313007
170313008
170313009
170313010
170313011
170315501
170315502
170315503
170315504
170315505
170315506
170315507
170315508
170315509
170315510
170315511
170318001
170318002
170318003
170318004
170318005
170318006
170318007
170318008
170318009
170318010
170318011
170320501
170320502
170320503
170320504
170320505
170320506
170320507
170320508
170320509
170320510
170320511
170323001
170323002
170323003
170323004
170323005
170323006
170323007
170323008
170323009
170323010
170323011
170325501
170325502
170325503
170325504
170325505
170325506
170325507
170325508
170325509
170325510
170325511
170328001
170328002
170328003
170328004
170328005
170328006
170328007
170328008
170328009
170328010
170328011
170330501
170330502
170330503
170330504
170330505
170330506
170330507
170330508
170330509
170330510
170330511
170333001
170333002
170333003
170333004
170333005
170333006
170333007
170333008
170333009
170333010
170333011
170335501
170335502
170335503
170335504
170335505
170335506
170335507
170335508
170335509
170335510
170335511
170338001
170338002
170338003
170338004
170338005
170338006
170338007
170338008
170338009
170338010
170338011
170340501
170340502
170340503
170340504
170340505
170340506
170340507
170340508
170340509
170340510
170340511
170343001
170343002
170343003
170343004
170343005
170343006
170343007
170343008
170343009
170343010
170343011
170345501
170345502
170345503
170345504
170345505
170345506
170345507
170345508
170345509
170345510
170345511
170348001
170348002
170348003
170348004
170348005
170348006
170348007
170348008
170348009
170348010
170348011
170350501
170350502
170350503
170350504
170350505
170350506
170350507
170350508
170350509
170350510
170350511
170353001
170353002
170353003
170353004
170353005
170353006
170353007
170353008
170353009
170353010
170353011
170355501
170355502
170355503
170355504
170355505
170355506
170355507
170355508
170355509
170355510
170355511
190283001
190283002
190283003
190283004
190283005
190283006
190283007
190283008
190283009
190283010
190283011
190285501
190285502
190285503
190285504
190285505
190285506
190285507
190285508
190285509
190285510
190285511
190288001
190288002
190288003
190288004
190288005
190288006
190288007
190288008
190288009
190288010
190288011
190290501
190290502
190290503
190290504
190290505
190290506
190290507
190290508
190290509
190290510
190290511
190293001
190293002
190293003
190293004
190293005
190293006
190293007
190293008
190293009
190293010
190293011
190295501
190295502
190295503
190295504
190295505
190295506
190295507
190295508
190295509
190295510
190295511
190298001
190298002
190298003
190298004
190298005
190298006
190298007
190298008
190298009
190298010
190298011
190300501
190300502
190300503
190300504
190300505
190300506
190300507
190300508
190300509
190300510
190300511
190303001
190303002
190303003
190303004
190303005
190303006
190303007
190303008
190303009
190303010
190303011
190305501
190305502
190305503
190305504
190305505
190305506
190305507
190305508
190305509
190305510
190305511
190308001
190308002
190308003
190308004
190308005
190308006
190308007
190308008
190308009
190308010
190308011
190310501
190310502
190310503
190310504
190310505
190310506
190310507
190310508
190310509
190310510
190310511
190313001
190313002
190313003
190313004
190313005
190313006
190313007
190313008
190313009
190313010
190313011
200283001
200283002
200283003
200283004
200283005
200283006
200283007
200283008
200283009
200283010
200283011
200285501
200285502
200285503
200285504
200285505
200285506
200285507
200285508
200285509
200285510
200285511
200288001
200288002
200288003
200288004
200288005
200288006
200288007
200288008
200288009
200288010
200288011
200290501
200290502
200290503
200290504
200290505
200290506
200290507
200290508
200290509
200290510
200290511
200293001
200293002
200293003
200293004
200293005
200293006
200293007
200293008
200293009
200293010
200293011
200295501
200295502
200295503
200295504
200295505
200295506
200295507
200295508
200295509
200295510
200295511
200298001
200298002
200298003
200298004
200298005
200298006
200298007
200298008
200298009
200298010
200298011
200300501
200300502
200300503
200300504
200300505
200300506
200300507
200300508
200300509
200300510
200300511
200303001
200303002
200303003
200303004
200303005
200303006
200303007
200303008
200303009
200303010
200303011
200305501
200305502
200305503
200305504
200305505
200305506
200305507
200305508
200305509
200305510
200305511
200308001
200308002
200308003
200308004
200308005
200308006
200308007
200308008
200308009
200308010
200308011
200310501
200310502
200310503
200310504
200310505
200310506
200310507
200310508
200310509
200310510
200310511
210335501
210335502
210335503
210335504
210335505
210335506
210335507
210335508
210335509
210335510
210335511
210338001
210338002
210338003
210338004
210338005
210338006
210338007
210338008
210338009
210338010
210338011
210340501
210340502
210340503
210340504
210340505
210340506
210340507
210340508
210340509
210340510
210340511
210343001
210343002
210343003
210343004
210343005
210343006
210343007
210343008
210343009
210343010
210343011
210345501
210345502
210345503
210345504
210345505
210345506
210345507
210345508
210345509
210345510
210345511
210348001
210348002
210348003
210348004
210348005
210348006
210348007
210348008
210348009
210348010
210348011
210350501
210350502
210350503
210350504
210350505
210350506
210350507
210350508
210350509
210350510
210350511
210353001
210353002
210353003
210353004
210353005
210353006
210353007
210353008
210353009
210353010
210353011
210355501
210355502
210355503
210355504
210355505
210355506
210355507
210355508
210355509
210355510
210355511
230308001
230308002
230308003
230308004
230308005
230308006
230308007
230308008
230308009
230308010
230308011
230310501
230310502
230310503
230310504
230310505
230310506
230310507
230310508
230310509
230310510
230310511
230313001
230313002
230313003
230313004
230313005
230313006
230313007
230313008
230313009
230313010
230313011
230315501
230315502
230315503
230315504
230315505
230315506
230315507
230315508
230315509
230315510
230315511
230318001
230318002
230318003
230318004
230318005
230318006
230318007
230318008
230318009
230318010
230318011
230320501
230320502
230320503
230320504
230320505
230320506
230320507
230320508
230320509
230320510
230320511
230323001
230323002
230323003
230323004
230323005
230323006
230323007
230323008
230323009
230323010
230323011
230325501
230325502
230325503
230325504
230325505
230325506
230325507
230325508
230325509
230325510
230325511
230328001
230328002
230328003
230328004
230328005
230328006
230328007
230328008
230328009
230328010
230328011
230330501
230330502
230330503
230330504
230330505
230330506
230330507
230330508
230330509
230330510
230330511
230333001
230333002
230333003
230333004
230333005
230333006
230333007
230333008
230333009
230333010
230333011
230335501
230335502
230335503
230335504
230335505
230335506
230335507
230335508
230335509
230335510
230335511
230338001
230338002
230338003
230338004
230338005
230338006
230338007
230338008
230338009
230338010
230338011
230340501
230340502
230340503
230340504
230340505
230340506
230340507
230340508
230340509
230340510
230340511
230343001
230343002
230343003
230343004
230343005
230343006
230343007
230343008
230343009
230343010
230343011
240288001
240288002
240288003
240288004
240288005
240288006
240288007
240288008
240288009
240288010
240288011
240290501
240290502
240290503
240290504
240290505
240290506
240290507
240290508
240290509
240290510
240290511
240293001
240293002
240293003
240293004
240293005
240293006
240293007
240293008
240293009
240293010
240293011
240295501
240295502
240295503
240295504
240295505
240295506
240295507
240295508
240295509
240295510
240295511
240298001
240298002
240298003
240298004
240298005
240298006
240298007
240298008
240298009
240298010
240298011
240300501
240300502
240300503
240300504
240300505
240300506
240300507
240300508
240300509
240300510
240300511
240303001
240303002
240303003
240303004
240303005
240303006
240303007
240303008
240303009
240303010
240303011
240305501
240305502
240305503
240305504
240305505
240305506
240305507
240305508
240305509
240305510
240305511
240308001
240308002
240308003
240308004
240308005
240308006
240308007
240308008
240308009
240308010
240308011
240310501
240310502
240310503
240310504
240310505
240310506
240310507
240310508
240310509
240310510
240310511
240313001
240313002
240313003
240313004
240313005
240313006
240313007
240313008
240313009
240313010
240313011
240315501
240315502
240315503
240315504
240315505
240315506
240315507
240315508
240315509
240315510
240315511
240318001
240318002
240318003
240318004
240318005
240318006
240318007
240318008
240318009
240318010
240318011
240320501
240320502
240320503
240320504
240320505
240320506
240320507
240320508
240320509
240320510
240320511
260310501
260310502
260310503
260310504
260310505
260310506
260310507
260310508
260310509
260310510
260310511
260313001
260313002
260313003
260313004
260313005
260313006
260313007
260313008
260313009
260313010
260313011
260315501
260315502
260315503
260315504
260315505
260315506
260315507
260315508
260315509
260315510
260315511
260318001
260318002
260318003
260318004
260318005
260318006
260318007
260318008
260318009
260318010
260318011
260320501
260320502
260320503
260320504
260320505
260320506
260320507
260320508
260320509
260320510
260320511
260323001
260323002
260323003
260323004
260323005
260323006
260323007
260323008
260323009
260323010
260323011
260325501
260325502
260325503
260325504
260325505
260325506
260325507
260325508
260325509
260325510
260325511
260328001
260328002
260328003
260328004
260328005
260328006
260328007
260328008
260328009
260328010
260328011
260330501
260330502
260330503
260330504
260330505
260330506
260330507
260330508
260330509
260330510
260330511
260333001
260333002
260333003
260333004
260333005
260333006
260333007
260333008
260333009
260333010
260333011
260335501
260335502
260335503
260335504
260335505
260335506
260335507
260335508
260335509
260335510
260335511
260338001
260338002
260338003
260338004
260338005
260338006
260338007
260338008
260338009
260338010
260338011
260340501
260340502
260340503
260340504
260340505
260340506
260340507
260340508
260340509
260340510
260340511
270293001
270293002
270293003
270293004
270293005
270293006
270293007
270293008
270293009
270293010
270293011
270295501
270295502
270295503
270295504
270295505
270295506
270295507
270295508
270295509
270295510
270295511
270298001
270298002
270298003
270298004
270298005
270298006
270298007
270298008
270298009
270298010
270298011
270300501
270300502
270300503
270300504
270300505
270300506
270300507
270300508
270300509
270300510
270300511
280283001
280283002
280283003
280283004
280283005
280283006
280283007
280283008
280283009
280283010
280283011
280285501
280285502
280285503
280285504
280285505
280285506
280285507
280285508
280285509
280285510
280285511
280288001
280288002
280288003
280288004
280288005
280288006
280288007
280288008
280288009
280288010
280288011
280290501
280290502
280290503
280290504
280290505
280290506
280290507
280290508
280290509
280290510
280290511
280293001
280293002
280293003
280293004
280293005
280293006
280293007
280293008
280293009
280293010
280293011
280295501
280295502
280295503
280295504
280295505
280295506
280295507
280295508
280295509
280295510
280295511
280298001
280298002
280298003
280298004
280298005
280298006
280298007
280298008
280298009
280298010
280298011
280300501
280300502
280300503
280300504
280300505
280300506
280300507
280300508
280300509
280300510
280300511
280303001
280303002
280303003
280303004
280303005
280303006
280303007
280303008
280303009
280303010
280303011
280305501
280305502
280305503
280305504
280305505
280305506
280305507
280305508
280305509
280305510
280305511
280308001
280308002
280308003
280308004
280308005
280308006
280308007
280308008
280308009
280308010
280308011
280310501
280310502
280310503
280310504
280310505
280310506
280310507
280310508
280310509
280310510
280310511
280313001
280313002
280313003
280313004
280313005
280313006
280313007
280313008
280313009
280313010
280313011
280315501
280315502
280315503
280315504
280315505
280315506
280315507
280315508
280315509
280315510
280315511
280318001
280318002
280318003
280318004
280318005
280318006
280318007
280318008
280318009
280318010
280318011
280320501
280320502
280320503
280320504
280320505
280320506
280320507
280320508
280320509
280320510
280320511
280323001
280323002
280323003
280323004
280323005
280323006
280323007
280323008
280323009
280323010
280323011
280325501
280325502
280325503
280325504
280325505
280325506
280325507
280325508
280325509
280325510
280325511
280328001
280328002
280328003
280328004
280328005
280328006
280328007
280328008
280328009
280328010
280328011
280330501
280330502
280330503
280330504
280330505
280330506
280330507
280330508
280330509
280330510
280330511
280333001
280333002
280333003
280333004
280333005
280333006
280333007
280333008
280333009
280333010
280333011
280335501
280335502
280335503
280335504
280335505
280335506
280335507
280335508
280335509
280335510
280335511
280338001
280338002
280338003
280338004
280338005
280338006
280338007
280338008
280338009
280338010
280338011
280340501
280340502
280340503
280340504
280340505
280340506
280340507
280340508
280340509
280340510
280340511
280343001
280343002
280343003
280343004
280343005
280343006
280343007
280343008
280343009
280343010
280343011
280345501
280345502
280345503
280345504
280345505
280345506
280345507
280345508
280345509
280345510
280345511
280348001
280348002
280348003
280348004
280348005
280348006
280348007
280348008
280348009
280348010
280348011
280350501
280350502
280350503
280350504
280350505
280350506
280350507
280350508
280350509
280350510
280350511
280353001
280353002
280353003
280353004
280353005
280353006
280353007
280353008
280353009
280353010
280353011
280355501
280355502
280355503
280355504
280355505
280355506
280355507
280355508
280355509
280355510
280355511
310283001
310283002
310283003
310283004
310283005
310283006
310283007
310283008
310283009
310283010
310283011
310285501
310285502
310285503
310285504
310285505
310285506
310285507
310285508
310285509
310285510
310285511
310288001
310288002
310288003
310288004
310288005
310288006
310288007
310288008
310288009
310288010
310288011
310290501
310290502
310290503
310290504
310290505
310290506
310290507
310290508
310290509
310290510
310290511
310293001
310293002
310293003
310293004
310293005
310293006
310293007
310293008
310293009
310293010
310293011
310295501
310295502
310295503
310295504
310295505
310295506
310295507
310295508
310295509
310295510
310295511
310298001
310298002
310298003
310298004
310298005
310298006
310298007
310298008
310298009
310298010
310298011
310300501
310300502
310300503
310300504
310300505
310300506
310300507
310300508
310300509
310300510
310300511
310303001
310303002
310303003
310303004
310303005
310303006
310303007
310303008
310303009
310303010
310303011
310305501
310305502
310305503
310305504
310305505
310305506
310305507
310305508
310305509
310305510
310305511
310325501
310325502
310325503
310325504
310325505
310325506
310325507
310325508
310325509
310325510
310325511
310328001
310328002
310328003
310328004
310328005
310328006
310328007
310328008
310328009
310328010
310328011
310330501
310330502
310330503
310330504
310330505
310330506
310330507
310330508
310330509
310330510
310330511
310333001
310333002
310333003
310333004
310333005
310333006
310333007
310333008
310333009
310333010
310333011
310335501
310335502
310335503
310335504
310335505
310335506
310335507
310335508
310335509
310335510
310335511
310338001
310338002
310338003
310338004
310338005
310338006
310338007
310338008
310338009
310338010
310338011
310340501
310340502
310340503
310340504
310340505
310340506
310340507
310340508
310340509
310340510
310340511
310343001
310343002
310343003
310343004
310343005
310343006
310343007
310343008
310343009
310343010
310343011
310345501
310345502
310345503
310345504
310345505
310345506
310345507
310345508
310345509
310345510
310345511
310348001
310348002
310348003
310348004
310348005
310348006
310348007
310348008
310348009
310348010
310348011
310350501
310350502
310350503
310350504
310350505
310350506
310350507
310350508
310350509
310350510
310350511
310353001
310353002
310353003
310353004
310353005
310353006
310353007
310353008
310353009
310353010
310353011
310355501
310355502
310355503
310355504
310355505
310355506
310355507
310355508
310355509
310355510
310355511
330315501
330315502
330315503
330315504
330315505
330315506
330315507
330315508
330315509
330315510
330315511
330318001
330318002
330318003
330318004
330318005
330318006
330318007
330318008
330318009
330318010
330318011
330320501
330320502
330320503
330320504
330320505
330320506
330320507
330320508
330320509
330320510
330320511
330323001
330323002
330323003
330323004
330323005
330323006
330323007
330323008
330323009
330323010
330323011
330325501
330325502
330325503
330325504
330325505
330325506
330325507
330325508
330325509
330325510
330325511
330328001
330328002
330328003
330328004
330328005
330328006
330328007
330328008
330328009
330328010
330328011
330330501
330330502
330330503
330330504
330330505
330330506
330330507
330330508
330330509
330330510
330330511
330333001
330333002
330333003
330333004
330333005
330333006
330333007
330333008
330333009
330333010
330333011
330335501
330335502
330335503
330335504
330335505
330335506
330335507
330335508
330335509
330335510
330335511
330338001
330338002
330338003
330338004
330338005
330338006
330338007
330338008
330338009
330338010
330338011
330340501
330340502
330340503
330340504
330340505
330340506
330340507
330340508
330340509
330340510
330340511
330343001
330343002
330343003
330343004
330343005
330343006
330343007
330343008
330343009
330343010
330343011
330345501
330345502
330345503
330345504
330345505
330345506
330345507
330345508
330345509
330345510
330345511
330348001
330348002
330348003
330348004
330348005
330348006
330348007
330348008
330348009
330348010
330348011
330350501
330350502
330350503
330350504
330350505
330350506
330350507
330350508
330350509
330350510
330350511
330353001
330353002
330353003
330353004
330353005
330353006
330353007
330353008
330353009
330353010
330353011
330355501
330355502
330355503
330355504
330355505
330355506
330355507
330355508
330355509
330355510
330355511
380288001
380288002
380288003
380288004
380288005
380288006
380288007
380288008
380288009
380288010
380288011
380290501
380290502
380290503
380290504
380290505
380290506
380290507
380290508
380290509
380290510
380290511
380293001
380293002
380293003
380293004
380293005
380293006
380293007
380293008
380293009
380293010
380293011
380295501
380295502
380295503
380295504
380295505
380295506
380295507
380295508
380295509
380295510
380295511
380298001
380298002
380298003
380298004
380298005
380298006
380298007
380298008
380298009
380298010
380298011
380300501
380300502
380300503
380300504
380300505
380300506
380300507
380300508
380300509
380300510
380300511
380303001
380303002
380303003
380303004
380303005
380303006
380303007
380303008
380303009
380303010
380303011
380305501
380305502
380305503
380305504
380305505
380305506
380305507
380305508
380305509
380305510
380305511
380308001
380308002
380308003
380308004
380308005
380308006
380308007
380308008
380308009
380308010
380308011
380310501
380310502
380310503
380310504
380310505
380310506
380310507
380310508
380310509
380310510
380310511
380313001
380313002
380313003
380313004
380313005
380313006
380313007
380313008
380313009
380313010
380313011
380315501
380315502
380315503
380315504
380315505
380315506
380315507
380315508
380315509
380315510
380315511
380318001
380318002
380318003
380318004
380318005
380318006
380318007
380318008
380318009
380318010
380318011
380320501
380320502
380320503
380320504
380320505
380320506
380320507
380320508
380320509
380320510
380320511
380323001
380323002
380323003
380323004
380323005
380323006
380323007
380323008
380323009
380323010
380323011
380325501
380325502
380325503
380325504
380325505
380325506
380325507
380325508
380325509
380325510
380325511
