750283001
750283002
750283003
750283004
750283005
750283006
750283007
750283008
750283009
750283010
750283011
750285501
750285502
750285503
750285504
750285505
750285506
750285507
750285508
750285509
750285510
750285511
750288001
750288002
750288003
750288004
750288005
750288006
750288007
750288008
750288009
750288010
750288011
750290501
750290502
750290503
750290504
750290505
750290506
750290507
750290508
750290509
750290510
750290511
750293001
750293002
750293003
750293004
750293005
750293006
750293007
750293008
750293009
750293010
750293011
750295501
750295502
750295503
750295504
750295505
750295506
750295507
750295508
750295509
750295510
750295511
750298001
750298002
750298003
750298004
750298005
750298006
750298007
750298008
750298009
750298010
750298011
750300501
750300502
750300503
750300504
750300505
750300506
750300507
750300508
750300509
750300510
750300511
750303001
750303002
750303003
750303004
750303005
750303006
750303007
750303008
750303009
750303010
750303011
750305501
750305502
750305503
750305504
750305505
750305506
750305507
750305508
750305509
750305510
750305511
750308001
750308002
750308003
750308004
750308005
750308006
750308007
750308008
750308009
750308010
750308011
750310501
750310502
750310503
750310504
750310505
750310506
750310507
750310508
750310509
750310510
750310511
750313001
750313002
750313003
750313004
750313005
750313006
750313007
750313008
750313009
750313010
750313011
750315501
750315502
750315503
750315504
750315505
750315506
750315507
750315508
750315509
750315510
750315511
750318001
750318002
750318003
750318004
750318005
750318006
750318007
750318008
750318009
750318010
750318011
750320501
750320502
750320503
750320504
750320505
750320506
750320507
750320508
750320509
750320510
750320511
750323001
750323002
750323003
750323004
750323005
750323006
750323007
750323008
750323009
750323010
750323011
750325501
750325502
750325503
750325504
750325505
750325506
750325507
750325508
750325509
750325510
750325511
750328001
750328002
750328003
750328004
750328005
750328006
750328007
750328008
750328009
750328010
750328011
750330501
750330502
750330503
750330504
750330505
750330506
750330507
750330508
750330509
750330510
750330511
750333001
750333002
750333003
750333004
750333005
750333006
750333007
750333008
750333009
750333010
750333011
750335501
750335502
750335503
750335504
750335505
750335506
750335507
750335508
750335509
750335510
750335511
750338001
750338002
750338003
750338004
750338005
750338006
750338007
750338008
750338009
750338010
750338011
750340501
750340502
750340503
750340504
750340505
750340506
750340507
750340508
750340509
750340510
750340511
750343001
750343002
750343003
750343004
750343005
750343006
750343007
750343008
750343009
750343010
750343011
750345501
750345502
750345503
750345504
750345505
750345506
750345507
750345508
750345509
750345510
750345511
750348001
750348002
750348003
750348004
750348005
750348006
750348007
750348008
750348009
750348010
750348011
750350501
750350502
750350503
750350504
750350505
750350506
750350507
750350508
750350509
750350510
750350511
750353001
750353002
750353003
750353004
750353005
750353006
750353007
750353008
750353009
750353010
750353011
750355501
750355502
750355503
750355504
750355505
750355506
750355507
750355508
750355509
750355510
750355511
800283001
800283002
800283003
800283004
800283005
800283006
800283007
800283008
800283009
800283010
800283011
800285501
800285502
800285503
800285504
800285505
800285506
800285507
800285508
800285509
800285510
800285511
800288001
800288002
800288003
800288004
800288005
800288006
800288007
800288008
800288009
800288010
800288011
800290501
800290502
800290503
800290504
800290505
800290506
800290507
800290508
800290509
800290510
800290511
800293001
800293002
800293003
800293004
800293005
800293006
800293007
800293008
800293009
800293010
800293011
800295501
800295502
800295503
800295504
800295505
800295506
800295507
800295508
800295509
800295510
800295511
800298001
800298002
800298003
800298004
800298005
800298006
800298007
800298008
800298009
800298010
800298011
800300501
800300502
800300503
800300504
800300505
800300506
800300507
800300508
800300509
800300510
800300511
800303001
800303002
800303003
800303004
800303005
800303006
800303007
800303008
800303009
800303010
800303011
800305501
800305502
800305503
800305504
800305505
800305506
800305507
800305508
800305509
800305510
800305511
800308001
800308002
800308003
800308004
800308005
800308006
800308007
800308008
800308009
800308010
800308011
800310501
800310502
800310503
800310504
800310505
800310506
800310507
800310508
800310509
800310510
800310511
800313001
800313002
800313003
800313004
800313005
800313006
800313007
800313008
800313009
800313010
800313011
800315501
800315502
800315503
800315504
800315505
800315506
800315507
800315508
800315509
800315510
800315511
800318001
800318002
800318003
800318004
800318005
800318006
800318007
800318008
800318009
800318010
800318011
800320501
800320502
800320503
800320504
800320505
800320506
800320507
800320508
800320509
800320510
800320511
800323001
800323002
800323003
800323004
800323005
800323006
800323007
800323008
800323009
800323010
800323011
800325501
800325502
800325503
800325504
800325505
800325506
800325507
800325508
800325509
800325510
800325511
