010050001
010050002
010050003
010050004
010050005
010050006
010050007
010050008
010050009
010050010
010050011
010051501
010051502
010051503
010051504
010051505
010051506
010051507
010051508
010051509
010051510
010051511
010053001
010053002
010053003
010053004
010053005
010053006
010053007
010053008
010053009
010053010
010053011
010054501
010054502
010054503
010054504
010054505
010054506
010054507
010054508
010054509
010054510
010054511
010056001
010056002
010056003
010056004
010056005
010056006
010056007
010056008
010056009
010056010
010056011
010057501
010057502
010057503
010057504
010057505
010057506
010057507
010057508
010057509
010057510
010057511
010059001
010059002
010059003
010059004
010059005
010059006
010059007
010059008
010059009
010059010
010059011
010060501
010060502
010060503
010060504
010060505
010060506
010060507
010060508
010060509
010060510
010060511
