020032001
020032002
020032003
020032004
020032005
020032006
020032007
020032008
020032009
020032010
020032011
020033001
020033002
020033003
020033004
020033005
020033006
020033007
020033008
020033009
020033010
020033011
020034001
020034002
020034003
020034004
020034005
020034006
020034007
020034008
020034009
020034010
020034011
020035001
020035002
020035003
020035004
020035005
020035006
020035007
020035008
020035009
020035010
020035011
020036001
020036002
020036003
020036004
020036005
020036006
020036007
020036008
020036009
020036010
020036011
020037001
020037002
020037003
020037004
020037005
020037006
020037007
020037008
020037009
020037010
020037011
020038001
020038002
020038003
020038004
020038005
020038006
020038007
020038008
020038009
020038010
020038011
020039001
020039002
020039003
020039004
020039005
020039006
020039007
020039008
020039009
020039010
020039011
020040001
020040002
020040003
020040004
020040005
020040006
020040007
020040008
020040009
020040010
020040011
020041001
020041002
020041003
020041004
020041005
020041006
020041007
020041008
020041009
020041010
020041011
020042001
020042002
020042003
020042004
020042005
020042006
020042007
020042008
020042009
020042010
020042011
020043001
020043002
020043003
020043004
020043005
020043006
020043007
020043008
020043009
020043010
020043011
020044001
020044002
020044003
020044004
020044005
020044006
020044007
020044008
020044009
020044010
020044011
020045001
020045002
020045003
020045004
020045005
020045006
020045007
020045008
020045009
020045010
020045011
020046001
020046002
020046003
020046004
020046005
020046006
020046007
020046008
020046009
020046010
020046011
020047001
020047002
020047003
020047004
020047005
020047006
020047007
020047008
020047009
020047010
020047011
020048001
020048002
020048003
020048004
020048005
020048006
020048007
020048008
020048009
020048010
020048011
020049001
020049002
020049003
020049004
020049005
020049006
020049007
020049008
020049009
020049010
020049011
020050001
020050002
020050003
020050004
020050005
020050006
020050007
020050008
020050009
020050010
020050011
020051001
020051002
020051003
020051004
020051005
020051006
020051007
020051008
020051009
020051010
020051011
030030001
030030002
030030003
030030004
030030005
030030006
030030007
030030008
030030009
030030010
030030011
030031001
030031002
030031003
030031004
030031005
030031006
030031007
030031008
030031009
030031010
030031011
030032001
030032002
030032003
030032004
030032005
030032006
030032007
030032008
030032009
030032010
030032011
030033001
030033002
030033003
030033004
030033005
030033006
030033007
030033008
030033009
030033010
030033011
030034001
030034002
030034003
030034004
030034005
030034006
030034007
030034008
030034009
030034010
030034011
030035001
030035002
030035003
030035004
030035005
030035006
030035007
030035008
030035009
030035010
030035011
030036001
030036002
030036003
030036004
030036005
030036006
030036007
030036008
030036009
030036010
030036011
030037001
030037002
030037003
030037004
030037005
030037006
030037007
030037008
030037009
030037010
030037011
030038001
030038002
030038003
030038004
030038005
030038006
030038007
030038008
030038009
030038010
030038011
030039001
030039002
030039003
030039004
030039005
030039006
030039007
030039008
030039009
030039010
030039011
030040001
030040002
030040003
030040004
030040005
030040006
030040007
030040008
030040009
030040010
030040011
030041001
030041002
030041003
030041004
030041005
030041006
030041007
030041008
030041009
030041010
030041011
040048001
040048002
040048003
040048004
040048005
040048006
040048007
040048008
040048009
040048010
040048011
040049001
040049002
040049003
040049004
040049005
040049006
040049007
040049008
040049009
040049010
040049011
040050001
040050002
040050003
040050004
040050005
040050006
040050007
040050008
040050009
040050010
040050011
040051001
040051002
040051003
040051004
040051005
040051006
040051007
040051008
040051009
040051010
040051011
050030001
050030002
050030003
050030004
050030005
050030006
050030007
050030008
050030009
050030010
050030011
050031001
050031002
050031003
050031004
050031005
050031006
050031007
050031008
050031009
050031010
050031011
050032001
050032002
050032003
050032004
050032005
050032006
050032007
050032008
050032009
050032010
050032011
050033001
050033002
050033003
050033004
050033005
050033006
050033007
050033008
050033009
050033010
050033011
050034001
050034002
050034003
050034004
050034005
050034006
050034007
050034008
050034009
050034010
050034011
050035001
050035002
050035003
050035004
050035005
050035006
050035007
050035008
050035009
050035010
050035011
050036001
050036002
050036003
050036004
050036005
050036006
050036007
050036008
050036009
050036010
050036011
060030001
060030002
060030003
060030004
060030005
060030006
060030007
060030008
060030009
060030010
060030011
060031001
060031002
060031003
060031004
060031005
060031006
060031007
060031008
060031009
060031010
060031011
060032001
060032002
060032003
060032004
060032005
060032006
060032007
060032008
060032009
060032010
060032011
060033001
060033002
060033003
060033004
060033005
060033006
060033007
060033008
060033009
060033010
060033011
060034001
060034002
060034003
060034004
060034005
060034006
060034007
060034008
060034009
060034010
060034011
060035001
060035002
060035003
060035004
060035005
060035006
060035007
060035008
060035009
060035010
060035011
060036001
060036002
060036003
060036004
060036005
060036006
060036007
060036008
060036009
060036010
060036011
060037001
060037002
060037003
060037004
060037005
060037006
060037007
060037008
060037009
060037010
060037011
060038001
060038002
060038003
060038004
060038005
060038006
060038007
060038008
060038009
060038010
060038011
060039001
060039002
060039003
060039004
060039005
060039006
060039007
060039008
060039009
060039010
060039011
060040001
060040002
060040003
060040004
060040005
060040006
060040007
060040008
060040009
060040010
060040011
060041001
060041002
060041003
060041004
060041005
060041006
060041007
060041008
060041009
060041010
060041011
060042001
060042002
060042003
060042004
060042005
060042006
060042007
060042008
060042009
060042010
060042011
060043001
060043002
060043003
060043004
060043005
060043006
060043007
060043008
060043009
060043010
060043011
060044001
060044002
060044003
060044004
060044005
060044006
060044007
060044008
060044009
060044010
060044011
060045001
060045002
060045003
060045004
060045005
060045006
060045007
060045008
060045009
060045010
060045011
060046001
060046002
060046003
060046004
060046005
060046006
060046007
060046008
060046009
060046010
060046011
060047001
060047002
060047003
060047004
060047005
060047006
060047007
060047008
060047009
060047010
060047011
060048001
060048002
060048003
060048004
060048005
060048006
060048007
060048008
060048009
060048010
060048011
060049001
060049002
060049003
060049004
060049005
060049006
060049007
060049008
060049009
060049010
060049011
060050001
060050002
060050003
060050004
060050005
060050006
060050007
060050008
060050009
060050010
060050011
060051001
060051002
060051003
060051004
060051005
060051006
060051007
060051008
060051009
060051010
060051011
070030001
070030002
070030003
070030004
070030005
070030006
070030007
070030008
070030009
070030010
070030011
070031001
070031002
070031003
070031004
070031005
070031006
070031007
070031008
070031009
070031010
070031011
070032001
070032002
070032003
070032004
070032005
070032006
070032007
070032008
070032009
070032010
070032011
070033001
070033002
070033003
070033004
070033005
070033006
070033007
070033008
070033009
070033010
070033011
070034001
070034002
070034003
070034004
070034005
070034006
070034007
070034008
070034009
070034010
070034011
070035001
070035002
070035003
070035004
070035005
070035006
070035007
070035008
070035009
070035010
070035011
080030001
080030002
080030003
080030004
080030005
080030006
080030007
080030008
080030009
080030010
080030011
080031001
080031002
080031003
080031004
080031005
080031006
080031007
080031008
080031009
080031010
080031011
080032001
080032002
080032003
080032004
080032005
080032006
080032007
080032008
080032009
080032010
080032011
080033001
080033002
080033003
080033004
080033005
080033006
080033007
080033008
080033009
080033010
080033011
080034001
080034002
080034003
080034004
080034005
080034006
080034007
080034008
080034009
080034010
080034011
080035001
080035002
080035003
080035004
080035005
080035006
080035007
080035008
080035009
080035010
080035011
080036001
080036002
080036003
080036004
080036005
080036006
080036007
080036008
080036009
080036010
080036011
080037001
080037002
080037003
080037004
080037005
080037006
080037007
080037008
080037009
080037010
080037011
080038001
080038002
080038003
080038004
080038005
080038006
080038007
080038008
080038009
080038010
080038011
080039001
080039002
080039003
080039004
080039005
080039006
080039007
080039008
080039009
080039010
080039011
080040001
080040002
080040003
080040004
080040005
080040006
080040007
080040008
080040009
080040010
080040011
080041001
080041002
080041003
080041004
080041005
080041006
080041007
080041008
080041009
080041010
080041011
080042001
080042002
080042003
080042004
080042005
080042006
080042007
080042008
080042009
080042010
080042011
080043001
080043002
080043003
080043004
080043005
080043006
080043007
080043008
080043009
080043010
080043011
080044001
080044002
080044003
080044004
080044005
080044006
080044007
080044008
080044009
080044010
080044011
080045001
080045002
080045003
080045004
080045005
080045006
080045007
080045008
080045009
080045010
080045011
080046001
080046002
080046003
080046004
080046005
080046006
080046007
080046008
080046009
080046010
080046011
080047001
080047002
080047003
080047004
080047005
080047006
080047007
080047008
080047009
080047010
080047011
080048001
080048002
080048003
080048004
080048005
080048006
080048007
080048008
080048009
080048010
080048011
080049001
080049002
080049003
080049004
080049005
080049006
080049007
080049008
080049009
080049010
080049011
080050001
080050002
080050003
080050004
080050005
080050006
080050007
080050008
080050009
080050010
080050011
080051001
080051002
080051003
080051004
080051005
080051006
080051007
080051008
080051009
080051010
080051011
090041001
090041002
090041003
090041004
090041005
090041006
090041007
090041008
090041009
090041010
090041011
090042001
090042002
090042003
090042004
090042005
090042006
090042007
090042008
090042009
090042010
090042011
090043001
090043002
090043003
090043004
090043005
090043006
090043007
090043008
090043009
090043010
090043011
090044001
090044002
090044003
090044004
090044005
090044006
090044007
090044008
090044009
090044010
090044011
090045001
090045002
090045003
090045004
090045005
090045006
090045007
090045008
090045009
090045010
090045011
090046001
090046002
090046003
090046004
090046005
090046006
090046007
090046008
090046009
090046010
090046011
090047001
090047002
090047003
090047004
090047005
090047006
090047007
090047008
090047009
090047010
090047011
090048001
090048002
090048003
090048004
090048005
090048006
090048007
090048008
090048009
090048010
090048011
090049001
090049002
090049003
090049004
090049005
090049006
090049007
090049008
090049009
090049010
090049011
090050001
090050002
090050003
090050004
090050005
090050006
090050007
090050008
090050009
090050010
090050011
090051001
090051002
090051003
090051004
090051005
090051006
090051007
090051008
090051009
090051010
090051011
110030001
110030002
110030003
110030004
110030005
110030006
110030007
110030008
110030009
110030010
110030011
110031001
110031002
110031003
110031004
110031005
110031006
110031007
110031008
110031009
110031010
110031011
110032001
110032002
110032003
110032004
110032005
110032006
110032007
110032008
110032009
110032010
110032011
110033001
110033002
110033003
110033004
110033005
110033006
110033007
110033008
110033009
110033010
110033011
110034001
110034002
110034003
110034004
110034005
110034006
110034007
110034008
110034009
110034010
110034011
110035001
110035002
110035003
110035004
110035005
110035006
110035007
110035008
110035009
110035010
110035011
110036001
110036002
110036003
110036004
110036005
110036006
110036007
110036008
110036009
110036010
110036011
110037001
110037002
110037003
110037004
110037005
110037006
110037007
110037008
110037009
110037010
110037011
110038001
110038002
110038003
110038004
110038005
110038006
110038007
110038008
110038009
110038010
110038011
110039001
110039002
110039003
110039004
110039005
110039006
110039007
110039008
110039009
110039010
110039011
110040001
110040002
110040003
110040004
110040005
110040006
110040007
110040008
110040009
110040010
110040011
110041001
110041002
110041003
110041004
110041005
110041006
110041007
110041008
110041009
110041010
110041011
110042001
110042002
110042003
110042004
110042005
110042006
110042007
110042008
110042009
110042010
110042011
110043001
110043002
110043003
110043004
110043005
110043006
110043007
110043008
110043009
110043010
110043011
110044001
110044002
110044003
110044004
110044005
110044006
110044007
110044008
110044009
110044010
110044011
110045001
110045002
110045003
110045004
110045005
110045006
110045007
110045008
110045009
110045010
110045011
110046001
110046002
110046003
110046004
110046005
110046006
110046007
110046008
110046009
110046010
110046011
110047001
110047002
110047003
110047004
110047005
110047006
110047007
110047008
110047009
110047010
110047011
110048001
110048002
110048003
110048004
110048005
110048006
110048007
110048008
110048009
110048010
110048011
110049001
110049002
110049003
110049004
110049005
110049006
110049007
110049008
110049009
110049010
110049011
110050001
110050002
110050003
110050004
110050005
110050006
110050007
110050008
110050009
110050010
110050011
110051001
110051002
110051003
110051004
110051005
110051006
110051007
110051008
110051009
110051010
110051011
120033001
120033002
120033003
120033004
120033005
120033006
120033007
120033008
120033009
120033010
120033011
120034001
120034002
120034003
120034004
120034005
120034006
120034007
120034008
120034009
120034010
120034011
120035001
120035002
120035003
120035004
120035005
120035006
120035007
120035008
120035009
120035010
120035011
120036001
120036002
120036003
120036004
120036005
120036006
120036007
120036008
120036009
120036010
120036011
120037001
120037002
120037003
120037004
120037005
120037006
120037007
120037008
120037009
120037010
120037011
120038001
120038002
120038003
120038004
120038005
120038006
120038007
120038008
120038009
120038010
120038011
120039001
120039002
120039003
120039004
120039005
120039006
120039007
120039008
120039009
120039010
120039011
120040001
120040002
120040003
120040004
120040005
120040006
120040007
120040008
120040009
120040010
120040011
120041001
120041002
120041003
120041004
120041005
120041006
120041007
120041008
120041009
120041010
120041011
120042001
120042002
120042003
120042004
120042005
120042006
120042007
120042008
120042009
120042010
120042011
120043001
120043002
120043003
120043004
120043005
120043006
120043007
120043008
120043009
120043010
120043011
120044001
120044002
120044003
120044004
120044005
120044006
120044007
120044008
120044009
120044010
120044011
120045001
120045002
120045003
120045004
120045005
120045006
120045007
120045008
120045009
120045010
120045011
120046001
120046002
120046003
120046004
120046005
120046006
120046007
120046008
120046009
120046010
120046011
120047001
120047002
120047003
120047004
120047005
120047006
120047007
120047008
120047009
120047010
120047011
120048001
120048002
120048003
120048004
120048005
120048006
120048007
120048008
120048009
120048010
120048011
120049001
120049002
120049003
120049004
120049005
120049006
120049007
120049008
120049009
120049010
120049011
120050001
120050002
120050003
120050004
120050005
120050006
120050007
120050008
120050009
120050010
120050011
120051001
120051002
120051003
120051004
120051005
120051006
120051007
120051008
120051009
120051010
120051011
130030001
130030002
130030003
130030004
130030005
130030006
130030007
130030008
130030009
130030010
130030011
130031001
130031002
130031003
130031004
130031005
130031006
130031007
130031008
130031009
130031010
130031011
130032001
130032002
130032003
130032004
130032005
130032006
130032007
130032008
130032009
130032010
130032011
130033001
130033002
130033003
130033004
130033005
130033006
130033007
130033008
130033009
130033010
130033011
130034001
130034002
130034003
130034004
130034005
130034006
130034007
130034008
130034009
130034010
130034011
130035001
130035002
130035003
130035004
130035005
130035006
130035007
130035008
130035009
130035010
130035011
130036001
130036002
130036003
130036004
130036005
130036006
130036007
130036008
130036009
130036010
130036011
130037001
130037002
130037003
130037004
130037005
130037006
130037007
130037008
130037009
130037010
130037011
130038001
130038002
130038003
130038004
130038005
130038006
130038007
130038008
130038009
130038010
130038011
130039001
130039002
130039003
130039004
130039005
130039006
130039007
130039008
130039009
130039010
130039011
130040001
130040002
130040003
130040004
130040005
130040006
130040007
130040008
130040009
130040010
130040011
130041001
130041002
130041003
130041004
130041005
130041006
130041007
130041008
130041009
130041010
130041011
130042001
130042002
130042003
130042004
130042005
130042006
130042007
130042008
130042009
130042010
130042011
130043001
130043002
130043003
130043004
130043005
130043006
130043007
130043008
130043009
130043010
130043011
130044001
130044002
130044003
130044004
130044005
130044006
130044007
130044008
130044009
130044010
130044011
130045001
130045002
130045003
130045004
130045005
130045006
130045007
130045008
130045009
130045010
130045011
130046001
130046002
130046003
130046004
130046005
130046006
130046007
130046008
130046009
130046010
130046011
130047001
130047002
130047003
130047004
130047005
130047006
130047007
130047008
130047009
130047010
130047011
130048001
130048002
130048003
130048004
130048005
130048006
130048007
130048008
130048009
130048010
130048011
130049001
130049002
130049003
130049004
130049005
130049006
130049007
130049008
130049009
130049010
130049011
130050001
130050002
130050003
130050004
130050005
130050006
130050007
130050008
130050009
130050010
130050011
130051001
130051002
130051003
130051004
130051005
130051006
130051007
130051008
130051009
130051010
130051011
140030001
140030002
140030003
140030004
140030005
140030006
140030007
140030008
140030009
140030010
140030011
140031001
140031002
140031003
140031004
140031005
140031006
140031007
140031008
140031009
140031010
140031011
140032001
140032002
140032003
140032004
140032005
140032006
140032007
140032008
140032009
140032010
140032011
140033001
140033002
140033003
140033004
140033005
140033006
140033007
140033008
140033009
140033010
140033011
140034001
140034002
140034003
140034004
140034005
140034006
140034007
140034008
140034009
140034010
140034011
140035001
140035002
140035003
140035004
140035005
140035006
140035007
140035008
140035009
140035010
140035011
140036001
140036002
140036003
140036004
140036005
140036006
140036007
140036008
140036009
140036010
140036011
140037001
140037002
140037003
140037004
140037005
140037006
140037007
140037008
140037009
140037010
140037011
140038001
140038002
140038003
140038004
140038005
140038006
140038007
140038008
140038009
140038010
140038011
140039001
140039002
140039003
140039004
140039005
140039006
140039007
140039008
140039009
140039010
140039011
140040001
140040002
140040003
140040004
140040005
140040006
140040007
140040008
140040009
140040010
140040011
140041001
140041002
140041003
140041004
140041005
140041006
140041007
140041008
140041009
140041010
140041011
140042001
140042002
140042003
140042004
140042005
140042006
140042007
140042008
140042009
140042010
140042011
140043001
140043002
140043003
140043004
140043005
140043006
140043007
140043008
140043009
140043010
140043011
140044001
140044002
140044003
140044004
140044005
140044006
140044007
140044008
140044009
140044010
140044011
140045001
140045002
140045003
140045004
140045005
140045006
140045007
140045008
140045009
140045010
140045011
140046001
140046002
140046003
140046004
140046005
140046006
140046007
140046008
140046009
140046010
140046011
140047001
140047002
140047003
140047004
140047005
140047006
140047007
140047008
140047009
140047010
140047011
140048001
140048002
140048003
140048004
140048005
140048006
140048007
140048008
140048009
140048010
140048011
140049001
140049002
140049003
140049004
140049005
140049006
140049007
140049008
140049009
140049010
140049011
140050001
140050002
140050003
140050004
140050005
140050006
140050007
140050008
140050009
140050010
140050011
140051001
140051002
140051003
140051004
140051005
140051006
140051007
140051008
140051009
140051010
140051011
150030001
150030002
150030003
150030004
150030005
150030006
150030007
150030008
150030009
150030010
150030011
150031001
150031002
150031003
150031004
150031005
150031006
150031007
150031008
150031009
150031010
150031011
150032001
150032002
150032003
150032004
150032005
150032006
150032007
150032008
150032009
150032010
150032011
150033001
150033002
150033003
150033004
150033005
150033006
150033007
150033008
150033009
150033010
150033011
150034001
150034002
150034003
150034004
150034005
150034006
150034007
150034008
150034009
150034010
150034011
150035001
150035002
150035003
150035004
150035005
150035006
150035007
150035008
150035009
150035010
150035011
150036001
150036002
150036003
150036004
150036005
150036006
150036007
150036008
150036009
150036010
150036011
150037001
150037002
150037003
150037004
150037005
150037006
150037007
150037008
150037009
150037010
150037011
150038001
150038002
150038003
150038004
150038005
150038006
150038007
150038008
150038009
150038010
150038011
150039001
150039002
150039003
150039004
150039005
150039006
150039007
150039008
150039009
150039010
150039011
150040001
150040002
150040003
150040004
150040005
150040006
150040007
150040008
150040009
150040010
150040011
150041001
150041002
150041003
150041004
150041005
150041006
150041007
150041008
150041009
150041010
150041011
150042001
150042002
150042003
150042004
150042005
150042006
150042007
150042008
150042009
150042010
150042011
150043001
150043002
150043003
150043004
150043005
150043006
150043007
150043008
150043009
150043010
150043011
150044001
150044002
150044003
150044004
150044005
150044006
150044007
150044008
150044009
150044010
150044011
150045001
150045002
150045003
150045004
150045005
150045006
150045007
150045008
150045009
150045010
150045011
150046001
150046002
150046003
150046004
150046005
150046006
150046007
150046008
150046009
150046010
150046011
150047001
150047002
150047003
150047004
150047005
150047006
150047007
150047008
150047009
150047010
150047011
150048001
150048002
150048003
150048004
150048005
150048006
150048007
150048008
150048009
150048010
150048011
150049001
150049002
150049003
150049004
150049005
150049006
150049007
150049008
150049009
150049010
150049011
150050001
150050002
150050003
150050004
150050005
150050006
150050007
150050008
150050009
150050010
150050011
150051001
150051002
150051003
150051004
150051005
150051006
150051007
150051008
150051009
150051010
150051011
160030001
160030002
160030003
160030004
160030005
160030006
160030007
160030008
160030009
160030010
160030011
160031001
160031002
160031003
160031004
160031005
160031006
160031007
160031008
160031009
160031010
160031011
160032001
160032002
160032003
160032004
160032005
160032006
160032007
160032008
160032009
160032010
160032011
160033001
160033002
160033003
160033004
160033005
160033006
160033007
160033008
160033009
160033010
160033011
160034001
160034002
160034003
160034004
160034005
160034006
160034007
160034008
160034009
160034010
160034011
160035001
160035002
160035003
160035004
160035005
160035006
160035007
160035008
160035009
160035010
160035011
160036001
160036002
160036003
160036004
160036005
160036006
160036007
160036008
160036009
160036010
160036011
160037001
160037002
160037003
160037004
160037005
160037006
160037007
160037008
160037009
160037010
160037011
160038001
160038002
160038003
160038004
160038005
160038006
160038007
160038008
160038009
160038010
160038011
160039001
160039002
160039003
160039004
160039005
160039006
160039007
160039008
160039009
160039010
160039011
160040001
160040002
160040003
160040004
160040005
160040006
160040007
160040008
160040009
160040010
160040011
160041001
160041002
160041003
160041004
160041005
160041006
160041007
160041008
160041009
160041010
160041011
160042001
160042002
160042003
160042004
160042005
160042006
160042007
160042008
160042009
160042010
160042011
160043001
160043002
160043003
160043004
160043005
160043006
160043007
160043008
160043009
160043010
160043011
160044001
160044002
160044003
160044004
160044005
160044006
160044007
160044008
160044009
160044010
160044011
160045001
160045002
160045003
160045004
160045005
160045006
160045007
160045008
160045009
160045010
160045011
160046001
160046002
160046003
160046004
160046005
160046006
160046007
160046008
160046009
160046010
160046011
160047001
160047002
160047003
160047004
160047005
160047006
160047007
160047008
160047009
160047010
160047011
160048001
160048002
160048003
160048004
160048005
160048006
160048007
160048008
160048009
160048010
160048011
160049001
160049002
160049003
160049004
160049005
160049006
160049007
160049008
160049009
160049010
160049011
160050001
160050002
160050003
160050004
160050005
160050006
160050007
160050008
160050009
160050010
160050011
160051001
160051002
160051003
160051004
160051005
160051006
160051007
160051008
160051009
160051010
160051011
170030001
170030002
170030003
170030004
170030005
170030006
170030007
170030008
170030009
170030010
170030011
170031001
170031002
170031003
170031004
170031005
170031006
170031007
170031008
170031009
170031010
170031011
170032001
170032002
170032003
170032004
170032005
170032006
170032007
170032008
170032009
170032010
170032011
170033001
170033002
170033003
170033004
170033005
170033006
170033007
170033008
170033009
170033010
170033011
170034001
170034002
170034003
170034004
170034005
170034006
170034007
170034008
170034009
170034010
170034011
170035001
170035002
170035003
170035004
170035005
170035006
170035007
170035008
170035009
170035010
170035011
170036001
170036002
170036003
170036004
170036005
170036006
170036007
170036008
170036009
170036010
170036011
170037001
170037002
170037003
170037004
170037005
170037006
170037007
170037008
170037009
170037010
170037011
170038001
170038002
170038003
170038004
170038005
170038006
170038007
170038008
170038009
170038010
170038011
170039001
170039002
170039003
170039004
170039005
170039006
170039007
170039008
170039009
170039010
170039011
170040001
170040002
170040003
170040004
170040005
170040006
170040007
170040008
170040009
170040010
170040011
170041001
170041002
170041003
170041004
170041005
170041006
170041007
170041008
170041009
170041010
170041011
170042001
170042002
170042003
170042004
170042005
170042006
170042007
170042008
170042009
170042010
170042011
170043001
170043002
170043003
170043004
170043005
170043006
170043007
170043008
170043009
170043010
170043011
170044001
170044002
170044003
170044004
170044005
170044006
170044007
170044008
170044009
170044010
170044011
170045001
170045002
170045003
170045004
170045005
170045006
170045007
170045008
170045009
170045010
170045011
170046001
170046002
170046003
170046004
170046005
170046006
170046007
170046008
170046009
170046010
170046011
170047001
170047002
170047003
170047004
170047005
170047006
170047007
170047008
170047009
170047010
170047011
170048001
170048002
170048003
170048004
170048005
170048006
170048007
170048008
170048009
170048010
170048011
180042001
180042002
180042003
180042004
180042005
180042006
180042007
180042008
180042009
180042010
180042011
180043001
180043002
180043003
180043004
180043005
180043006
180043007
180043008
180043009
180043010
180043011
180044001
180044002
180044003
180044004
180044005
180044006
180044007
180044008
180044009
180044010
180044011
180045001
180045002
180045003
180045004
180045005
180045006
180045007
180045008
180045009
180045010
180045011
180046001
180046002
180046003
180046004
180046005
180046006
180046007
180046008
180046009
180046010
180046011
180047001
180047002
180047003
180047004
180047005
180047006
180047007
180047008
180047009
180047010
180047011
180048001
180048002
180048003
180048004
180048005
180048006
180048007
180048008
180048009
180048010
180048011
180049001
180049002
180049003
180049004
180049005
180049006
180049007
180049008
180049009
180049010
180049011
180050001
180050002
180050003
180050004
180050005
180050006
180050007
180050008
180050009
180050010
180050011
180051001
180051002
180051003
180051004
180051005
180051006
180051007
180051008
180051009
180051010
180051011
190046001
190046002
190046003
190046004
190046005
190046006
190046007
190046008
190046009
190046010
190046011
190047001
190047002
190047003
190047004
190047005
190047006
190047007
190047008
190047009
190047010
190047011
190048001
190048002
190048003
190048004
190048005
190048006
190048007
190048008
190048009
190048010
190048011
190049001
190049002
190049003
190049004
190049005
190049006
190049007
190049008
190049009
190049010
190049011
190050001
190050002
190050003
190050004
190050005
190050006
190050007
190050008
190050009
190050010
190050011
190051001
190051002
190051003
190051004
190051005
190051006
190051007
190051008
190051009
190051010
190051011
200030001
200030002
200030003
200030004
200030005
200030006
200030007
200030008
200030009
200030010
200030011
200031001
200031002
200031003
200031004
200031005
200031006
200031007
200031008
200031009
200031010
200031011
200032001
200032002
200032003
200032004
200032005
200032006
200032007
200032008
200032009
200032010
200032011
200033001
200033002
200033003
200033004
200033005
200033006
200033007
200033008
200033009
200033010
200033011
200034001
200034002
200034003
200034004
200034005
200034006
200034007
200034008
200034009
200034010
200034011
200035001
200035002
200035003
200035004
200035005
200035006
200035007
200035008
200035009
200035010
200035011
200036001
200036002
200036003
200036004
200036005
200036006
200036007
200036008
200036009
200036010
200036011
200037001
200037002
200037003
200037004
200037005
200037006
200037007
200037008
200037009
200037010
200037011
200038001
200038002
200038003
200038004
200038005
200038006
200038007
200038008
200038009
200038010
200038011
200039001
200039002
200039003
200039004
200039005
200039006
200039007
200039008
200039009
200039010
200039011
200040001
200040002
200040003
200040004
200040005
200040006
200040007
200040008
200040009
200040010
200040011
200041001
200041002
200041003
200041004
200041005
200041006
200041007
200041008
200041009
200041010
200041011
200042001
200042002
200042003
200042004
200042005
200042006
200042007
200042008
200042009
200042010
200042011
200043001
200043002
200043003
200043004
200043005
200043006
200043007
200043008
200043009
200043010
200043011
200044001
200044002
200044003
200044004
200044005
200044006
200044007
200044008
200044009
200044010
200044011
200045001
200045002
200045003
200045004
200045005
200045006
200045007
200045008
200045009
200045010
200045011
200046001
200046002
200046003
200046004
200046005
200046006
200046007
200046008
200046009
200046010
200046011
200047001
200047002
200047003
200047004
200047005
200047006
200047007
200047008
200047009
200047010
200047011
200048001
200048002
200048003
200048004
200048005
200048006
200048007
200048008
200048009
200048010
200048011
200049001
200049002
200049003
200049004
200049005
200049006
200049007
200049008
200049009
200049010
200049011
200050001
200050002
200050003
200050004
200050005
200050006
200050007
200050008
200050009
200050010
200050011
200051001
200051002
200051003
200051004
200051005
200051006
200051007
200051008
200051009
200051010
200051011
210030001
210030002
210030003
210030004
210030005
210030006
210030007
210030008
210030009
210030010
210030011
210031001
210031002
210031003
210031004
210031005
210031006
210031007
210031008
210031009
210031010
210031011
210032001
210032002
210032003
210032004
210032005
210032006
210032007
210032008
210032009
210032010
210032011
210033001
210033002
210033003
210033004
210033005
210033006
210033007
210033008
210033009
210033010
210033011
210034001
210034002
210034003
210034004
210034005
210034006
210034007
210034008
210034009
210034010
210034011
210035001
210035002
210035003
210035004
210035005
210035006
210035007
210035008
210035009
210035010
210035011
210036001
210036002
210036003
210036004
210036005
210036006
210036007
210036008
210036009
210036010
210036011
210037001
210037002
210037003
210037004
210037005
210037006
210037007
210037008
210037009
210037010
210037011
210038001
210038002
210038003
210038004
210038005
210038006
210038007
210038008
210038009
210038010
210038011
210039001
210039002
210039003
210039004
210039005
210039006
210039007
210039008
210039009
210039010
210039011
210040001
210040002
210040003
210040004
210040005
210040006
210040007
210040008
210040009
210040010
210040011
210041001
210041002
210041003
210041004
210041005
210041006
210041007
210041008
210041009
210041010
210041011
220030001
220030002
220030003
220030004
220030005
220030006
220030007
220030008
220030009
220030010
220030011
220031001
220031002
220031003
220031004
220031005
220031006
220031007
220031008
220031009
220031010
220031011
220032001
220032002
220032003
220032004
220032005
220032006
220032007
220032008
220032009
220032010
220032011
220033001
220033002
220033003
220033004
220033005
220033006
220033007
220033008
220033009
220033010
220033011
220034001
220034002
220034003
220034004
220034005
220034006
220034007
220034008
220034009
220034010
220034011
220035001
220035002
220035003
220035004
220035005
220035006
220035007
220035008
220035009
220035010
220035011
220036001
220036002
220036003
220036004
220036005
220036006
220036007
220036008
220036009
220036010
220036011
220037001
220037002
220037003
220037004
220037005
220037006
220037007
220037008
220037009
220037010
220037011
220038001
220038002
220038003
220038004
220038005
220038006
220038007
220038008
220038009
220038010
220038011
220039001
220039002
220039003
220039004
220039005
220039006
220039007
220039008
220039009
220039010
220039011
220040001
220040002
220040003
220040004
220040005
220040006
220040007
220040008
220040009
220040010
220040011
220041001
220041002
220041003
220041004
220041005
220041006
220041007
220041008
220041009
220041010
220041011
220042001
220042002
220042003
220042004
220042005
220042006
220042007
220042008
220042009
220042010
220042011
220043001
220043002
220043003
220043004
220043005
220043006
220043007
220043008
220043009
220043010
220043011
220044001
220044002
220044003
220044004
220044005
220044006
220044007
220044008
220044009
220044010
220044011
220045001
220045002
220045003
220045004
220045005
220045006
220045007
220045008
220045009
220045010
220045011
230048001
230048002
230048003
230048004
230048005
230048006
230048007
230048008
230048009
230048010
230048011
230049001
230049002
230049003
230049004
230049005
230049006
230049007
230049008
230049009
230049010
230049011
230050001
230050002
230050003
230050004
230050005
230050006
230050007
230050008
230050009
230050010
230050011
230051001
230051002
230051003
230051004
230051005
230051006
230051007
230051008
230051009
230051010
230051011
250030001
250030002
250030003
250030004
250030005
250030006
250030007
250030008
250030009
250030010
250030011
250031001
250031002
250031003
250031004
250031005
250031006
250031007
250031008
250031009
250031010
250031011
250032001
250032002
250032003
250032004
250032005
250032006
250032007
250032008
250032009
250032010
250032011
250033001
250033002
250033003
250033004
250033005
250033006
250033007
250033008
250033009
250033010
250033011
250034001
250034002
250034003
250034004
250034005
250034006
250034007
250034008
250034009
250034010
250034011
250035001
250035002
250035003
250035004
250035005
250035006
250035007
250035008
250035009
250035010
250035011
250036001
250036002
250036003
250036004
250036005
250036006
250036007
250036008
250036009
250036010
250036011
250037001
250037002
250037003
250037004
250037005
250037006
250037007
250037008
250037009
250037010
250037011
250038001
250038002
250038003
250038004
250038005
250038006
250038007
250038008
250038009
250038010
250038011
250039001
250039002
250039003
250039004
250039005
250039006
250039007
250039008
250039009
250039010
250039011
250040001
250040002
250040003
250040004
250040005
250040006
250040007
250040008
250040009
250040010
250040011
250041001
250041002
250041003
250041004
250041005
250041006
250041007
250041008
250041009
250041010
250041011
250042001
250042002
250042003
250042004
250042005
250042006
250042007
250042008
250042009
250042010
250042011
250043001
250043002
250043003
250043004
250043005
250043006
250043007
250043008
250043009
250043010
250043011
250044001
250044002
250044003
250044004
250044005
250044006
250044007
250044008
250044009
250044010
250044011
250045001
250045002
250045003
250045004
250045005
250045006
250045007
250045008
250045009
250045010
250045011
250046001
250046002
250046003
250046004
250046005
250046006
250046007
250046008
250046009
250046010
250046011
250047001
250047002
250047003
250047004
250047005
250047006
250047007
250047008
250047009
250047010
250047011
250048001
250048002
250048003
250048004
250048005
250048006
250048007
250048008
250048009
250048010
250048011
250049001
250049002
250049003
250049004
250049005
250049006
250049007
250049008
250049009
250049010
250049011
250050001
250050002
250050003
250050004
250050005
250050006
250050007
250050008
250050009
250050010
250050011
250051001
250051002
250051003
250051004
250051005
250051006
250051007
250051008
250051009
250051010
250051011
260039001
260039002
260039003
260039004
260039005
260039006
260039007
260039008
260039009
260039010
260039011
260040001
260040002
260040003
260040004
260040005
260040006
260040007
260040008
260040009
260040010
260040011
260041001
260041002
260041003
260041004
260041005
260041006
260041007
260041008
260041009
260041010
260041011
260042001
260042002
260042003
260042004
260042005
260042006
260042007
260042008
260042009
260042010
260042011
260043001
260043002
260043003
260043004
260043005
260043006
260043007
260043008
260043009
260043010
260043011
260044001
260044002
260044003
260044004
260044005
260044006
260044007
260044008
260044009
260044010
260044011
260045001
260045002
260045003
260045004
260045005
260045006
260045007
260045008
260045009
260045010
260045011
260046001
260046002
260046003
260046004
260046005
260046006
260046007
260046008
260046009
260046010
260046011
260047001
260047002
260047003
260047004
260047005
260047006
260047007
260047008
260047009
260047010
260047011
260048001
260048002
260048003
260048004
260048005
260048006
260048007
260048008
260048009
260048010
260048011
260049001
260049002
260049003
260049004
260049005
260049006
260049007
260049008
260049009
260049010
260049011
260050001
260050002
260050003
260050004
260050005
260050006
260050007
260050008
260050009
260050010
260050011
260051001
260051002
260051003
260051004
260051005
260051006
260051007
260051008
260051009
260051010
260051011
280030001
280030002
280030003
280030004
280030005
280030006
280030007
280030008
280030009
280030010
280030011
280031001
280031002
280031003
280031004
280031005
280031006
280031007
280031008
280031009
280031010
280031011
310030001
310030002
310030003
310030004
310030005
310030006
310030007
310030008
310030009
310030010
310030011
310031001
310031002
310031003
310031004
310031005
310031006
310031007
310031008
310031009
310031010
310031011
310032001
310032002
310032003
310032004
310032005
310032006
310032007
310032008
310032009
310032010
310032011
310033001
310033002
310033003
310033004
310033005
310033006
310033007
310033008
310033009
310033010
310033011
310034001
310034002
310034003
310034004
310034005
310034006
310034007
310034008
310034009
310034010
310034011
310035001
310035002
310035003
310035004
310035005
310035006
310035007
310035008
310035009
310035010
310035011
310036001
310036002
310036003
310036004
310036005
310036006
310036007
310036008
310036009
310036010
310036011
310037001
310037002
310037003
310037004
310037005
310037006
310037007
310037008
310037009
310037010
310037011
310038001
310038002
310038003
310038004
310038005
310038006
310038007
310038008
310038009
310038010
310038011
310039001
310039002
310039003
310039004
310039005
310039006
310039007
310039008
310039009
310039010
310039011
310040001
310040002
310040003
310040004
310040005
310040006
310040007
310040008
310040009
310040010
310040011
310041001
310041002
310041003
310041004
310041005
310041006
310041007
310041008
310041009
310041010
310041011
310042001
310042002
310042003
310042004
310042005
310042006
310042007
310042008
310042009
310042010
310042011
310043001
310043002
310043003
310043004
310043005
310043006
310043007
310043008
310043009
310043010
310043011
310044001
310044002
310044003
310044004
310044005
310044006
310044007
310044008
310044009
310044010
310044011
310045001
310045002
310045003
310045004
310045005
310045006
310045007
310045008
310045009
310045010
310045011
310046001
310046002
310046003
310046004
310046005
310046006
310046007
310046008
310046009
310046010
310046011
310047001
310047002
310047003
310047004
310047005
310047006
310047007
310047008
310047009
310047010
310047011
310048001
310048002
310048003
310048004
310048005
310048006
310048007
310048008
310048009
310048010
310048011
310049001
310049002
310049003
310049004
310049005
310049006
310049007
310049008
310049009
310049010
310049011
310050001
310050002
310050003
310050004
310050005
310050006
310050007
310050008
310050009
310050010
310050011
310051001
310051002
310051003
310051004
310051005
310051006
310051007
310051008
310051009
310051010
310051011
330030001
330030002
330030003
330030004
330030005
330030006
330030007
330030008
330030009
330030010
330030011
330031001
330031002
330031003
330031004
330031005
330031006
330031007
330031008
330031009
330031010
330031011
330032001
330032002
330032003
330032004
330032005
330032006
330032007
330032008
330032009
330032010
330032011
330033001
330033002
330033003
330033004
330033005
330033006
330033007
330033008
330033009
330033010
330033011
330034001
330034002
330034003
330034004
330034005
330034006
330034007
330034008
330034009
330034010
330034011
330035001
330035002
330035003
330035004
330035005
330035006
330035007
330035008
330035009
330035010
330035011
330036001
330036002
330036003
330036004
330036005
330036006
330036007
330036008
330036009
330036010
330036011
330037001
330037002
330037003
330037004
330037005
330037006
330037007
330037008
330037009
330037010
330037011
330038001
330038002
330038003
330038004
330038005
330038006
330038007
330038008
330038009
330038010
330038011
330039001
330039002
330039003
330039004
330039005
330039006
330039007
330039008
330039009
330039010
330039011
330040001
330040002
330040003
330040004
330040005
330040006
330040007
330040008
330040009
330040010
330040011
330041001
330041002
330041003
330041004
330041005
330041006
330041007
330041008
330041009
330041010
330041011
330042001
330042002
330042003
330042004
330042005
330042006
330042007
330042008
330042009
330042010
330042011
330043001
330043002
330043003
330043004
330043005
330043006
330043007
330043008
330043009
330043010
330043011
330044001
330044002
330044003
330044004
330044005
330044006
330044007
330044008
330044009
330044010
330044011
330045001
330045002
330045003
330045004
330045005
330045006
330045007
330045008
330045009
330045010
330045011
330046001
330046002
330046003
330046004
330046005
330046006
330046007
330046008
330046009
330046010
330046011
330047001
330047002
330047003
330047004
330047005
330047006
330047007
330047008
330047009
330047010
330047011
330048001
330048002
330048003
330048004
330048005
330048006
330048007
330048008
330048009
330048010
330048011
330049001
330049002
330049003
330049004
330049005
330049006
330049007
330049008
330049009
330049010
330049011
330050001
330050002
330050003
330050004
330050005
330050006
330050007
330050008
330050009
330050010
330050011
330051001
330051002
330051003
330051004
330051005
330051006
330051007
330051008
330051009
330051010
330051011
370030001
370030002
370030003
370030004
370030005
370030006
370030007
370030008
370030009
370030010
370030011
370031001
370031002
370031003
370031004
370031005
370031006
370031007
370031008
370031009
370031010
370031011
370032001
370032002
370032003
370032004
370032005
370032006
370032007
370032008
370032009
370032010
370032011
370033001
370033002
370033003
370033004
370033005
370033006
370033007
370033008
370033009
370033010
370033011
370034001
370034002
370034003
370034004
370034005
370034006
370034007
370034008
370034009
370034010
370034011
