01080.001
01080.002
01080.003
01080.004
01080.005
01080.006
01080.007
01080.008
01080.009
01080.010
01080.011
01082.501
01082.502
01082.503
01082.504
01082.505
01082.506
01082.507
01082.508
01082.509
01082.510
01082.511
01085.001
01085.002
01085.003
01085.004
01085.005
01085.006
01085.007
01085.008
01085.009
01085.010
01085.011
01087.501
01087.502
01087.503
01087.504
01087.505
01087.506
01087.507
01087.508
01087.509
01087.510
01087.511
01090.001
01090.002
01090.003
01090.004
01090.005
01090.006
01090.007
01090.008
01090.009
01090.010
01090.011
01092.501
01092.502
01092.503
01092.504
01092.505
01092.506
01092.507
01092.508
01092.509
01092.510
01092.511
01095.001
01095.002
01095.003
01095.004
01095.005
01095.006
01095.007
01095.008
01095.009
01095.010
01095.011
01097.501
01097.502
01097.503
01097.504
01097.505
01097.506
01097.507
01097.508
01097.509
01097.510
01097.511
01100.001
01100.002
01100.003
01100.004
01100.005
01100.006
01100.007
01100.008
01100.009
01100.010
01100.011
01102.501
01102.502
01102.503
01102.504
01102.505
01102.506
01102.507
01102.508
01102.509
01102.510
01102.511
01105.001
01105.002
01105.003
01105.004
01105.005
01105.006
01105.007
01105.008
01105.009
01105.010
01105.011
01107.501
01107.502
01107.503
01107.504
01107.505
01107.506
01107.507
01107.508
01107.509
01107.510
01107.511
01110.001
01110.002
01110.003
01110.004
01110.005
01110.006
01110.007
01110.008
01110.009
01110.010
01110.011
01112.501
01112.502
01112.503
01112.504
01112.505
01112.506
01112.507
01112.508
01112.509
01112.510
01112.511
01115.001
01115.002
01115.003
01115.004
01115.005
01115.006
01115.007
01115.008
01115.009
01115.010
01115.011
01117.501
01117.502
01117.503
01117.504
01117.505
01117.506
01117.507
01117.508
01117.509
01117.510
01117.511
01120.001
01120.002
01120.003
01120.004
01120.005
01120.006
01120.007
01120.008
01120.009
01120.010
01120.011
01122.501
01122.502
01122.503
01122.504
01122.505
01122.506
01122.507
01122.508
01122.509
01122.510
01122.511
01125.001
01125.002
01125.003
01125.004
01125.005
01125.006
01125.007
01125.008
01125.009
01125.010
01125.011
01127.501
01127.502
01127.503
01127.504
01127.505
01127.506
01127.507
01127.508
01127.509
01127.510
01127.511
01130.001
01130.002
01130.003
01130.004
01130.005
01130.006
01130.007
01130.008
01130.009
01130.010
01130.011
01132.501
01132.502
01132.503
01132.504
01132.505
01132.506
01132.507
01132.508
01132.509
01132.510
01132.511
01135.001
01135.002
01135.003
01135.004
01135.005
01135.006
01135.007
01135.008
01135.009
01135.010
01135.011
01137.501
01137.502
01137.503
01137.504
01137.505
01137.506
01137.507
01137.508
01137.509
01137.510
01137.511
01140.001
01140.002
01140.003
01140.004
01140.005
01140.006
01140.007
01140.008
01140.009
01140.010
01140.011
01142.501
01142.502
01142.503
01142.504
01142.505
01142.506
01142.507
01142.508
01142.509
01142.510
01142.511
01145.001
01145.002
01145.003
01145.004
01145.005
01145.006
01145.007
01145.008
01145.009
01145.010
01145.011
01147.501
01147.502
01147.503
01147.504
01147.505
01147.506
01147.507
01147.508
01147.509
01147.510
01147.511
01150.001
01150.002
01150.003
01150.004
01150.005
01150.006
01150.007
01150.008
01150.009
01150.010
01150.011
01152.501
01152.502
01152.503
01152.504
01152.505
01152.506
01152.507
01152.508
01152.509
01152.510
01152.511
01155.001
01155.002
01155.003
01155.004
01155.005
01155.006
01155.007
01155.008
01155.009
01155.010
01155.011
