02080.001
02080.002
02080.003
02080.004
02080.005
02080.006
02080.007
02080.008
02080.009
02080.010
02080.011
02082.501
02082.502
02082.503
02082.504
02082.505
02082.506
02082.507
02082.508
02082.509
02082.510
02082.511
02085.001
02085.002
02085.003
02085.004
02085.005
02085.006
02085.007
02085.008
02085.009
02085.010
02085.011
02087.501
02087.502
02087.503
02087.504
02087.505
02087.506
02087.507
02087.508
02087.509
02087.510
02087.511
02090.001
02090.002
02090.003
02090.004
02090.005
02090.006
02090.007
02090.008
02090.009
02090.010
02090.011
03080.001
03080.002
03080.003
03080.004
03080.005
03080.006
03080.007
03080.008
03080.009
03080.010
03080.011
03082.501
03082.502
03082.503
03082.504
03082.505
03082.506
03082.507
03082.508
03082.509
03082.510
03082.511
03085.001
03085.002
03085.003
03085.004
03085.005
03085.006
03085.007
03085.008
03085.009
03085.010
03085.011
03087.501
03087.502
03087.503
03087.504
03087.505
03087.506
03087.507
03087.508
03087.509
03087.510
03087.511
03090.001
03090.002
03090.003
03090.004
03090.005
03090.006
03090.007
03090.008
03090.009
03090.010
03090.011
03092.501
03092.502
03092.503
03092.504
03092.505
03092.506
03092.507
03092.508
03092.509
03092.510
03092.511
03095.001
03095.002
03095.003
03095.004
03095.005
03095.006
03095.007
03095.008
03095.009
03095.010
03095.011
03097.501
03097.502
03097.503
03097.504
03097.505
03097.506
03097.507
03097.508
03097.509
03097.510
03097.511
03100.001
03100.002
03100.003
03100.004
03100.005
03100.006
03100.007
03100.008
03100.009
03100.010
03100.011
03102.501
03102.502
03102.503
03102.504
03102.505
03102.506
03102.507
03102.508
03102.509
03102.510
03102.511
03105.001
03105.002
03105.003
03105.004
03105.005
03105.006
03105.007
03105.008
03105.009
03105.010
03105.011
03107.501
03107.502
03107.503
03107.504
03107.505
03107.506
03107.507
03107.508
03107.509
03107.510
03107.511
03110.001
03110.002
03110.003
03110.004
03110.005
03110.006
03110.007
03110.008
03110.009
03110.010
03110.011
03112.501
03112.502
03112.503
03112.504
03112.505
03112.506
03112.507
03112.508
03112.509
03112.510
03112.511
03115.001
03115.002
03115.003
03115.004
03115.005
03115.006
03115.007
03115.008
03115.009
03115.010
03115.011
03117.501
03117.502
03117.503
03117.504
03117.505
03117.506
03117.507
03117.508
03117.509
03117.510
03117.511
03120.001
03120.002
03120.003
03120.004
03120.005
03120.006
03120.007
03120.008
03120.009
03120.010
03120.011
03122.501
03122.502
03122.503
03122.504
03122.505
03122.506
03122.507
03122.508
03122.509
03122.510
03122.511
03125.001
03125.002
03125.003
03125.004
03125.005
03125.006
03125.007
03125.008
03125.009
03125.010
03125.011
03127.501
03127.502
03127.503
03127.504
03127.505
03127.506
03127.507
03127.508
03127.509
03127.510
03127.511
03130.001
03130.002
03130.003
03130.004
03130.005
03130.006
03130.007
03130.008
03130.009
03130.010
03130.011
03132.501
03132.502
03132.503
03132.504
03132.505
03132.506
03132.507
03132.508
03132.509
03132.510
03132.511
03135.001
03135.002
03135.003
03135.004
03135.005
03135.006
03135.007
03135.008
03135.009
03135.010
03135.011
03137.501
03137.502
03137.503
03137.504
03137.505
03137.506
03137.507
03137.508
03137.509
03137.510
03137.511
03140.001
03140.002
03140.003
03140.004
03140.005
03140.006
03140.007
03140.008
03140.009
03140.010
03140.011
03142.501
03142.502
03142.503
03142.504
03142.505
03142.506
03142.507
03142.508
03142.509
03142.510
03142.511
03145.001
03145.002
03145.003
03145.004
03145.005
03145.006
03145.007
03145.008
03145.009
03145.010
03145.011
03147.501
03147.502
03147.503
03147.504
03147.505
03147.506
03147.507
03147.508
03147.509
03147.510
03147.511
03150.001
03150.002
03150.003
03150.004
03150.005
03150.006
03150.007
03150.008
03150.009
03150.010
03150.011
03152.501
03152.502
03152.503
03152.504
03152.505
03152.506
03152.507
03152.508
03152.509
03152.510
03152.511
03155.001
03155.002
03155.003
03155.004
03155.005
03155.006
03155.007
03155.008
03155.009
03155.010
03155.011
05080.001
05080.002
05080.003
05080.004
05080.005
05080.006
05080.007
05080.008
05080.009
05080.010
05080.011
05082.501
05082.502
05082.503
05082.504
05082.505
05082.506
05082.507
05082.508
05082.509
05082.510
05082.511
05085.001
05085.002
05085.003
05085.004
05085.005
05085.006
05085.007
05085.008
05085.009
05085.010
05085.011
05087.501
05087.502
05087.503
05087.504
05087.505
05087.506
05087.507
05087.508
05087.509
05087.510
05087.511
05090.001
05090.002
05090.003
05090.004
05090.005
05090.006
05090.007
05090.008
05090.009
05090.010
05090.011
05092.501
05092.502
05092.503
05092.504
05092.505
05092.506
05092.507
05092.508
05092.509
05092.510
05092.511
05095.001
05095.002
05095.003
05095.004
05095.005
05095.006
05095.007
05095.008
05095.009
05095.010
05095.011
05097.501
05097.502
05097.503
05097.504
05097.505
05097.506
05097.507
05097.508
05097.509
05097.510
05097.511
05100.001
05100.002
05100.003
05100.004
05100.005
05100.006
05100.007
05100.008
05100.009
05100.010
05100.011
05102.501
05102.502
05102.503
05102.504
05102.505
05102.506
05102.507
05102.508
05102.509
05102.510
05102.511
05105.001
05105.002
05105.003
05105.004
05105.005
05105.006
05105.007
05105.008
05105.009
05105.010
05105.011
05107.501
05107.502
05107.503
05107.504
05107.505
05107.506
05107.507
05107.508
05107.509
05107.510
05107.511
05110.001
05110.002
05110.003
05110.004
05110.005
05110.006
05110.007
05110.008
05110.009
05110.010
05110.011
05112.501
05112.502
05112.503
05112.504
05112.505
05112.506
05112.507
05112.508
05112.509
05112.510
05112.511
05115.001
05115.002
05115.003
05115.004
05115.005
05115.006
05115.007
05115.008
05115.009
05115.010
05115.011
05117.501
05117.502
05117.503
05117.504
05117.505
05117.506
05117.507
05117.508
05117.509
05117.510
05117.511
05120.001
05120.002
05120.003
05120.004
05120.005
05120.006
05120.007
05120.008
05120.009
05120.010
05120.011
05122.501
05122.502
05122.503
05122.504
05122.505
05122.506
05122.507
05122.508
05122.509
05122.510
05122.511
05125.001
05125.002
05125.003
05125.004
05125.005
05125.006
05125.007
05125.008
05125.009
05125.010
05125.011
05127.501
05127.502
05127.503
05127.504
05127.505
05127.506
05127.507
05127.508
05127.509
05127.510
05127.511
05130.001
05130.002
05130.003
05130.004
05130.005
05130.006
05130.007
05130.008
05130.009
05130.010
05130.011
05132.501
05132.502
05132.503
05132.504
05132.505
05132.506
05132.507
05132.508
05132.509
05132.510
05132.511
05135.001
05135.002
05135.003
05135.004
05135.005
05135.006
05135.007
05135.008
05135.009
05135.010
05135.011
05137.501
05137.502
05137.503
05137.504
05137.505
05137.506
05137.507
05137.508
05137.509
05137.510
05137.511
05140.001
05140.002
05140.003
05140.004
05140.005
05140.006
05140.007
05140.008
05140.009
05140.010
05140.011
05142.501
05142.502
05142.503
05142.504
05142.505
05142.506
05142.507
05142.508
05142.509
05142.510
05142.511
05145.001
05145.002
05145.003
05145.004
05145.005
05145.006
05145.007
05145.008
05145.009
05145.010
05145.011
05147.501
05147.502
05147.503
05147.504
05147.505
05147.506
05147.507
05147.508
05147.509
05147.510
05147.511
05150.001
05150.002
05150.003
05150.004
05150.005
05150.006
05150.007
05150.008
05150.009
05150.010
05150.011
05152.501
05152.502
05152.503
05152.504
05152.505
05152.506
05152.507
05152.508
05152.509
05152.510
05152.511
05155.001
05155.002
05155.003
05155.004
05155.005
05155.006
05155.007
05155.008
05155.009
05155.010
05155.011
06080.001
06080.002
06080.003
06080.004
06080.005
06080.006
06080.007
06080.008
06080.009
06080.010
06080.011
06082.501
06082.502
06082.503
06082.504
06082.505
06082.506
06082.507
06082.508
06082.509
06082.510
06082.511
06085.001
06085.002
06085.003
06085.004
06085.005
06085.006
06085.007
06085.008
06085.009
06085.010
06085.011
06087.501
06087.502
06087.503
06087.504
06087.505
06087.506
06087.507
06087.508
06087.509
06087.510
06087.511
06090.001
06090.002
06090.003
06090.004
06090.005
06090.006
06090.007
06090.008
06090.009
06090.010
06090.011
06092.501
06092.502
06092.503
06092.504
06092.505
06092.506
06092.507
06092.508
06092.509
06092.510
06092.511
06095.001
06095.002
06095.003
06095.004
06095.005
06095.006
06095.007
06095.008
06095.009
06095.010
06095.011
06097.501
06097.502
06097.503
06097.504
06097.505
06097.506
06097.507
06097.508
06097.509
06097.510
06097.511
06100.001
06100.002
06100.003
06100.004
06100.005
06100.006
06100.007
06100.008
06100.009
06100.010
06100.011
06102.501
06102.502
06102.503
06102.504
06102.505
06102.506
06102.507
06102.508
06102.509
06102.510
06102.511
06105.001
06105.002
06105.003
06105.004
06105.005
06105.006
06105.007
06105.008
06105.009
06105.010
06105.011
06107.501
06107.502
06107.503
06107.504
06107.505
06107.506
06107.507
06107.508
06107.509
06107.510
06107.511
06110.001
06110.002
06110.003
06110.004
06110.005
06110.006
06110.007
06110.008
06110.009
06110.010
06110.011
06112.501
06112.502
06112.503
06112.504
06112.505
06112.506
06112.507
06112.508
06112.509
06112.510
06112.511
06115.001
06115.002
06115.003
06115.004
06115.005
06115.006
06115.007
06115.008
06115.009
06115.010
06115.011
06117.501
06117.502
06117.503
06117.504
06117.505
06117.506
06117.507
06117.508
06117.509
06117.510
06117.511
06120.001
06120.002
06120.003
06120.004
06120.005
06120.006
06120.007
06120.008
06120.009
06120.010
06120.011
06122.501
06122.502
06122.503
06122.504
06122.505
06122.506
06122.507
06122.508
06122.509
06122.510
06122.511
06125.001
06125.002
06125.003
06125.004
06125.005
06125.006
06125.007
06125.008
06125.009
06125.010
06125.011
06127.501
06127.502
06127.503
06127.504
06127.505
06127.506
06127.507
06127.508
06127.509
06127.510
06127.511
06130.001
06130.002
06130.003
06130.004
06130.005
06130.006
06130.007
06130.008
06130.009
06130.010
06130.011
06132.501
06132.502
06132.503
06132.504
06132.505
06132.506
06132.507
06132.508
06132.509
06132.510
06132.511
06135.001
06135.002
06135.003
06135.004
06135.005
06135.006
06135.007
06135.008
06135.009
06135.010
06135.011
06137.501
06137.502
06137.503
06137.504
06137.505
06137.506
06137.507
06137.508
06137.509
06137.510
06137.511
06140.001
06140.002
06140.003
06140.004
06140.005
06140.006
06140.007
06140.008
06140.009
06140.010
06140.011
06142.501
06142.502
06142.503
06142.504
06142.505
06142.506
06142.507
06142.508
06142.509
06142.510
06142.511
06145.001
06145.002
06145.003
06145.004
06145.005
06145.006
06145.007
06145.008
06145.009
06145.010
06145.011
06147.501
06147.502
06147.503
06147.504
06147.505
06147.506
06147.507
06147.508
06147.509
06147.510
06147.511
06150.001
06150.002
06150.003
06150.004
06150.005
06150.006
06150.007
06150.008
06150.009
06150.010
06150.011
06152.501
06152.502
06152.503
06152.504
06152.505
06152.506
06152.507
06152.508
06152.509
06152.510
06152.511
06155.001
06155.002
06155.003
06155.004
06155.005
06155.006
06155.007
06155.008
06155.009
06155.010
06155.011
07080.001
07080.002
07080.003
07080.004
07080.005
07080.006
07080.007
07080.008
07080.009
07080.010
07080.011
07082.501
07082.502
07082.503
07082.504
07082.505
07082.506
07082.507
07082.508
07082.509
07082.510
07082.511
07085.001
07085.002
07085.003
07085.004
07085.005
07085.006
07085.007
07085.008
07085.009
07085.010
07085.011
07087.501
07087.502
07087.503
07087.504
07087.505
07087.506
07087.507
07087.508
07087.509
07087.510
07087.511
07090.001
07090.002
07090.003
07090.004
07090.005
07090.006
07090.007
07090.008
07090.009
07090.010
07090.011
07092.501
07092.502
07092.503
07092.504
07092.505
07092.506
07092.507
07092.508
07092.509
07092.510
07092.511
07095.001
07095.002
07095.003
07095.004
07095.005
07095.006
07095.007
07095.008
07095.009
07095.010
07095.011
07097.501
07097.502
07097.503
07097.504
07097.505
07097.506
07097.507
07097.508
07097.509
07097.510
07097.511
07100.001
07100.002
07100.003
07100.004
07100.005
07100.006
07100.007
07100.008
07100.009
07100.010
07100.011
07102.501
07102.502
07102.503
07102.504
07102.505
07102.506
07102.507
07102.508
07102.509
07102.510
07102.511
07105.001
07105.002
07105.003
07105.004
07105.005
07105.006
07105.007
07105.008
07105.009
07105.010
07105.011
07107.501
07107.502
07107.503
07107.504
07107.505
07107.506
07107.507
07107.508
07107.509
07107.510
07107.511
07110.001
07110.002
07110.003
07110.004
07110.005
07110.006
07110.007
07110.008
07110.009
07110.010
07110.011
07112.501
07112.502
07112.503
07112.504
07112.505
07112.506
07112.507
07112.508
07112.509
07112.510
07112.511
07115.001
07115.002
07115.003
07115.004
07115.005
07115.006
07115.007
07115.008
07115.009
07115.010
07115.011
07117.501
07117.502
07117.503
07117.504
07117.505
07117.506
07117.507
07117.508
07117.509
07117.510
07117.511
07120.001
07120.002
07120.003
07120.004
07120.005
07120.006
07120.007
07120.008
07120.009
07120.010
07120.011
07122.501
07122.502
07122.503
07122.504
07122.505
07122.506
07122.507
07122.508
07122.509
07122.510
07122.511
07125.001
07125.002
07125.003
07125.004
07125.005
07125.006
07125.007
07125.008
07125.009
07125.010
07125.011
07127.501
07127.502
07127.503
07127.504
07127.505
07127.506
07127.507
07127.508
07127.509
07127.510
07127.511
07130.001
07130.002
07130.003
07130.004
07130.005
07130.006
07130.007
07130.008
07130.009
07130.010
07130.011
07132.501
07132.502
07132.503
07132.504
07132.505
07132.506
07132.507
07132.508
07132.509
07132.510
07132.511
07135.001
07135.002
07135.003
07135.004
07135.005
07135.006
07135.007
07135.008
07135.009
07135.010
07135.011
07137.501
07137.502
07137.503
07137.504
07137.505
07137.506
07137.507
07137.508
07137.509
07137.510
07137.511
07140.001
07140.002
07140.003
07140.004
07140.005
07140.006
07140.007
07140.008
07140.009
07140.010
07140.011
07142.501
07142.502
07142.503
07142.504
07142.505
07142.506
07142.507
07142.508
07142.509
07142.510
07142.511
07145.001
07145.002
07145.003
07145.004
07145.005
07145.006
07145.007
07145.008
07145.009
07145.010
07145.011
07147.501
07147.502
07147.503
07147.504
07147.505
07147.506
07147.507
07147.508
07147.509
07147.510
07147.511
07150.001
07150.002
07150.003
07150.004
07150.005
07150.006
07150.007
07150.008
07150.009
07150.010
07150.011
07152.501
07152.502
07152.503
07152.504
07152.505
07152.506
07152.507
07152.508
07152.509
07152.510
07152.511
07155.001
07155.002
07155.003
07155.004
07155.005
07155.006
07155.007
07155.008
07155.009
07155.010
07155.011
08080.001
08080.002
08080.003
08080.004
08080.005
08080.006
08080.007
08080.008
08080.009
08080.010
08080.011
08082.501
08082.502
08082.503
08082.504
08082.505
08082.506
08082.507
08082.508
08082.509
08082.510
08082.511
08085.001
08085.002
08085.003
08085.004
08085.005
08085.006
08085.007
08085.008
08085.009
08085.010
08085.011
08087.501
08087.502
08087.503
08087.504
08087.505
08087.506
08087.507
08087.508
08087.509
08087.510
08087.511
08090.001
08090.002
08090.003
08090.004
08090.005
08090.006
08090.007
08090.008
08090.009
08090.010
08090.011
08092.501
08092.502
08092.503
08092.504
08092.505
08092.506
08092.507
08092.508
08092.509
08092.510
08092.511
08095.001
08095.002
08095.003
08095.004
08095.005
08095.006
08095.007
08095.008
08095.009
08095.010
08095.011
08097.501
08097.502
08097.503
08097.504
08097.505
08097.506
08097.507
08097.508
08097.509
08097.510
08097.511
08100.001
08100.002
08100.003
08100.004
08100.005
08100.006
08100.007
08100.008
08100.009
08100.010
08100.011
08102.501
08102.502
08102.503
08102.504
08102.505
08102.506
08102.507
08102.508
08102.509
08102.510
08102.511
08105.001
08105.002
08105.003
08105.004
08105.005
08105.006
08105.007
08105.008
08105.009
08105.010
08105.011
08107.501
08107.502
08107.503
08107.504
08107.505
08107.506
08107.507
08107.508
08107.509
08107.510
08107.511
08110.001
08110.002
08110.003
08110.004
08110.005
08110.006
08110.007
08110.008
08110.009
08110.010
08110.011
08112.501
08112.502
08112.503
08112.504
08112.505
08112.506
08112.507
08112.508
08112.509
08112.510
08112.511
08115.001
08115.002
08115.003
08115.004
08115.005
08115.006
08115.007
08115.008
08115.009
08115.010
08115.011
08117.501
08117.502
08117.503
08117.504
08117.505
08117.506
08117.507
08117.508
08117.509
08117.510
08117.511
08120.001
08120.002
08120.003
08120.004
08120.005
08120.006
08120.007
08120.008
08120.009
08120.010
08120.011
08122.501
08122.502
08122.503
08122.504
08122.505
08122.506
08122.507
08122.508
08122.509
08122.510
08122.511
08125.001
08125.002
08125.003
08125.004
08125.005
08125.006
08125.007
08125.008
08125.009
08125.010
08125.011
08127.501
08127.502
08127.503
08127.504
08127.505
08127.506
08127.507
08127.508
08127.509
08127.510
08127.511
08130.001
08130.002
08130.003
08130.004
08130.005
08130.006
08130.007
08130.008
08130.009
08130.010
08130.011
08132.501
08132.502
08132.503
08132.504
08132.505
08132.506
08132.507
08132.508
08132.509
08132.510
08132.511
08135.001
08135.002
08135.003
08135.004
08135.005
08135.006
08135.007
08135.008
08135.009
08135.010
08135.011
08137.501
08137.502
08137.503
08137.504
08137.505
08137.506
08137.507
08137.508
08137.509
08137.510
08137.511
08140.001
08140.002
08140.003
08140.004
08140.005
08140.006
08140.007
08140.008
08140.009
08140.010
08140.011
08142.501
08142.502
08142.503
08142.504
08142.505
08142.506
08142.507
08142.508
08142.509
08142.510
08142.511
08145.001
08145.002
08145.003
08145.004
08145.005
08145.006
08145.007
08145.008
08145.009
08145.010
08145.011
08147.501
08147.502
08147.503
08147.504
08147.505
08147.506
08147.507
08147.508
08147.509
08147.510
08147.511
08150.001
08150.002
08150.003
08150.004
08150.005
08150.006
08150.007
08150.008
08150.009
08150.010
08150.011
08152.501
08152.502
08152.503
08152.504
08152.505
08152.506
08152.507
08152.508
08152.509
08152.510
08152.511
08155.001
08155.002
08155.003
08155.004
08155.005
08155.006
08155.007
08155.008
08155.009
08155.010
08155.011
09080.001
09080.002
09080.003
09080.004
09080.005
09080.006
09080.007
09080.008
09080.009
09080.010
09080.011
09082.501
09082.502
09082.503
09082.504
09082.505
09082.506
09082.507
09082.508
09082.509
09082.510
09082.511
09085.001
09085.002
09085.003
09085.004
09085.005
09085.006
09085.007
09085.008
09085.009
09085.010
09085.011
09087.501
09087.502
09087.503
09087.504
09087.505
09087.506
09087.507
09087.508
09087.509
09087.510
09087.511
09090.001
09090.002
09090.003
09090.004
09090.005
09090.006
09090.007
09090.008
09090.009
09090.010
09090.011
09092.501
09092.502
09092.503
09092.504
09092.505
09092.506
09092.507
09092.508
09092.509
09092.510
09092.511
09095.001
09095.002
09095.003
09095.004
09095.005
09095.006
09095.007
09095.008
09095.009
09095.010
09095.011
09097.501
09097.502
09097.503
09097.504
09097.505
09097.506
09097.507
09097.508
09097.509
09097.510
09097.511
09100.001
09100.002
09100.003
09100.004
09100.005
09100.006
09100.007
09100.008
09100.009
09100.010
09100.011
09102.501
09102.502
09102.503
09102.504
09102.505
09102.506
09102.507
09102.508
09102.509
09102.510
09102.511
09105.001
09105.002
09105.003
09105.004
09105.005
09105.006
09105.007
09105.008
09105.009
09105.010
09105.011
09107.501
09107.502
09107.503
09107.504
09107.505
09107.506
09107.507
09107.508
09107.509
09107.510
09107.511
09110.001
09110.002
09110.003
09110.004
09110.005
09110.006
09110.007
09110.008
09110.009
09110.010
09110.011
09112.501
09112.502
09112.503
09112.504
09112.505
09112.506
09112.507
09112.508
09112.509
09112.510
09112.511
09115.001
09115.002
09115.003
09115.004
09115.005
09115.006
09115.007
09115.008
09115.009
09115.010
09115.011
09117.501
09117.502
09117.503
09117.504
09117.505
09117.506
09117.507
09117.508
09117.509
09117.510
09117.511
09120.001
09120.002
09120.003
09120.004
09120.005
09120.006
09120.007
09120.008
09120.009
09120.010
09120.011
09122.501
09122.502
09122.503
09122.504
09122.505
09122.506
09122.507
09122.508
09122.509
09122.510
09122.511
09125.001
09125.002
09125.003
09125.004
09125.005
09125.006
09125.007
09125.008
09125.009
09125.010
09125.011
09127.501
09127.502
09127.503
09127.504
09127.505
09127.506
09127.507
09127.508
09127.509
09127.510
09127.511
09130.001
09130.002
09130.003
09130.004
09130.005
09130.006
09130.007
09130.008
09130.009
09130.010
09130.011
09132.501
09132.502
09132.503
09132.504
09132.505
09132.506
09132.507
09132.508
09132.509
09132.510
09132.511
09135.001
09135.002
09135.003
09135.004
09135.005
09135.006
09135.007
09135.008
09135.009
09135.010
09135.011
09137.501
09137.502
09137.503
09137.504
09137.505
09137.506
09137.507
09137.508
09137.509
09137.510
09137.511
09140.001
09140.002
09140.003
09140.004
09140.005
09140.006
09140.007
09140.008
09140.009
09140.010
09140.011
09142.501
09142.502
09142.503
09142.504
09142.505
09142.506
09142.507
09142.508
09142.509
09142.510
09142.511
09145.001
09145.002
09145.003
09145.004
09145.005
09145.006
09145.007
09145.008
09145.009
09145.010
09145.011
09147.501
09147.502
09147.503
09147.504
09147.505
09147.506
09147.507
09147.508
09147.509
09147.510
09147.511
09150.001
09150.002
09150.003
09150.004
09150.005
09150.006
09150.007
09150.008
09150.009
09150.010
09150.011
09152.501
09152.502
09152.503
09152.504
09152.505
09152.506
09152.507
09152.508
09152.509
09152.510
09152.511
09155.001
09155.002
09155.003
09155.004
09155.005
09155.006
09155.007
09155.008
09155.009
09155.010
09155.011
10080.001
10080.002
10080.003
10080.004
10080.005
10080.006
10080.007
10080.008
10080.009
10080.010
10080.011
10082.501
10082.502
10082.503
10082.504
10082.505
10082.506
10082.507
10082.508
10082.509
10082.510
10082.511
10085.001
10085.002
10085.003
10085.004
10085.005
10085.006
10085.007
10085.008
10085.009
10085.010
10085.011
10087.501
10087.502
10087.503
10087.504
10087.505
10087.506
10087.507
10087.508
10087.509
10087.510
10087.511
10090.001
10090.002
10090.003
10090.004
10090.005
10090.006
10090.007
10090.008
10090.009
10090.010
10090.011
10092.501
10092.502
10092.503
10092.504
10092.505
10092.506
10092.507
10092.508
10092.509
10092.510
10092.511
10095.001
10095.002
10095.003
10095.004
10095.005
10095.006
10095.007
10095.008
10095.009
10095.010
10095.011
10097.501
10097.502
10097.503
10097.504
10097.505
10097.506
10097.507
10097.508
10097.509
10097.510
10097.511
10100.001
10100.002
10100.003
10100.004
10100.005
10100.006
10100.007
10100.008
10100.009
10100.010
10100.011
10102.501
10102.502
10102.503
10102.504
10102.505
10102.506
10102.507
10102.508
10102.509
10102.510
10102.511
10105.001
10105.002
10105.003
10105.004
10105.005
10105.006
10105.007
10105.008
10105.009
10105.010
10105.011
10107.501
10107.502
10107.503
10107.504
10107.505
10107.506
10107.507
10107.508
10107.509
10107.510
10107.511
10110.001
10110.002
10110.003
10110.004
10110.005
10110.006
10110.007
10110.008
10110.009
10110.010
10110.011
10112.501
10112.502
10112.503
10112.504
10112.505
10112.506
10112.507
10112.508
10112.509
10112.510
10112.511
10115.001
10115.002
10115.003
10115.004
10115.005
10115.006
10115.007
10115.008
10115.009
10115.010
10115.011
10117.501
10117.502
10117.503
10117.504
10117.505
10117.506
10117.507
10117.508
10117.509
10117.510
10117.511
10120.001
10120.002
10120.003
10120.004
10120.005
10120.006
10120.007
10120.008
10120.009
10120.010
10120.011
10122.501
10122.502
10122.503
10122.504
10122.505
10122.506
10122.507
10122.508
10122.509
10122.510
10122.511
10125.001
10125.002
10125.003
10125.004
10125.005
10125.006
10125.007
10125.008
10125.009
10125.010
10125.011
10127.501
10127.502
10127.503
10127.504
10127.505
10127.506
10127.507
10127.508
10127.509
10127.510
10127.511
10130.001
10130.002
10130.003
10130.004
10130.005
10130.006
10130.007
10130.008
10130.009
10130.010
10130.011
10132.501
10132.502
10132.503
10132.504
10132.505
10132.506
10132.507
10132.508
10132.509
10132.510
10132.511
10135.001
10135.002
10135.003
10135.004
10135.005
10135.006
10135.007
10135.008
10135.009
10135.010
10135.011
10137.501
10137.502
10137.503
10137.504
10137.505
10137.506
10137.507
10137.508
10137.509
10137.510
10137.511
10140.001
10140.002
10140.003
10140.004
10140.005
10140.006
10140.007
10140.008
10140.009
10140.010
10140.011
10142.501
10142.502
10142.503
10142.504
10142.505
10142.506
10142.507
10142.508
10142.509
10142.510
10142.511
10145.001
10145.002
10145.003
10145.004
10145.005
10145.006
10145.007
10145.008
10145.009
10145.010
10145.011
10147.501
10147.502
10147.503
10147.504
10147.505
10147.506
10147.507
10147.508
10147.509
10147.510
10147.511
10150.001
10150.002
10150.003
10150.004
10150.005
10150.006
10150.007
10150.008
10150.009
10150.010
10150.011
10152.501
10152.502
10152.503
10152.504
10152.505
10152.506
10152.507
10152.508
10152.509
10152.510
10152.511
10155.001
10155.002
10155.003
10155.004
10155.005
10155.006
10155.007
10155.008
10155.009
10155.010
10155.011
11080.001
11080.002
11080.003
11080.004
11080.005
11080.006
11080.007
11080.008
11080.009
11080.010
11080.011
11082.501
11082.502
11082.503
11082.504
11082.505
11082.506
11082.507
11082.508
11082.509
11082.510
11082.511
11085.001
11085.002
11085.003
11085.004
11085.005
11085.006
11085.007
11085.008
11085.009
11085.010
11085.011
11087.501
11087.502
11087.503
11087.504
11087.505
11087.506
11087.507
11087.508
11087.509
11087.510
11087.511
11090.001
11090.002
11090.003
11090.004
11090.005
11090.006
11090.007
11090.008
11090.009
11090.010
11090.011
11092.501
11092.502
11092.503
11092.504
11092.505
11092.506
11092.507
11092.508
11092.509
11092.510
11092.511
11095.001
11095.002
11095.003
11095.004
11095.005
11095.006
11095.007
11095.008
11095.009
11095.010
11095.011
11097.501
11097.502
11097.503
11097.504
11097.505
11097.506
11097.507
11097.508
11097.509
11097.510
11097.511
11100.001
11100.002
11100.003
11100.004
11100.005
11100.006
11100.007
11100.008
11100.009
11100.010
11100.011
11102.501
11102.502
11102.503
11102.504
11102.505
11102.506
11102.507
11102.508
11102.509
11102.510
11102.511
11105.001
11105.002
11105.003
11105.004
11105.005
11105.006
11105.007
11105.008
11105.009
11105.010
11105.011
11107.501
11107.502
11107.503
11107.504
11107.505
11107.506
11107.507
11107.508
11107.509
11107.510
11107.511
11110.001
11110.002
11110.003
11110.004
11110.005
11110.006
11110.007
11110.008
11110.009
11110.010
11110.011
11112.501
11112.502
11112.503
11112.504
11112.505
11112.506
11112.507
11112.508
11112.509
11112.510
11112.511
11115.001
11115.002
11115.003
11115.004
11115.005
11115.006
11115.007
11115.008
11115.009
11115.010
11115.011
11117.501
11117.502
11117.503
11117.504
11117.505
11117.506
11117.507
11117.508
11117.509
11117.510
11117.511
11120.001
11120.002
11120.003
11120.004
11120.005
11120.006
11120.007
11120.008
11120.009
11120.010
11120.011
11122.501
11122.502
11122.503
11122.504
11122.505
11122.506
11122.507
11122.508
11122.509
11122.510
11122.511
11125.001
11125.002
11125.003
11125.004
11125.005
11125.006
11125.007
11125.008
11125.009
11125.010
11125.011
11127.501
11127.502
11127.503
11127.504
11127.505
11127.506
11127.507
11127.508
11127.509
11127.510
11127.511
11130.001
11130.002
11130.003
11130.004
11130.005
11130.006
11130.007
11130.008
11130.009
11130.010
11130.011
11132.501
11132.502
11132.503
11132.504
11132.505
11132.506
11132.507
11132.508
11132.509
11132.510
11132.511
11135.001
11135.002
11135.003
11135.004
11135.005
11135.006
11135.007
11135.008
11135.009
11135.010
11135.011
11137.501
11137.502
11137.503
11137.504
11137.505
11137.506
11137.507
11137.508
11137.509
11137.510
11137.511
11140.001
11140.002
11140.003
11140.004
11140.005
11140.006
11140.007
11140.008
11140.009
11140.010
11140.011
11142.501
11142.502
11142.503
11142.504
11142.505
11142.506
11142.507
11142.508
11142.509
11142.510
11142.511
11145.001
11145.002
11145.003
11145.004
11145.005
11145.006
11145.007
11145.008
11145.009
11145.010
11145.011
11147.501
11147.502
11147.503
11147.504
11147.505
11147.506
11147.507
11147.508
11147.509
11147.510
11147.511
11150.001
11150.002
11150.003
11150.004
11150.005
11150.006
11150.007
11150.008
11150.009
11150.010
11150.011
11152.501
11152.502
11152.503
11152.504
11152.505
11152.506
11152.507
11152.508
11152.509
11152.510
11152.511
11155.001
11155.002
11155.003
11155.004
11155.005
11155.006
11155.007
11155.008
11155.009
11155.010
11155.011
12080.001
12080.002
12080.003
12080.004
12080.005
12080.006
12080.007
12080.008
12080.009
12080.010
12080.011
12082.501
12082.502
12082.503
12082.504
12082.505
12082.506
12082.507
12082.508
12082.509
12082.510
12082.511
12085.001
12085.002
12085.003
12085.004
12085.005
12085.006
12085.007
12085.008
12085.009
12085.010
12085.011
12087.501
12087.502
12087.503
12087.504
12087.505
12087.506
12087.507
12087.508
12087.509
12087.510
12087.511
12090.001
12090.002
12090.003
12090.004
12090.005
12090.006
12090.007
12090.008
12090.009
12090.010
12090.011
12092.501
12092.502
12092.503
12092.504
12092.505
12092.506
12092.507
12092.508
12092.509
12092.510
12092.511
12095.001
12095.002
12095.003
12095.004
12095.005
12095.006
12095.007
12095.008
12095.009
12095.010
12095.011
13080.001
13080.002
13080.003
13080.004
13080.005
13080.006
13080.007
13080.008
13080.009
13080.010
13080.011
13082.501
13082.502
13082.503
13082.504
13082.505
13082.506
13082.507
13082.508
13082.509
13082.510
13082.511
13085.001
13085.002
13085.003
13085.004
13085.005
13085.006
13085.007
13085.008
13085.009
13085.010
13085.011
13087.501
13087.502
13087.503
13087.504
13087.505
13087.506
13087.507
13087.508
13087.509
13087.510
13087.511
13090.001
13090.002
13090.003
13090.004
13090.005
13090.006
13090.007
13090.008
13090.009
13090.010
13090.011
13092.501
13092.502
13092.503
13092.504
13092.505
13092.506
13092.507
13092.508
13092.509
13092.510
13092.511
13095.001
13095.002
13095.003
13095.004
13095.005
13095.006
13095.007
13095.008
13095.009
13095.010
13095.011
13097.501
13097.502
13097.503
13097.504
13097.505
13097.506
13097.507
13097.508
13097.509
13097.510
13097.511
13100.001
13100.002
13100.003
13100.004
13100.005
13100.006
13100.007
13100.008
13100.009
13100.010
13100.011
13102.501
13102.502
13102.503
13102.504
13102.505
13102.506
13102.507
13102.508
13102.509
13102.510
13102.511
13105.001
13105.002
13105.003
13105.004
13105.005
13105.006
13105.007
13105.008
13105.009
13105.010
13105.011
13107.501
13107.502
13107.503
13107.504
13107.505
13107.506
13107.507
13107.508
13107.509
13107.510
13107.511
13110.001
13110.002
13110.003
13110.004
13110.005
13110.006
13110.007
13110.008
13110.009
13110.010
13110.011
13112.501
13112.502
13112.503
13112.504
13112.505
13112.506
13112.507
13112.508
13112.509
13112.510
13112.511
13115.001
13115.002
13115.003
13115.004
13115.005
13115.006
13115.007
13115.008
13115.009
13115.010
13115.011
13117.501
13117.502
13117.503
13117.504
13117.505
13117.506
13117.507
13117.508
13117.509
13117.510
13117.511
13120.001
13120.002
13120.003
13120.004
13120.005
13120.006
13120.007
13120.008
13120.009
13120.010
13120.011
13122.501
13122.502
13122.503
13122.504
13122.505
13122.506
13122.507
13122.508
13122.509
13122.510
13122.511
13125.001
13125.002
13125.003
13125.004
13125.005
13125.006
13125.007
13125.008
13125.009
13125.010
13125.011
13127.501
13127.502
13127.503
13127.504
13127.505
13127.506
13127.507
13127.508
13127.509
13127.510
13127.511
13130.001
13130.002
13130.003
13130.004
13130.005
13130.006
13130.007
13130.008
13130.009
13130.010
13130.011
13132.501
13132.502
13132.503
13132.504
13132.505
13132.506
13132.507
13132.508
13132.509
13132.510
13132.511
13135.001
13135.002
13135.003
13135.004
13135.005
13135.006
13135.007
13135.008
13135.009
13135.010
13135.011
13137.501
13137.502
13137.503
13137.504
13137.505
13137.506
13137.507
13137.508
13137.509
13137.510
13137.511
13140.001
13140.002
13140.003
13140.004
13140.005
13140.006
13140.007
13140.008
13140.009
13140.010
13140.011
13142.501
13142.502
13142.503
13142.504
13142.505
13142.506
13142.507
13142.508
13142.509
13142.510
13142.511
13145.001
13145.002
13145.003
13145.004
13145.005
13145.006
13145.007
13145.008
13145.009
13145.010
13145.011
13147.501
13147.502
13147.503
13147.504
13147.505
13147.506
13147.507
13147.508
13147.509
13147.510
13147.511
13150.001
13150.002
13150.003
13150.004
13150.005
13150.006
13150.007
13150.008
13150.009
13150.010
13150.011
13152.501
13152.502
13152.503
13152.504
13152.505
13152.506
13152.507
13152.508
13152.509
13152.510
13152.511
13155.001
13155.002
13155.003
13155.004
13155.005
13155.006
13155.007
13155.008
13155.009
13155.010
13155.011
14080.001
14080.002
14080.003
14080.004
14080.005
14080.006
14080.007
14080.008
14080.009
14080.010
14080.011
14082.501
14082.502
14082.503
14082.504
14082.505
14082.506
14082.507
14082.508
14082.509
14082.510
14082.511
14085.001
14085.002
14085.003
14085.004
14085.005
14085.006
14085.007
14085.008
14085.009
14085.010
14085.011
14087.501
14087.502
14087.503
14087.504
14087.505
14087.506
14087.507
14087.508
14087.509
14087.510
14087.511
14090.001
14090.002
14090.003
14090.004
14090.005
14090.006
14090.007
14090.008
14090.009
14090.010
14090.011
14092.501
14092.502
14092.503
14092.504
14092.505
14092.506
14092.507
14092.508
14092.509
14092.510
14092.511
14095.001
14095.002
14095.003
14095.004
14095.005
14095.006
14095.007
14095.008
14095.009
14095.010
14095.011
14097.501
14097.502
14097.503
14097.504
14097.505
14097.506
14097.507
14097.508
14097.509
14097.510
14097.511
14100.001
14100.002
14100.003
14100.004
14100.005
14100.006
14100.007
14100.008
14100.009
14100.010
14100.011
14102.501
14102.502
14102.503
14102.504
14102.505
14102.506
14102.507
14102.508
14102.509
14102.510
14102.511
14105.001
14105.002
14105.003
14105.004
14105.005
14105.006
14105.007
14105.008
14105.009
14105.010
14105.011
14107.501
14107.502
14107.503
14107.504
14107.505
14107.506
14107.507
14107.508
14107.509
14107.510
14107.511
14110.001
14110.002
14110.003
14110.004
14110.005
14110.006
14110.007
14110.008
14110.009
14110.010
14110.011
14112.501
14112.502
14112.503
14112.504
14112.505
14112.506
14112.507
14112.508
14112.509
14112.510
14112.511
14115.001
14115.002
14115.003
14115.004
14115.005
14115.006
14115.007
14115.008
14115.009
14115.010
14115.011
14117.501
14117.502
14117.503
14117.504
14117.505
14117.506
14117.507
14117.508
14117.509
14117.510
14117.511
14120.001
14120.002
14120.003
14120.004
14120.005
14120.006
14120.007
14120.008
14120.009
14120.010
14120.011
14122.501
14122.502
14122.503
14122.504
14122.505
14122.506
14122.507
14122.508
14122.509
14122.510
14122.511
14125.001
14125.002
14125.003
14125.004
14125.005
14125.006
14125.007
14125.008
14125.009
14125.010
14125.011
14127.501
14127.502
14127.503
14127.504
14127.505
14127.506
14127.507
14127.508
14127.509
14127.510
14127.511
14130.001
14130.002
14130.003
14130.004
14130.005
14130.006
14130.007
14130.008
14130.009
14130.010
14130.011
14132.501
14132.502
14132.503
14132.504
14132.505
14132.506
14132.507
14132.508
14132.509
14132.510
14132.511
14135.001
14135.002
14135.003
14135.004
14135.005
14135.006
14135.007
14135.008
14135.009
14135.010
14135.011
14137.501
14137.502
14137.503
14137.504
14137.505
14137.506
14137.507
14137.508
14137.509
14137.510
14137.511
14140.001
14140.002
14140.003
14140.004
14140.005
14140.006
14140.007
14140.008
14140.009
14140.010
14140.011
14142.501
14142.502
14142.503
14142.504
14142.505
14142.506
14142.507
14142.508
14142.509
14142.510
14142.511
14145.001
14145.002
14145.003
14145.004
14145.005
14145.006
14145.007
14145.008
14145.009
14145.010
14145.011
14147.501
14147.502
14147.503
14147.504
14147.505
14147.506
14147.507
14147.508
14147.509
14147.510
14147.511
14150.001
14150.002
14150.003
14150.004
14150.005
14150.006
14150.007
14150.008
14150.009
14150.010
14150.011
14152.501
14152.502
14152.503
14152.504
14152.505
14152.506
14152.507
14152.508
14152.509
14152.510
14152.511
14155.001
14155.002
14155.003
14155.004
14155.005
14155.006
14155.007
14155.008
14155.009
14155.010
14155.011
15080.001
15080.002
15080.003
15080.004
15080.005
15080.006
15080.007
15080.008
15080.009
15080.010
15080.011
15082.501
15082.502
15082.503
15082.504
15082.505
15082.506
15082.507
15082.508
15082.509
15082.510
15082.511
15085.001
15085.002
15085.003
15085.004
15085.005
15085.006
15085.007
15085.008
15085.009
15085.010
15085.011
15087.501
15087.502
15087.503
15087.504
15087.505
15087.506
15087.507
15087.508
15087.509
15087.510
15087.511
15090.001
15090.002
15090.003
15090.004
15090.005
15090.006
15090.007
15090.008
15090.009
15090.010
15090.011
15092.501
15092.502
15092.503
15092.504
15092.505
15092.506
15092.507
15092.508
15092.509
15092.510
15092.511
15095.001
15095.002
15095.003
15095.004
15095.005
15095.006
15095.007
15095.008
15095.009
15095.010
15095.011
15097.501
15097.502
15097.503
15097.504
15097.505
15097.506
15097.507
15097.508
15097.509
15097.510
15097.511
15100.001
15100.002
15100.003
15100.004
15100.005
15100.006
15100.007
15100.008
15100.009
15100.010
15100.011
15102.501
15102.502
15102.503
15102.504
15102.505
15102.506
15102.507
15102.508
15102.509
15102.510
15102.511
15105.001
15105.002
15105.003
15105.004
15105.005
15105.006
15105.007
15105.008
15105.009
15105.010
15105.011
15107.501
15107.502
15107.503
15107.504
15107.505
15107.506
15107.507
15107.508
15107.509
15107.510
15107.511
15110.001
15110.002
15110.003
15110.004
15110.005
15110.006
15110.007
15110.008
15110.009
15110.010
15110.011
15112.501
15112.502
15112.503
15112.504
15112.505
15112.506
15112.507
15112.508
15112.509
15112.510
15112.511
15115.001
15115.002
15115.003
15115.004
15115.005
15115.006
15115.007
15115.008
15115.009
15115.010
15115.011
15117.501
15117.502
15117.503
15117.504
15117.505
15117.506
15117.507
15117.508
15117.509
15117.510
15117.511
15120.001
15120.002
15120.003
15120.004
15120.005
15120.006
15120.007
15120.008
15120.009
15120.010
15120.011
15122.501
15122.502
15122.503
15122.504
15122.505
15122.506
15122.507
15122.508
15122.509
15122.510
15122.511
15125.001
15125.002
15125.003
15125.004
15125.005
15125.006
15125.007
15125.008
15125.009
15125.010
15125.011
15127.501
15127.502
15127.503
15127.504
15127.505
15127.506
15127.507
15127.508
15127.509
15127.510
15127.511
15130.001
15130.002
15130.003
15130.004
15130.005
15130.006
15130.007
15130.008
15130.009
15130.010
15130.011
15132.501
15132.502
15132.503
15132.504
15132.505
15132.506
15132.507
15132.508
15132.509
15132.510
15132.511
15135.001
15135.002
15135.003
15135.004
15135.005
15135.006
15135.007
15135.008
15135.009
15135.010
15135.011
15137.501
15137.502
15137.503
15137.504
15137.505
15137.506
15137.507
15137.508
15137.509
15137.510
15137.511
15140.001
15140.002
15140.003
15140.004
15140.005
15140.006
15140.007
15140.008
15140.009
15140.010
15140.011
15142.501
15142.502
15142.503
15142.504
15142.505
15142.506
15142.507
15142.508
15142.509
15142.510
15142.511
15145.001
15145.002
15145.003
15145.004
15145.005
15145.006
15145.007
15145.008
15145.009
15145.010
15145.011
15147.501
15147.502
15147.503
15147.504
15147.505
15147.506
15147.507
15147.508
15147.509
15147.510
15147.511
15150.001
15150.002
15150.003
15150.004
15150.005
15150.006
15150.007
15150.008
15150.009
15150.010
15150.011
15152.501
15152.502
15152.503
15152.504
15152.505
15152.506
15152.507
15152.508
15152.509
15152.510
15152.511
15155.001
15155.002
15155.003
15155.004
15155.005
15155.006
15155.007
15155.008
15155.009
15155.010
15155.011
16080.001
16080.002
16080.003
16080.004
16080.005
16080.006
16080.007
16080.008
16080.009
16080.010
16080.011
16082.501
16082.502
16082.503
16082.504
16082.505
16082.506
16082.507
16082.508
16082.509
16082.510
16082.511
16085.001
16085.002
16085.003
16085.004
16085.005
16085.006
16085.007
16085.008
16085.009
16085.010
16085.011
16087.501
16087.502
16087.503
16087.504
16087.505
16087.506
16087.507
16087.508
16087.509
16087.510
16087.511
16090.001
16090.002
16090.003
16090.004
16090.005
16090.006
16090.007
16090.008
16090.009
16090.010
16090.011
16092.501
16092.502
16092.503
16092.504
16092.505
16092.506
16092.507
16092.508
16092.509
16092.510
16092.511
16095.001
16095.002
16095.003
16095.004
16095.005
16095.006
16095.007
16095.008
16095.009
16095.010
16095.011
16097.501
16097.502
16097.503
16097.504
16097.505
16097.506
16097.507
16097.508
16097.509
16097.510
16097.511
16100.001
16100.002
16100.003
16100.004
16100.005
16100.006
16100.007
16100.008
16100.009
16100.010
16100.011
16102.501
16102.502
16102.503
16102.504
16102.505
16102.506
16102.507
16102.508
16102.509
16102.510
16102.511
16105.001
16105.002
16105.003
16105.004
16105.005
16105.006
16105.007
16105.008
16105.009
16105.010
16105.011
16107.501
16107.502
16107.503
16107.504
16107.505
16107.506
16107.507
16107.508
16107.509
16107.510
16107.511
16110.001
16110.002
16110.003
16110.004
16110.005
16110.006
16110.007
16110.008
16110.009
16110.010
16110.011
16112.501
16112.502
16112.503
16112.504
16112.505
16112.506
16112.507
16112.508
16112.509
16112.510
16112.511
16115.001
16115.002
16115.003
16115.004
16115.005
16115.006
16115.007
16115.008
16115.009
16115.010
16115.011
16117.501
16117.502
16117.503
16117.504
16117.505
16117.506
16117.507
16117.508
16117.509
16117.510
16117.511
16120.001
16120.002
16120.003
16120.004
16120.005
16120.006
16120.007
16120.008
16120.009
16120.010
16120.011
16122.501
16122.502
16122.503
16122.504
16122.505
16122.506
16122.507
16122.508
16122.509
16122.510
16122.511
16125.001
16125.002
16125.003
16125.004
16125.005
16125.006
16125.007
16125.008
16125.009
16125.010
16125.011
16127.501
16127.502
16127.503
16127.504
16127.505
16127.506
16127.507
16127.508
16127.509
16127.510
16127.511
16130.001
16130.002
16130.003
16130.004
16130.005
16130.006
16130.007
16130.008
16130.009
16130.010
16130.011
16132.501
16132.502
16132.503
16132.504
16132.505
16132.506
16132.507
16132.508
16132.509
16132.510
16132.511
16135.001
16135.002
16135.003
16135.004
16135.005
16135.006
16135.007
16135.008
16135.009
16135.010
16135.011
16137.501
16137.502
16137.503
16137.504
16137.505
16137.506
16137.507
16137.508
16137.509
16137.510
16137.511
16140.001
16140.002
16140.003
16140.004
16140.005
16140.006
16140.007
16140.008
16140.009
16140.010
16140.011
16142.501
16142.502
16142.503
16142.504
16142.505
16142.506
16142.507
16142.508
16142.509
16142.510
16142.511
16145.001
16145.002
16145.003
16145.004
16145.005
16145.006
16145.007
16145.008
16145.009
16145.010
16145.011
16147.501
16147.502
16147.503
16147.504
16147.505
16147.506
16147.507
16147.508
16147.509
16147.510
16147.511
16150.001
16150.002
16150.003
16150.004
16150.005
16150.006
16150.007
16150.008
16150.009
16150.010
16150.011
16152.501
16152.502
16152.503
16152.504
16152.505
16152.506
16152.507
16152.508
16152.509
16152.510
16152.511
16155.001
16155.002
16155.003
16155.004
16155.005
16155.006
16155.007
16155.008
16155.009
16155.010
16155.011
17080.001
17080.002
17080.003
17080.004
17080.005
17080.006
17080.007
17080.008
17080.009
17080.010
17080.011
17082.501
17082.502
17082.503
17082.504
17082.505
17082.506
17082.507
17082.508
17082.509
17082.510
17082.511
17085.001
17085.002
17085.003
17085.004
17085.005
17085.006
17085.007
17085.008
17085.009
17085.010
17085.011
17087.501
17087.502
17087.503
17087.504
17087.505
17087.506
17087.507
17087.508
17087.509
17087.510
17087.511
17090.001
17090.002
17090.003
17090.004
17090.005
17090.006
17090.007
17090.008
17090.009
17090.010
17090.011
17092.501
17092.502
17092.503
17092.504
17092.505
17092.506
17092.507
17092.508
17092.509
17092.510
17092.511
17095.001
17095.002
17095.003
17095.004
17095.005
17095.006
17095.007
17095.008
17095.009
17095.010
17095.011
17097.501
17097.502
17097.503
17097.504
17097.505
17097.506
17097.507
17097.508
17097.509
17097.510
17097.511
17100.001
17100.002
17100.003
17100.004
17100.005
17100.006
17100.007
17100.008
17100.009
17100.010
17100.011
17102.501
17102.502
17102.503
17102.504
17102.505
17102.506
17102.507
17102.508
17102.509
17102.510
17102.511
17105.001
17105.002
17105.003
17105.004
17105.005
17105.006
17105.007
17105.008
17105.009
17105.010
17105.011
17107.501
17107.502
17107.503
17107.504
17107.505
17107.506
17107.507
17107.508
17107.509
17107.510
17107.511
17110.001
17110.002
17110.003
17110.004
17110.005
17110.006
17110.007
17110.008
17110.009
17110.010
17110.011
17112.501
17112.502
17112.503
17112.504
17112.505
17112.506
17112.507
17112.508
17112.509
17112.510
17112.511
17115.001
17115.002
17115.003
17115.004
17115.005
17115.006
17115.007
17115.008
17115.009
17115.010
17115.011
17117.501
17117.502
17117.503
17117.504
17117.505
17117.506
17117.507
17117.508
17117.509
17117.510
17117.511
17120.001
17120.002
17120.003
17120.004
17120.005
17120.006
17120.007
17120.008
17120.009
17120.010
17120.011
17122.501
17122.502
17122.503
17122.504
17122.505
17122.506
17122.507
17122.508
17122.509
17122.510
17122.511
17125.001
17125.002
17125.003
17125.004
17125.005
17125.006
17125.007
17125.008
17125.009
17125.010
17125.011
17127.501
17127.502
17127.503
17127.504
17127.505
17127.506
17127.507
17127.508
17127.509
17127.510
17127.511
17130.001
17130.002
17130.003
17130.004
17130.005
17130.006
17130.007
17130.008
17130.009
17130.010
17130.011
17132.501
17132.502
17132.503
17132.504
17132.505
17132.506
17132.507
17132.508
17132.509
17132.510
17132.511
17135.001
17135.002
17135.003
17135.004
17135.005
17135.006
17135.007
17135.008
17135.009
17135.010
17135.011
17137.501
17137.502
17137.503
17137.504
17137.505
17137.506
17137.507
17137.508
17137.509
17137.510
17137.511
17140.001
17140.002
17140.003
17140.004
17140.005
17140.006
17140.007
17140.008
17140.009
17140.010
17140.011
17142.501
17142.502
17142.503
17142.504
17142.505
17142.506
17142.507
17142.508
17142.509
17142.510
17142.511
17145.001
17145.002
17145.003
17145.004
17145.005
17145.006
17145.007
17145.008
17145.009
17145.010
17145.011
17147.501
17147.502
17147.503
17147.504
17147.505
17147.506
17147.507
17147.508
17147.509
17147.510
17147.511
17150.001
17150.002
17150.003
17150.004
17150.005
17150.006
17150.007
17150.008
17150.009
17150.010
17150.011
17152.501
17152.502
17152.503
17152.504
17152.505
17152.506
17152.507
17152.508
17152.509
17152.510
17152.511
17155.001
17155.002
17155.003
17155.004
17155.005
17155.006
17155.007
17155.008
17155.009
17155.010
17155.011
18080.001
18080.002
18080.003
18080.004
18080.005
18080.006
18080.007
18080.008
18080.009
18080.010
18080.011
18082.501
18082.502
18082.503
18082.504
18082.505
18082.506
18082.507
18082.508
18082.509
18082.510
18082.511
18085.001
18085.002
18085.003
18085.004
18085.005
18085.006
18085.007
18085.008
18085.009
18085.010
18085.011
18087.501
18087.502
18087.503
18087.504
18087.505
18087.506
18087.507
18087.508
18087.509
18087.510
18087.511
18090.001
18090.002
18090.003
18090.004
18090.005
18090.006
18090.007
18090.008
18090.009
18090.010
18090.011
18092.501
18092.502
18092.503
18092.504
18092.505
18092.506
18092.507
18092.508
18092.509
18092.510
18092.511
18095.001
18095.002
18095.003
18095.004
18095.005
18095.006
18095.007
18095.008
18095.009
18095.010
18095.011
18097.501
18097.502
18097.503
18097.504
18097.505
18097.506
18097.507
18097.508
18097.509
18097.510
18097.511
18100.001
18100.002
18100.003
18100.004
18100.005
18100.006
18100.007
18100.008
18100.009
18100.010
18100.011
18102.501
18102.502
18102.503
18102.504
18102.505
18102.506
18102.507
18102.508
18102.509
18102.510
18102.511
18105.001
18105.002
18105.003
18105.004
18105.005
18105.006
18105.007
18105.008
18105.009
18105.010
18105.011
18107.501
18107.502
18107.503
18107.504
18107.505
18107.506
18107.507
18107.508
18107.509
18107.510
18107.511
18110.001
18110.002
18110.003
18110.004
18110.005
18110.006
18110.007
18110.008
18110.009
18110.010
18110.011
18112.501
18112.502
18112.503
18112.504
18112.505
18112.506
18112.507
18112.508
18112.509
18112.510
18112.511
18115.001
18115.002
18115.003
18115.004
18115.005
18115.006
18115.007
18115.008
18115.009
18115.010
18115.011
18117.501
18117.502
18117.503
18117.504
18117.505
18117.506
18117.507
18117.508
18117.509
18117.510
18117.511
18120.001
18120.002
18120.003
18120.004
18120.005
18120.006
18120.007
18120.008
18120.009
18120.010
18120.011
18122.501
18122.502
18122.503
18122.504
18122.505
18122.506
18122.507
18122.508
18122.509
18122.510
18122.511
18125.001
18125.002
18125.003
18125.004
18125.005
18125.006
18125.007
18125.008
18125.009
18125.010
18125.011
20080.001
20080.002
20080.003
20080.004
20080.005
20080.006
20080.007
20080.008
20080.009
20080.010
20080.011
20082.501
20082.502
20082.503
20082.504
20082.505
20082.506
20082.507
20082.508
20082.509
20082.510
20082.511
20085.001
20085.002
20085.003
20085.004
20085.005
20085.006
20085.007
20085.008
20085.009
20085.010
20085.011
20087.501
20087.502
20087.503
20087.504
20087.505
20087.506
20087.507
20087.508
20087.509
20087.510
20087.511
20090.001
20090.002
20090.003
20090.004
20090.005
20090.006
20090.007
20090.008
20090.009
20090.010
20090.011
20092.501
20092.502
20092.503
20092.504
20092.505
20092.506
20092.507
20092.508
20092.509
20092.510
20092.511
20095.001
20095.002
20095.003
20095.004
20095.005
20095.006
20095.007
20095.008
20095.009
20095.010
20095.011
20097.501
20097.502
20097.503
20097.504
20097.505
20097.506
20097.507
20097.508
20097.509
20097.510
20097.511
20100.001
20100.002
20100.003
20100.004
20100.005
20100.006
20100.007
20100.008
20100.009
20100.010
20100.011
20102.501
20102.502
20102.503
20102.504
20102.505
20102.506
20102.507
20102.508
20102.509
20102.510
20102.511
20105.001
20105.002
20105.003
20105.004
20105.005
20105.006
20105.007
20105.008
20105.009
20105.010
20105.011
20107.501
20107.502
20107.503
20107.504
20107.505
20107.506
20107.507
20107.508
20107.509
20107.510
20107.511
20110.001
20110.002
20110.003
20110.004
20110.005
20110.006
20110.007
20110.008
20110.009
20110.010
20110.011
20112.501
20112.502
20112.503
20112.504
20112.505
20112.506
20112.507
20112.508
20112.509
20112.510
20112.511
20115.001
20115.002
20115.003
20115.004
20115.005
20115.006
20115.007
20115.008
20115.009
20115.010
20115.011
20117.501
20117.502
20117.503
20117.504
20117.505
20117.506
20117.507
20117.508
20117.509
20117.510
20117.511
20120.001
20120.002
20120.003
20120.004
20120.005
20120.006
20120.007
20120.008
20120.009
20120.010
20120.011
20122.501
20122.502
20122.503
20122.504
20122.505
20122.506
20122.507
20122.508
20122.509
20122.510
20122.511
20125.001
20125.002
20125.003
20125.004
20125.005
20125.006
20125.007
20125.008
20125.009
20125.010
20125.011
20127.501
20127.502
20127.503
20127.504
20127.505
20127.506
20127.507
20127.508
20127.509
20127.510
20127.511
20130.001
20130.002
20130.003
20130.004
20130.005
20130.006
20130.007
20130.008
20130.009
20130.010
20130.011
20132.501
20132.502
20132.503
20132.504
20132.505
20132.506
20132.507
20132.508
20132.509
20132.510
20132.511
20135.001
20135.002
20135.003
20135.004
20135.005
20135.006
20135.007
20135.008
20135.009
20135.010
20135.011
20137.501
20137.502
20137.503
20137.504
20137.505
20137.506
20137.507
20137.508
20137.509
20137.510
20137.511
20140.001
20140.002
20140.003
20140.004
20140.005
20140.006
20140.007
20140.008
20140.009
20140.010
20140.011
20142.501
20142.502
20142.503
20142.504
20142.505
20142.506
20142.507
20142.508
20142.509
20142.510
20142.511
20145.001
20145.002
20145.003
20145.004
20145.005
20145.006
20145.007
20145.008
20145.009
20145.010
20145.011
20147.501
20147.502
20147.503
20147.504
20147.505
20147.506
20147.507
20147.508
20147.509
20147.510
20147.511
20150.001
20150.002
20150.003
20150.004
20150.005
20150.006
20150.007
20150.008
20150.009
20150.010
20150.011
20152.501
20152.502
20152.503
20152.504
20152.505
20152.506
20152.507
20152.508
20152.509
20152.510
20152.511
20155.001
20155.002
20155.003
20155.004
20155.005
20155.006
20155.007
20155.008
20155.009
20155.010
20155.011
21080.001
21080.002
21080.003
21080.004
21080.005
21080.006
21080.007
21080.008
21080.009
21080.010
21080.011
21082.501
21082.502
21082.503
21082.504
21082.505
21082.506
21082.507
21082.508
21082.509
21082.510
21082.511
21085.001
21085.002
21085.003
21085.004
21085.005
21085.006
21085.007
21085.008
21085.009
21085.010
21085.011
21087.501
21087.502
21087.503
21087.504
21087.505
21087.506
21087.507
21087.508
21087.509
21087.510
21087.511
21090.001
21090.002
21090.003
21090.004
21090.005
21090.006
21090.007
21090.008
21090.009
21090.010
21090.011
21092.501
21092.502
21092.503
21092.504
21092.505
21092.506
21092.507
21092.508
21092.509
21092.510
21092.511
21095.001
21095.002
21095.003
21095.004
21095.005
21095.006
21095.007
21095.008
21095.009
21095.010
21095.011
21097.501
21097.502
21097.503
21097.504
21097.505
21097.506
21097.507
21097.508
21097.509
21097.510
21097.511
21100.001
21100.002
21100.003
21100.004
21100.005
21100.006
21100.007
21100.008
21100.009
21100.010
21100.011
21102.501
21102.502
21102.503
21102.504
21102.505
21102.506
21102.507
21102.508
21102.509
21102.510
21102.511
21105.001
21105.002
21105.003
21105.004
21105.005
21105.006
21105.007
21105.008
21105.009
21105.010
21105.011
21107.501
21107.502
21107.503
21107.504
21107.505
21107.506
21107.507
21107.508
21107.509
21107.510
21107.511
21110.001
21110.002
21110.003
21110.004
21110.005
21110.006
21110.007
21110.008
21110.009
21110.010
21110.011
21112.501
21112.502
21112.503
21112.504
21112.505
21112.506
21112.507
21112.508
21112.509
21112.510
21112.511
21115.001
21115.002
21115.003
21115.004
21115.005
21115.006
21115.007
21115.008
21115.009
21115.010
21115.011
21117.501
21117.502
21117.503
21117.504
21117.505
21117.506
21117.507
21117.508
21117.509
21117.510
21117.511
21120.001
21120.002
21120.003
21120.004
21120.005
21120.006
21120.007
21120.008
21120.009
21120.010
21120.011
21122.501
21122.502
21122.503
21122.504
21122.505
21122.506
21122.507
21122.508
21122.509
21122.510
21122.511
21125.001
21125.002
21125.003
21125.004
21125.005
21125.006
21125.007
21125.008
21125.009
21125.010
21125.011
21127.501
21127.502
21127.503
21127.504
21127.505
21127.506
21127.507
21127.508
21127.509
21127.510
21127.511
21130.001
21130.002
21130.003
21130.004
21130.005
21130.006
21130.007
21130.008
21130.009
21130.010
21130.011
21132.501
21132.502
21132.503
21132.504
21132.505
21132.506
21132.507
21132.508
21132.509
21132.510
21132.511
21135.001
21135.002
21135.003
21135.004
21135.005
21135.006
21135.007
21135.008
21135.009
21135.010
21135.011
21137.501
21137.502
21137.503
21137.504
21137.505
21137.506
21137.507
21137.508
21137.509
21137.510
21137.511
21140.001
21140.002
21140.003
21140.004
21140.005
21140.006
21140.007
21140.008
21140.009
21140.010
21140.011
21142.501
21142.502
21142.503
21142.504
21142.505
21142.506
21142.507
21142.508
21142.509
21142.510
21142.511
21145.001
21145.002
21145.003
21145.004
21145.005
21145.006
21145.007
21145.008
21145.009
21145.010
21145.011
21147.501
21147.502
21147.503
21147.504
21147.505
21147.506
21147.507
21147.508
21147.509
21147.510
21147.511
21150.001
21150.002
21150.003
21150.004
21150.005
21150.006
21150.007
21150.008
21150.009
21150.010
21150.011
21152.501
21152.502
21152.503
21152.504
21152.505
21152.506
21152.507
21152.508
21152.509
21152.510
21152.511
21155.001
21155.002
21155.003
21155.004
21155.005
21155.006
21155.007
21155.008
21155.009
21155.010
21155.011
22080.001
22080.002
22080.003
22080.004
22080.005
22080.006
22080.007
22080.008
22080.009
22080.010
22080.011
22082.501
22082.502
22082.503
22082.504
22082.505
22082.506
22082.507
22082.508
22082.509
22082.510
22082.511
22085.001
22085.002
22085.003
22085.004
22085.005
22085.006
22085.007
22085.008
22085.009
22085.010
22085.011
22087.501
22087.502
22087.503
22087.504
22087.505
22087.506
22087.507
22087.508
22087.509
22087.510
22087.511
22090.001
22090.002
22090.003
22090.004
22090.005
22090.006
22090.007
22090.008
22090.009
22090.010
22090.011
22092.501
22092.502
22092.503
22092.504
22092.505
22092.506
22092.507
22092.508
22092.509
22092.510
22092.511
22095.001
22095.002
22095.003
22095.004
22095.005
22095.006
22095.007
22095.008
22095.009
22095.010
22095.011
22097.501
22097.502
22097.503
22097.504
22097.505
22097.506
22097.507
22097.508
22097.509
22097.510
22097.511
22100.001
22100.002
22100.003
22100.004
22100.005
22100.006
22100.007
22100.008
22100.009
22100.010
22100.011
22102.501
22102.502
22102.503
22102.504
22102.505
22102.506
22102.507
22102.508
22102.509
22102.510
22102.511
22105.001
22105.002
22105.003
22105.004
22105.005
22105.006
22105.007
22105.008
22105.009
22105.010
22105.011
22107.501
22107.502
22107.503
22107.504
22107.505
22107.506
22107.507
22107.508
22107.509
22107.510
22107.511
22110.001
22110.002
22110.003
22110.004
22110.005
22110.006
22110.007
22110.008
22110.009
22110.010
22110.011
22112.501
22112.502
22112.503
22112.504
22112.505
22112.506
22112.507
22112.508
22112.509
22112.510
22112.511
22115.001
22115.002
22115.003
22115.004
22115.005
22115.006
22115.007
22115.008
22115.009
22115.010
22115.011
22117.501
22117.502
22117.503
22117.504
22117.505
22117.506
22117.507
22117.508
22117.509
22117.510
22117.511
22120.001
22120.002
22120.003
22120.004
22120.005
22120.006
22120.007
22120.008
22120.009
22120.010
22120.011
22122.501
22122.502
22122.503
22122.504
22122.505
22122.506
22122.507
22122.508
22122.509
22122.510
22122.511
22125.001
22125.002
22125.003
22125.004
22125.005
22125.006
22125.007
22125.008
22125.009
22125.010
22125.011
22127.501
22127.502
22127.503
22127.504
22127.505
22127.506
22127.507
22127.508
22127.509
22127.510
22127.511
22130.001
22130.002
22130.003
22130.004
22130.005
22130.006
22130.007
22130.008
22130.009
22130.010
22130.011
22132.501
22132.502
22132.503
22132.504
22132.505
22132.506
22132.507
22132.508
22132.509
22132.510
22132.511
22135.001
22135.002
22135.003
22135.004
22135.005
22135.006
22135.007
22135.008
22135.009
22135.010
22135.011
22137.501
22137.502
22137.503
22137.504
22137.505
22137.506
22137.507
22137.508
22137.509
22137.510
22137.511
22140.001
22140.002
22140.003
22140.004
22140.005
22140.006
22140.007
22140.008
22140.009
22140.010
22140.011
22142.501
22142.502
22142.503
22142.504
22142.505
22142.506
22142.507
22142.508
22142.509
22142.510
22142.511
22145.001
22145.002
22145.003
22145.004
22145.005
22145.006
22145.007
22145.008
22145.009
22145.010
22145.011
22147.501
22147.502
22147.503
22147.504
22147.505
22147.506
22147.507
22147.508
22147.509
22147.510
22147.511
22150.001
22150.002
22150.003
22150.004
22150.005
22150.006
22150.007
22150.008
22150.009
22150.010
22150.011
22152.501
22152.502
22152.503
22152.504
22152.505
22152.506
22152.507
22152.508
22152.509
22152.510
22152.511
22155.001
22155.002
22155.003
22155.004
22155.005
22155.006
22155.007
22155.008
22155.009
22155.010
22155.011
23080.001
23080.002
23080.003
23080.004
23080.005
23080.006
23080.007
23080.008
23080.009
23080.010
23080.011
23082.501
23082.502
23082.503
23082.504
23082.505
23082.506
23082.507
23082.508
23082.509
23082.510
23082.511
23085.001
23085.002
23085.003
23085.004
23085.005
23085.006
23085.007
23085.008
23085.009
23085.010
23085.011
23087.501
23087.502
23087.503
23087.504
23087.505
23087.506
23087.507
23087.508
23087.509
23087.510
23087.511
23090.001
23090.002
23090.003
23090.004
23090.005
23090.006
23090.007
23090.008
23090.009
23090.010
23090.011
23092.501
23092.502
23092.503
23092.504
23092.505
23092.506
23092.507
23092.508
23092.509
23092.510
23092.511
23095.001
23095.002
23095.003
23095.004
23095.005
23095.006
23095.007
23095.008
23095.009
23095.010
23095.011
23097.501
23097.502
23097.503
23097.504
23097.505
23097.506
23097.507
23097.508
23097.509
23097.510
23097.511
23100.001
23100.002
23100.003
23100.004
23100.005
23100.006
23100.007
23100.008
23100.009
23100.010
23100.011
23102.501
23102.502
23102.503
23102.504
23102.505
23102.506
23102.507
23102.508
23102.509
23102.510
23102.511
23105.001
23105.002
23105.003
23105.004
23105.005
23105.006
23105.007
23105.008
23105.009
23105.010
23105.011
23107.501
23107.502
23107.503
23107.504
23107.505
23107.506
23107.507
23107.508
23107.509
23107.510
23107.511
23110.001
23110.002
23110.003
23110.004
23110.005
23110.006
23110.007
23110.008
23110.009
23110.010
23110.011
23112.501
23112.502
23112.503
23112.504
23112.505
23112.506
23112.507
23112.508
23112.509
23112.510
23112.511
23115.001
23115.002
23115.003
23115.004
23115.005
23115.006
23115.007
23115.008
23115.009
23115.010
23115.011
23117.501
23117.502
23117.503
23117.504
23117.505
23117.506
23117.507
23117.508
23117.509
23117.510
23117.511
23120.001
23120.002
23120.003
23120.004
23120.005
23120.006
23120.007
23120.008
23120.009
23120.010
23120.011
23122.501
23122.502
23122.503
23122.504
23122.505
23122.506
23122.507
23122.508
23122.509
23122.510
23122.511
23125.001
23125.002
23125.003
23125.004
23125.005
23125.006
23125.007
23125.008
23125.009
23125.010
23125.011
23127.501
23127.502
23127.503
23127.504
23127.505
23127.506
23127.507
23127.508
23127.509
23127.510
23127.511
23130.001
23130.002
23130.003
23130.004
23130.005
23130.006
23130.007
23130.008
23130.009
23130.010
23130.011
23132.501
23132.502
23132.503
23132.504
23132.505
23132.506
23132.507
23132.508
23132.509
23132.510
23132.511
23135.001
23135.002
23135.003
23135.004
23135.005
23135.006
23135.007
23135.008
23135.009
23135.010
23135.011
23137.501
23137.502
23137.503
23137.504
23137.505
23137.506
23137.507
23137.508
23137.509
23137.510
23137.511
23140.001
23140.002
23140.003
23140.004
23140.005
23140.006
23140.007
23140.008
23140.009
23140.010
23140.011
23142.501
23142.502
23142.503
23142.504
23142.505
23142.506
23142.507
23142.508
23142.509
23142.510
23142.511
23145.001
23145.002
23145.003
23145.004
23145.005
23145.006
23145.007
23145.008
23145.009
23145.010
23145.011
23147.501
23147.502
23147.503
23147.504
23147.505
23147.506
23147.507
23147.508
23147.509
23147.510
23147.511
23150.001
23150.002
23150.003
23150.004
23150.005
23150.006
23150.007
23150.008
23150.009
23150.010
23150.011
23152.501
23152.502
23152.503
23152.504
23152.505
23152.506
23152.507
23152.508
23152.509
23152.510
23152.511
23155.001
23155.002
23155.003
23155.004
23155.005
23155.006
23155.007
23155.008
23155.009
23155.010
23155.011
24080.001
24080.002
24080.003
24080.004
24080.005
24080.006
24080.007
24080.008
24080.009
24080.010
24080.011
24082.501
24082.502
24082.503
24082.504
24082.505
24082.506
24082.507
24082.508
24082.509
24082.510
24082.511
24085.001
24085.002
24085.003
24085.004
24085.005
24085.006
24085.007
24085.008
24085.009
24085.010
24085.011
24087.501
24087.502
24087.503
24087.504
24087.505
24087.506
24087.507
24087.508
24087.509
24087.510
24087.511
24090.001
24090.002
24090.003
24090.004
24090.005
24090.006
24090.007
24090.008
24090.009
24090.010
24090.011
24092.501
24092.502
24092.503
24092.504
24092.505
24092.506
24092.507
24092.508
24092.509
24092.510
24092.511
24095.001
24095.002
24095.003
24095.004
24095.005
24095.006
24095.007
24095.008
24095.009
24095.010
24095.011
25080.001
25080.002
25080.003
25080.004
25080.005
25080.006
25080.007
25080.008
25080.009
25080.010
25080.011
25082.501
25082.502
25082.503
25082.504
25082.505
25082.506
25082.507
25082.508
25082.509
25082.510
25082.511
25085.001
25085.002
25085.003
25085.004
25085.005
25085.006
25085.007
25085.008
25085.009
25085.010
25085.011
25087.501
25087.502
25087.503
25087.504
25087.505
25087.506
25087.507
25087.508
25087.509
25087.510
25087.511
25090.001
25090.002
25090.003
25090.004
25090.005
25090.006
25090.007
25090.008
25090.009
25090.010
25090.011
25092.501
25092.502
25092.503
25092.504
25092.505
25092.506
25092.507
25092.508
25092.509
25092.510
25092.511
25095.001
25095.002
25095.003
25095.004
25095.005
25095.006
25095.007
25095.008
25095.009
25095.010
25095.011
25097.501
25097.502
25097.503
25097.504
25097.505
25097.506
25097.507
25097.508
25097.509
25097.510
25097.511
25100.001
25100.002
25100.003
25100.004
25100.005
25100.006
25100.007
25100.008
25100.009
25100.010
25100.011
25102.501
25102.502
25102.503
25102.504
25102.505
25102.506
25102.507
25102.508
25102.509
25102.510
25102.511
25105.001
25105.002
25105.003
25105.004
25105.005
25105.006
25105.007
25105.008
25105.009
25105.010
25105.011
25107.501
25107.502
25107.503
25107.504
25107.505
25107.506
25107.507
25107.508
25107.509
25107.510
25107.511
25110.001
25110.002
25110.003
25110.004
25110.005
25110.006
25110.007
25110.008
25110.009
25110.010
25110.011
25112.501
25112.502
25112.503
25112.504
25112.505
25112.506
25112.507
25112.508
25112.509
25112.510
25112.511
25115.001
25115.002
25115.003
25115.004
25115.005
25115.006
25115.007
25115.008
25115.009
25115.010
25115.011
25117.501
25117.502
25117.503
25117.504
25117.505
25117.506
25117.507
25117.508
25117.509
25117.510
25117.511
25120.001
25120.002
25120.003
25120.004
25120.005
25120.006
25120.007
25120.008
25120.009
25120.010
25120.011
25122.501
25122.502
25122.503
25122.504
25122.505
25122.506
25122.507
25122.508
25122.509
25122.510
25122.511
25125.001
25125.002
25125.003
25125.004
25125.005
25125.006
25125.007
25125.008
25125.009
25125.010
25125.011
25127.501
25127.502
25127.503
25127.504
25127.505
25127.506
25127.507
25127.508
25127.509
25127.510
25127.511
25130.001
25130.002
25130.003
25130.004
25130.005
25130.006
25130.007
25130.008
25130.009
25130.010
25130.011
25132.501
25132.502
25132.503
25132.504
25132.505
25132.506
25132.507
25132.508
25132.509
25132.510
25132.511
25135.001
25135.002
25135.003
25135.004
25135.005
25135.006
25135.007
25135.008
25135.009
25135.010
25135.011
25137.501
25137.502
25137.503
25137.504
25137.505
25137.506
25137.507
25137.508
25137.509
25137.510
25137.511
25140.001
25140.002
25140.003
25140.004
25140.005
25140.006
25140.007
25140.008
25140.009
25140.010
25140.011
25142.501
25142.502
25142.503
25142.504
25142.505
25142.506
25142.507
25142.508
25142.509
25142.510
25142.511
25145.001
25145.002
25145.003
25145.004
25145.005
25145.006
25145.007
25145.008
25145.009
25145.010
25145.011
25147.501
25147.502
25147.503
25147.504
25147.505
25147.506
25147.507
25147.508
25147.509
25147.510
25147.511
25150.001
25150.002
25150.003
25150.004
25150.005
25150.006
25150.007
25150.008
25150.009
25150.010
25150.011
25152.501
25152.502
25152.503
25152.504
25152.505
25152.506
25152.507
25152.508
25152.509
25152.510
25152.511
25155.001
25155.002
25155.003
25155.004
25155.005
25155.006
25155.007
25155.008
25155.009
25155.010
25155.011
26080.001
26080.002
26080.003
26080.004
26080.005
26080.006
26080.007
26080.008
26080.009
26080.010
26080.011
26082.501
26082.502
26082.503
26082.504
26082.505
26082.506
26082.507
26082.508
26082.509
26082.510
26082.511
26085.001
26085.002
26085.003
26085.004
26085.005
26085.006
26085.007
26085.008
26085.009
26085.010
26085.011
26087.501
26087.502
26087.503
26087.504
26087.505
26087.506
26087.507
26087.508
26087.509
26087.510
26087.511
26090.001
26090.002
26090.003
26090.004
26090.005
26090.006
26090.007
26090.008
26090.009
26090.010
26090.011
26092.501
26092.502
26092.503
26092.504
26092.505
26092.506
26092.507
26092.508
26092.509
26092.510
26092.511
26095.001
26095.002
26095.003
26095.004
26095.005
26095.006
26095.007
26095.008
26095.009
26095.010
26095.011
26097.501
26097.502
26097.503
26097.504
26097.505
26097.506
26097.507
26097.508
26097.509
26097.510
26097.511
26100.001
26100.002
26100.003
26100.004
26100.005
26100.006
26100.007
26100.008
26100.009
26100.010
26100.011
26102.501
26102.502
26102.503
26102.504
26102.505
26102.506
26102.507
26102.508
26102.509
26102.510
26102.511
28080.001
28080.002
28080.003
28080.004
28080.005
28080.006
28080.007
28080.008
28080.009
28080.010
28080.011
28082.501
28082.502
28082.503
28082.504
28082.505
28082.506
28082.507
28082.508
28082.509
28082.510
28082.511
28085.001
28085.002
28085.003
28085.004
28085.005
28085.006
28085.007
28085.008
28085.009
28085.010
28085.011
28087.501
28087.502
28087.503
28087.504
28087.505
28087.506
28087.507
28087.508
28087.509
28087.510
28087.511
28090.001
28090.002
28090.003
28090.004
28090.005
28090.006
28090.007
28090.008
28090.009
28090.010
28090.011
28092.501
28092.502
28092.503
28092.504
28092.505
28092.506
28092.507
28092.508
28092.509
28092.510
28092.511
28095.001
28095.002
28095.003
28095.004
28095.005
28095.006
28095.007
28095.008
28095.009
28095.010
28095.011
28097.501
28097.502
28097.503
28097.504
28097.505
28097.506
28097.507
28097.508
28097.509
28097.510
28097.511
28100.001
28100.002
28100.003
28100.004
28100.005
28100.006
28100.007
28100.008
28100.009
28100.010
28100.011
28102.501
28102.502
28102.503
28102.504
28102.505
28102.506
28102.507
28102.508
28102.509
28102.510
28102.511
28105.001
28105.002
28105.003
28105.004
28105.005
28105.006
28105.007
28105.008
28105.009
28105.010
28105.011
28107.501
28107.502
28107.503
28107.504
28107.505
28107.506
28107.507
28107.508
28107.509
28107.510
28107.511
28110.001
28110.002
28110.003
28110.004
28110.005
28110.006
28110.007
28110.008
28110.009
28110.010
28110.011
28112.501
28112.502
28112.503
28112.504
28112.505
28112.506
28112.507
28112.508
28112.509
28112.510
28112.511
28115.001
28115.002
28115.003
28115.004
28115.005
28115.006
28115.007
28115.008
28115.009
28115.010
28115.011
28117.501
28117.502
28117.503
28117.504
28117.505
28117.506
28117.507
28117.508
28117.509
28117.510
28117.511
28120.001
28120.002
28120.003
28120.004
28120.005
28120.006
28120.007
28120.008
28120.009
28120.010
28120.011
28122.501
28122.502
28122.503
28122.504
28122.505
28122.506
28122.507
28122.508
28122.509
28122.510
28122.511
28125.001
28125.002
28125.003
28125.004
28125.005
28125.006
28125.007
28125.008
28125.009
28125.010
28125.011
28127.501
28127.502
28127.503
28127.504
28127.505
28127.506
28127.507
28127.508
28127.509
28127.510
28127.511
28130.001
28130.002
28130.003
28130.004
28130.005
28130.006
28130.007
28130.008
28130.009
28130.010
28130.011
28132.501
28132.502
28132.503
28132.504
28132.505
28132.506
28132.507
28132.508
28132.509
28132.510
28132.511
28135.001
28135.002
28135.003
28135.004
28135.005
28135.006
28135.007
28135.008
28135.009
28135.010
28135.011
28137.501
28137.502
28137.503
28137.504
28137.505
28137.506
28137.507
28137.508
28137.509
28137.510
28137.511
28140.001
28140.002
28140.003
28140.004
28140.005
28140.006
28140.007
28140.008
28140.009
28140.010
28140.011
28142.501
28142.502
28142.503
28142.504
28142.505
28142.506
28142.507
28142.508
28142.509
28142.510
28142.511
28145.001
28145.002
28145.003
28145.004
28145.005
28145.006
28145.007
28145.008
28145.009
28145.010
28145.011
28147.501
28147.502
28147.503
28147.504
28147.505
28147.506
28147.507
28147.508
28147.509
28147.510
28147.511
28150.001
28150.002
28150.003
28150.004
28150.005
28150.006
28150.007
28150.008
28150.009
28150.010
28150.011
28152.501
28152.502
28152.503
28152.504
28152.505
28152.506
28152.507
28152.508
28152.509
28152.510
28152.511
28155.001
28155.002
28155.003
28155.004
28155.005
28155.006
28155.007
28155.008
28155.009
28155.010
28155.011
31080.001
31080.002
31080.003
31080.004
31080.005
31080.006
31080.007
31080.008
31080.009
31080.010
31080.011
31082.501
31082.502
31082.503
31082.504
31082.505
31082.506
31082.507
31082.508
31082.509
31082.510
31082.511
31085.001
31085.002
31085.003
31085.004
31085.005
31085.006
31085.007
31085.008
31085.009
31085.010
31085.011
31087.501
31087.502
31087.503
31087.504
31087.505
31087.506
31087.507
31087.508
31087.509
31087.510
31087.511
31090.001
31090.002
31090.003
31090.004
31090.005
31090.006
31090.007
31090.008
31090.009
31090.010
31090.011
31092.501
31092.502
31092.503
31092.504
31092.505
31092.506
31092.507
31092.508
31092.509
31092.510
31092.511
31095.001
31095.002
31095.003
31095.004
31095.005
31095.006
31095.007
31095.008
31095.009
31095.010
31095.011
31097.501
31097.502
31097.503
31097.504
31097.505
31097.506
31097.507
31097.508
31097.509
31097.510
31097.511
31100.001
31100.002
31100.003
31100.004
31100.005
31100.006
31100.007
31100.008
31100.009
31100.010
31100.011
31102.501
31102.502
31102.503
31102.504
31102.505
31102.506
31102.507
31102.508
31102.509
31102.510
31102.511
31105.001
31105.002
31105.003
31105.004
31105.005
31105.006
31105.007
31105.008
31105.009
31105.010
31105.011
31107.501
31107.502
31107.503
31107.504
31107.505
31107.506
31107.507
31107.508
31107.509
31107.510
31107.511
31110.001
31110.002
31110.003
31110.004
31110.005
31110.006
31110.007
31110.008
31110.009
31110.010
31110.011
31112.501
31112.502
31112.503
31112.504
31112.505
31112.506
31112.507
31112.508
31112.509
31112.510
31112.511
31115.001
31115.002
31115.003
31115.004
31115.005
31115.006
31115.007
31115.008
31115.009
31115.010
31115.011
31117.501
31117.502
31117.503
31117.504
31117.505
31117.506
31117.507
31117.508
31117.509
31117.510
31117.511
31120.001
31120.002
31120.003
31120.004
31120.005
31120.006
31120.007
31120.008
31120.009
31120.010
31120.011
31122.501
31122.502
31122.503
31122.504
31122.505
31122.506
31122.507
31122.508
31122.509
31122.510
31122.511
31125.001
31125.002
31125.003
31125.004
31125.005
31125.006
31125.007
31125.008
31125.009
31125.010
31125.011
31127.501
31127.502
31127.503
31127.504
31127.505
31127.506
31127.507
31127.508
31127.509
31127.510
31127.511
31130.001
31130.002
31130.003
31130.004
31130.005
31130.006
31130.007
31130.008
31130.009
31130.010
31130.011
31132.501
31132.502
31132.503
31132.504
31132.505
31132.506
31132.507
31132.508
31132.509
31132.510
31132.511
31135.001
31135.002
31135.003
31135.004
31135.005
31135.006
31135.007
31135.008
31135.009
31135.010
31135.011
31137.501
31137.502
31137.503
31137.504
31137.505
31137.506
31137.507
31137.508
31137.509
31137.510
31137.511
31140.001
31140.002
31140.003
31140.004
31140.005
31140.006
31140.007
31140.008
31140.009
31140.010
31140.011
31142.501
31142.502
31142.503
31142.504
31142.505
31142.506
31142.507
31142.508
31142.509
31142.510
31142.511
31145.001
31145.002
31145.003
31145.004
31145.005
31145.006
31145.007
31145.008
31145.009
31145.010
31145.011
31147.501
31147.502
31147.503
31147.504
31147.505
31147.506
31147.507
31147.508
31147.509
31147.510
31147.511
31150.001
31150.002
31150.003
31150.004
31150.005
31150.006
31150.007
31150.008
31150.009
31150.010
31150.011
31152.501
31152.502
31152.503
31152.504
31152.505
31152.506
31152.507
31152.508
31152.509
31152.510
31152.511
31155.001
31155.002
31155.003
31155.004
31155.005
31155.006
31155.007
31155.008
31155.009
31155.010
31155.011
32080.001
32080.002
32080.003
32080.004
32080.005
32080.006
32080.007
32080.008
32080.009
32080.010
32080.011
32082.501
32082.502
32082.503
32082.504
32082.505
32082.506
32082.507
32082.508
32082.509
32082.510
32082.511
32085.001
32085.002
32085.003
32085.004
32085.005
32085.006
32085.007
32085.008
32085.009
32085.010
32085.011
32087.501
32087.502
32087.503
32087.504
32087.505
32087.506
32087.507
32087.508
32087.509
32087.510
32087.511
32090.001
32090.002
32090.003
32090.004
32090.005
32090.006
32090.007
32090.008
32090.009
32090.010
32090.011
32092.501
32092.502
32092.503
32092.504
32092.505
32092.506
32092.507
32092.508
32092.509
32092.510
32092.511
32095.001
32095.002
32095.003
32095.004
32095.005
32095.006
32095.007
32095.008
32095.009
32095.010
32095.011
32097.501
32097.502
32097.503
32097.504
32097.505
32097.506
32097.507
32097.508
32097.509
32097.510
32097.511
32100.001
32100.002
32100.003
32100.004
32100.005
32100.006
32100.007
32100.008
32100.009
32100.010
32100.011
32102.501
32102.502
32102.503
32102.504
32102.505
32102.506
32102.507
32102.508
32102.509
32102.510
32102.511
32105.001
32105.002
32105.003
32105.004
32105.005
32105.006
32105.007
32105.008
32105.009
32105.010
32105.011
32107.501
32107.502
32107.503
32107.504
32107.505
32107.506
32107.507
32107.508
32107.509
32107.510
32107.511
32110.001
32110.002
32110.003
32110.004
32110.005
32110.006
32110.007
32110.008
32110.009
32110.010
32110.011
32112.501
32112.502
32112.503
32112.504
32112.505
32112.506
32112.507
32112.508
32112.509
32112.510
32112.511
32115.001
32115.002
32115.003
32115.004
32115.005
32115.006
32115.007
32115.008
32115.009
32115.010
32115.011
32117.501
32117.502
32117.503
32117.504
32117.505
32117.506
32117.507
32117.508
32117.509
32117.510
32117.511
32120.001
32120.002
32120.003
32120.004
32120.005
32120.006
32120.007
32120.008
32120.009
32120.010
32120.011
32122.501
32122.502
32122.503
32122.504
32122.505
32122.506
32122.507
32122.508
32122.509
32122.510
32122.511
33080.001
33080.002
33080.003
33080.004
33080.005
33080.006
33080.007
33080.008
33080.009
33080.010
33080.011
33082.501
33082.502
33082.503
33082.504
33082.505
33082.506
33082.507
33082.508
33082.509
33082.510
33082.511
33085.001
33085.002
33085.003
33085.004
33085.005
33085.006
33085.007
33085.008
33085.009
33085.010
33085.011
33087.501
33087.502
33087.503
33087.504
33087.505
33087.506
33087.507
33087.508
33087.509
33087.510
33087.511
33090.001
33090.002
33090.003
33090.004
33090.005
33090.006
33090.007
33090.008
33090.009
33090.010
33090.011
33092.501
33092.502
33092.503
33092.504
33092.505
33092.506
33092.507
33092.508
33092.509
33092.510
33092.511
33095.001
33095.002
33095.003
33095.004
33095.005
33095.006
33095.007
33095.008
33095.009
33095.010
33095.011
33097.501
33097.502
33097.503
33097.504
33097.505
33097.506
33097.507
33097.508
33097.509
33097.510
33097.511
33100.001
33100.002
33100.003
33100.004
33100.005
33100.006
33100.007
33100.008
33100.009
33100.010
33100.011
33102.501
33102.502
33102.503
33102.504
33102.505
33102.506
33102.507
33102.508
33102.509
33102.510
33102.511
33105.001
33105.002
33105.003
33105.004
33105.005
33105.006
33105.007
33105.008
33105.009
33105.010
33105.011
33107.501
33107.502
33107.503
33107.504
33107.505
33107.506
33107.507
33107.508
33107.509
33107.510
33107.511
33110.001
33110.002
33110.003
33110.004
33110.005
33110.006
33110.007
33110.008
33110.009
33110.010
33110.011
33112.501
33112.502
33112.503
33112.504
33112.505
33112.506
33112.507
33112.508
33112.509
33112.510
33112.511
33115.001
33115.002
33115.003
33115.004
33115.005
33115.006
33115.007
33115.008
33115.009
33115.010
33115.011
33117.501
33117.502
33117.503
33117.504
33117.505
33117.506
33117.507
33117.508
33117.509
33117.510
33117.511
33120.001
33120.002
33120.003
33120.004
33120.005
33120.006
33120.007
33120.008
33120.009
33120.010
33120.011
33122.501
33122.502
33122.503
33122.504
33122.505
33122.506
33122.507
33122.508
33122.509
33122.510
33122.511
33125.001
33125.002
33125.003
33125.004
33125.005
33125.006
33125.007
33125.008
33125.009
33125.010
33125.011
33127.501
33127.502
33127.503
33127.504
33127.505
33127.506
33127.507
33127.508
33127.509
33127.510
33127.511
33130.001
33130.002
33130.003
33130.004
33130.005
33130.006
33130.007
33130.008
33130.009
33130.010
33130.011
33132.501
33132.502
33132.503
33132.504
33132.505
33132.506
33132.507
33132.508
33132.509
33132.510
33132.511
33135.001
33135.002
33135.003
33135.004
33135.005
33135.006
33135.007
33135.008
33135.009
33135.010
33135.011
33137.501
33137.502
33137.503
33137.504
33137.505
33137.506
33137.507
33137.508
33137.509
33137.510
33137.511
33140.001
33140.002
33140.003
33140.004
33140.005
33140.006
33140.007
33140.008
33140.009
33140.010
33140.011
33142.501
33142.502
33142.503
33142.504
33142.505
33142.506
33142.507
33142.508
33142.509
33142.510
33142.511
33145.001
33145.002
33145.003
33145.004
33145.005
33145.006
33145.007
33145.008
33145.009
33145.010
33145.011
33147.501
33147.502
33147.503
33147.504
33147.505
33147.506
33147.507
33147.508
33147.509
33147.510
33147.511
33150.001
33150.002
33150.003
33150.004
33150.005
33150.006
33150.007
33150.008
33150.009
33150.010
33150.011
33152.501
33152.502
33152.503
33152.504
33152.505
33152.506
33152.507
33152.508
33152.509
33152.510
33152.511
33155.001
33155.002
33155.003
33155.004
33155.005
33155.006
33155.007
33155.008
33155.009
33155.010
33155.011
34080.001
34080.002
34080.003
34080.004
34080.005
34080.006
34080.007
34080.008
34080.009
34080.010
34080.011
34082.501
34082.502
34082.503
34082.504
34082.505
34082.506
34082.507
34082.508
34082.509
34082.510
34082.511
34085.001
34085.002
34085.003
34085.004
34085.005
34085.006
34085.007
34085.008
34085.009
34085.010
34085.011
34087.501
34087.502
34087.503
34087.504
34087.505
34087.506
34087.507
34087.508
34087.509
34087.510
34087.511
34090.001
34090.002
34090.003
34090.004
34090.005
34090.006
34090.007
34090.008
34090.009
34090.010
34090.011
34092.501
34092.502
34092.503
34092.504
34092.505
34092.506
34092.507
34092.508
34092.509
34092.510
34092.511
34132.501
34132.502
34132.503
34132.504
34132.505
34132.506
34132.507
34132.508
34132.509
34132.510
34132.511
34135.001
34135.002
34135.003
34135.004
34135.005
34135.006
34135.007
34135.008
34135.009
34135.010
34135.011
34137.501
34137.502
34137.503
34137.504
34137.505
34137.506
34137.507
34137.508
34137.509
34137.510
34137.511
34140.001
34140.002
34140.003
34140.004
34140.005
34140.006
34140.007
34140.008
34140.009
34140.010
34140.011
34142.501
34142.502
34142.503
34142.504
34142.505
34142.506
34142.507
34142.508
34142.509
34142.510
34142.511
34145.001
34145.002
34145.003
34145.004
34145.005
34145.006
34145.007
34145.008
34145.009
34145.010
34145.011
34147.501
34147.502
34147.503
34147.504
34147.505
34147.506
34147.507
34147.508
34147.509
34147.510
34147.511
34150.001
34150.002
34150.003
34150.004
34150.005
34150.006
34150.007
34150.008
34150.009
34150.010
34150.011
34152.501
34152.502
34152.503
34152.504
34152.505
34152.506
34152.507
34152.508
34152.509
34152.510
34152.511
34155.001
34155.002
34155.003
34155.004
34155.005
34155.006
34155.007
34155.008
34155.009
34155.010
34155.011
37080.001
37080.002
37080.003
37080.004
37080.005
37080.006
37080.007
37080.008
37080.009
37080.010
37080.011
37082.501
37082.502
37082.503
37082.504
37082.505
37082.506
37082.507
37082.508
37082.509
37082.510
37082.511
37085.001
37085.002
37085.003
37085.004
37085.005
37085.006
37085.007
37085.008
37085.009
37085.010
37085.011
37087.501
37087.502
37087.503
37087.504
37087.505
37087.506
37087.507
37087.508
37087.509
37087.510
37087.511
37090.001
37090.002
37090.003
37090.004
37090.005
37090.006
37090.007
37090.008
37090.009
37090.010
37090.011
37092.501
37092.502
37092.503
37092.504
37092.505
37092.506
37092.507
37092.508
37092.509
37092.510
37092.511
37095.001
37095.002
37095.003
37095.004
37095.005
37095.006
37095.007
37095.008
37095.009
37095.010
37095.011
37097.501
37097.502
37097.503
37097.504
37097.505
37097.506
37097.507
37097.508
37097.509
37097.510
37097.511
37100.001
37100.002
37100.003
37100.004
37100.005
37100.006
37100.007
37100.008
37100.009
37100.010
37100.011
37102.501
37102.502
37102.503
37102.504
37102.505
37102.506
37102.507
37102.508
37102.509
37102.510
37102.511
37105.001
37105.002
37105.003
37105.004
37105.005
37105.006
37105.007
37105.008
37105.009
37105.010
37105.011
37107.501
37107.502
37107.503
37107.504
37107.505
37107.506
37107.507
37107.508
37107.509
37107.510
37107.511
37110.001
37110.002
37110.003
37110.004
37110.005
37110.006
37110.007
37110.008
37110.009
37110.010
37110.011
37112.501
37112.502
37112.503
37112.504
37112.505
37112.506
37112.507
37112.508
37112.509
37112.510
37112.511
37115.001
37115.002
37115.003
37115.004
37115.005
37115.006
37115.007
37115.008
37115.009
37115.010
37115.011
37117.501
37117.502
37117.503
37117.504
37117.505
37117.506
37117.507
37117.508
37117.509
37117.510
37117.511
37120.001
37120.002
37120.003
37120.004
37120.005
37120.006
37120.007
37120.008
37120.009
37120.010
37120.011
37122.501
37122.502
37122.503
37122.504
37122.505
37122.506
37122.507
37122.508
37122.509
37122.510
37122.511
37125.001
37125.002
37125.003
37125.004
37125.005
37125.006
37125.007
37125.008
37125.009
37125.010
37125.011
37127.501
37127.502
37127.503
37127.504
37127.505
37127.506
37127.507
37127.508
37127.509
37127.510
37127.511
37130.001
37130.002
37130.003
37130.004
37130.005
37130.006
37130.007
37130.008
37130.009
37130.010
37130.011
37132.501
37132.502
37132.503
37132.504
37132.505
37132.506
37132.507
37132.508
37132.509
37132.510
37132.511
37135.001
37135.002
37135.003
37135.004
37135.005
37135.006
37135.007
37135.008
37135.009
37135.010
37135.011
37137.501
37137.502
37137.503
37137.504
37137.505
37137.506
37137.507
37137.508
37137.509
37137.510
37137.511
37140.001
37140.002
37140.003
37140.004
37140.005
37140.006
37140.007
37140.008
37140.009
37140.010
37140.011
37142.501
37142.502
37142.503
37142.504
37142.505
37142.506
37142.507
37142.508
37142.509
37142.510
37142.511
37145.001
37145.002
37145.003
37145.004
37145.005
37145.006
37145.007
37145.008
37145.009
37145.010
37145.011
37147.501
37147.502
37147.503
37147.504
37147.505
37147.506
37147.507
37147.508
37147.509
37147.510
37147.511
37150.001
37150.002
37150.003
37150.004
37150.005
37150.006
37150.007
37150.008
37150.009
37150.010
37150.011
37152.501
37152.502
37152.503
37152.504
37152.505
37152.506
37152.507
37152.508
37152.509
37152.510
37152.511
37155.001
37155.002
37155.003
37155.004
37155.005
37155.006
37155.007
37155.008
37155.009
37155.010
37155.011
