010825001
010825002
010825003
010825004
010825005
010825006
010825007
010825008
010825009
010825010
010825011
010850001
010850002
010850003
010850004
010850005
010850006
010850007
010850008
010850009
010850010
010850011
010875001
010875002
010875003
010875004
010875005
010875006
010875007
010875008
010875009
010875010
010875011
010900001
010900002
010900003
010900004
010900005
010900006
010900007
010900008
010900009
010900010
010900011
010925001
010925002
010925003
010925004
010925005
010925006
010925007
010925008
010925009
010925010
010925011
010950001
010950002
010950003
010950004
010950005
010950006
010950007
010950008
010950009
010950010
010950011
010975001
010975002
010975003
010975004
010975005
010975006
010975007
010975008
010975009
010975010
010975011
011000001
011000002
011000003
011000004
011000005
011000006
011000007
011000008
011000009
011000010
011000011
011025001
011025002
011025003
011025004
011025005
011025006
011025007
011025008
011025009
011025010
011025011
011050001
011050002
011050003
011050004
011050005
011050006
011050007
011050008
011050009
011050010
011050011
011075001
011075002
011075003
011075004
011075005
011075006
011075007
011075008
011075009
011075010
011075011
011100001
011100002
011100003
011100004
011100005
011100006
011100007
011100008
011100009
011100010
011100011
011125001
011125002
011125003
011125004
011125005
011125006
011125007
011125008
011125009
011125010
011125011
011150001
011150002
011150003
011150004
011150005
011150006
011150007
011150008
011150009
011150010
011150011
011175001
011175002
011175003
011175004
011175005
011175006
011175007
011175008
011175009
011175010
011175011
011200001
011200002
011200003
011200004
011200005
011200006
011200007
011200008
011200009
011200010
011200011
011225001
011225002
011225003
011225004
011225005
011225006
011225007
011225008
011225009
011225010
011225011
