010825001
010825002
010825003
010825004
010825005
010825006
010825007
010825008
010825009
010825010
010825011
010850001
010850002
010850003
010850004
010850005
010850006
010850007
010850008
010850009
010850010
010850011
010875001
010875002
010875003
010875004
010875005
010875006
010875007
010875008
010875009
010875010
010875011
010900001
010900002
010900003
010900004
010900005
010900006
010900007
010900008
010900009
010900010
010900011
010925001
010925002
010925003
010925004
010925005
010925006
010925007
010925008
010925009
010925010
010925011
010950001
010950002
010950003
010950004
010950005
010950006
010950007
010950008
010950009
010950010
010950011
010975001
010975002
010975003
010975004
010975005
010975006
010975007
010975008
010975009
010975010
010975011
011000001
011000002
011000003
011000004
011000005
011000006
011000007
011000008
011000009
011000010
011000011
011025001
011025002
011025003
011025004
011025005
011025006
011025007
011025008
011025009
011025010
011025011
011050001
011050002
011050003
011050004
011050005
011050006
011050007
011050008
011050009
011050010
011050011
011075001
011075002
011075003
011075004
011075005
011075006
011075007
011075008
011075009
011075010
011075011
011100001
011100002
011100003
011100004
011100005
011100006
011100007
011100008
011100009
011100010
011100011
011125001
011125002
011125003
011125004
011125005
011125006
011125007
011125008
011125009
011125010
011125011
011150001
011150002
011150003
011150004
011150005
011150006
011150007
011150008
011150009
011150010
011150011
011175001
011175002
011175003
011175004
011175005
011175006
011175007
011175008
011175009
011175010
011175011
011200001
011200002
011200003
011200004
011200005
011200006
011200007
011200008
011200009
011200010
011200011
011225001
011225002
011225003
011225004
011225005
011225006
011225007
011225008
011225009
011225010
011225011
020825001
020825002
020825003
020825004
020825005
020825006
020825007
020825008
020825009
020825010
020825011
020850001
020850002
020850003
020850004
020850005
020850006
020850007
020850008
020850009
020850010
020850011
020875001
020875002
020875003
020875004
020875005
020875006
020875007
020875008
020875009
020875010
020875011
020900001
020900002
020900003
020900004
020900005
020900006
020900007
020900008
020900009
020900010
020900011
020925001
020925002
020925003
020925004
020925005
020925006
020925007
020925008
020925009
020925010
020925011
020950001
020950002
020950003
020950004
020950005
020950006
020950007
020950008
020950009
020950010
020950011
020975001
020975002
020975003
020975004
020975005
020975006
020975007
020975008
020975009
020975010
020975011
021000001
021000002
021000003
021000004
021000005
021000006
021000007
021000008
021000009
021000010
021000011
021050001
021050002
021050003
021050004
021050005
021050006
021050007
021050008
021050009
021050010
021050011
021075001
021075002
021075003
021075004
021075005
021075006
021075007
021075008
021075009
021075010
021075011
021100001
021100002
021100003
021100004
021100005
021100006
021100007
021100008
021100009
021100010
021100011
021125001
021125002
021125003
021125004
021125005
021125006
021125007
021125008
021125009
021125010
021125011
021150001
021150002
021150003
021150004
021150005
021150006
021150007
021150008
021150009
021150010
021150011
021175001
021175002
021175003
021175004
021175005
021175006
021175007
021175008
021175009
021175010
021175011
021200001
021200002
021200003
021200004
021200005
021200006
021200007
021200008
021200009
021200010
021200011
021225001
021225002
021225003
021225004
021225005
021225006
021225007
021225008
021225009
021225010
021225011
050825001
050825002
050825003
050825004
050825005
050825006
050825007
050825008
050825009
050825010
050825011
060825001
060825002
060825003
060825004
060825005
060825006
060825007
060825008
060825009
060825010
060825011
060850001
060850002
060850003
060850004
060850005
060850006
060850007
060850008
060850009
060850010
060850011
060875001
060875002
060875003
060875004
060875005
060875006
060875007
060875008
060875009
060875010
060875011
060900001
060900002
060900003
060900004
060900005
060900006
060900007
060900008
060900009
060900010
060900011
061075001
061075002
061075003
061075004
061075005
061075006
061075007
061075008
061075009
061075010
061075011
061100001
061100002
061100003
061100004
061100005
061100006
061100007
061100008
061100009
061100010
061100011
061125001
061125002
061125003
061125004
061125005
061125006
061125007
061125008
061125009
061125010
061125011
061150001
061150002
061150003
061150004
061150005
061150006
061150007
061150008
061150009
061150010
061150011
070900001
070900002
070900003
070900004
070900005
070900006
070900007
070900008
070900009
070900010
070900011
070925001
070925002
070925003
070925004
070925005
070925006
070925007
070925008
070925009
070925010
070925011
070950001
070950002
070950003
070950004
070950005
070950006
070950007
070950008
070950009
070950010
070950011
071125001
071125002
071125003
071125004
071125005
071125006
071125007
071125008
071125009
071125010
071125011
071150001
071150002
071150003
071150004
071150005
071150006
071150007
071150008
071150009
071150010
071150011
080825001
080825002
080825003
080825004
080825005
080825006
080825007
080825008
080825009
080825010
080825011
080850001
080850002
080850003
080850004
080850005
080850006
080850007
080850008
080850009
080850010
080850011
080875001
080875002
080875003
080875004
080875005
080875006
080875007
080875008
080875009
080875010
080875011
080900001
080900002
080900003
080900004
080900005
080900006
080900007
080900008
080900009
080900010
080900011
080925001
080925002
080925003
080925004
080925005
080925006
080925007
080925008
080925009
080925010
080925011
130825001
130825002
130825003
130825004
130825005
130825006
130825007
130825008
130825009
130825010
130825011
130850001
130850002
130850003
130850004
130850005
130850006
130850007
130850008
130850009
130850010
130850011
130875001
130875002
130875003
130875004
130875005
130875006
130875007
130875008
130875009
130875010
130875011
130900001
130900002
130900003
130900004
130900005
130900006
130900007
130900008
130900009
130900010
130900011
130925001
130925002
130925003
130925004
130925005
130925006
130925007
130925008
130925009
130925010
130925011
130950001
130950002
130950003
130950004
130950005
130950006
130950007
130950008
130950009
130950010
130950011
130975001
130975002
130975003
130975004
130975005
130975006
130975007
130975008
130975009
130975010
130975011
131000001
131000002
131000003
131000004
131000005
131000006
131000007
131000008
131000009
131000010
131000011
131025001
131025002
131025003
131025004
131025005
131025006
131025007
131025008
131025009
131025010
131025011
131050001
131050002
131050003
131050004
131050005
131050006
131050007
131050008
131050009
131050010
131050011
131075001
131075002
131075003
131075004
131075005
131075006
131075007
131075008
131075009
131075010
131075011
131100001
131100002
131100003
131100004
131100005
131100006
131100007
131100008
131100009
131100010
131100011
131125001
131125002
131125003
131125004
131125005
131125006
131125007
131125008
131125009
131125010
131125011
131150001
131150002
131150003
131150004
131150005
131150006
131150007
131150008
131150009
131150010
131150011
131175001
131175002
131175003
131175004
131175005
131175006
131175007
131175008
131175009
131175010
131175011
131200001
131200002
131200003
131200004
131200005
131200006
131200007
131200008
131200009
131200010
131200011
131225001
131225002
131225003
131225004
131225005
131225006
131225007
131225008
131225009
131225010
131225011
140825001
140825002
140825003
140825004
140825005
140825006
140825007
140825008
140825009
140825010
140825011
140850001
140850002
140850003
140850004
140850005
140850006
140850007
140850008
140850009
140850010
140850011
140875001
140875002
140875003
140875004
140875005
140875006
140875007
140875008
140875009
140875010
140875011
140900001
140900002
140900003
140900004
140900005
140900006
140900007
140900008
140900009
140900010
140900011
140925001
140925002
140925003
140925004
140925005
140925006
140925007
140925008
140925009
140925010
140925011
140950001
140950002
140950003
140950004
140950005
140950006
140950007
140950008
140950009
140950010
140950011
140975001
140975002
140975003
140975004
140975005
140975006
140975007
140975008
140975009
140975010
140975011
141000001
141000002
141000003
141000004
141000005
141000006
141000007
141000008
141000009
141000010
141000011
141025001
141025002
141025003
141025004
141025005
141025006
141025007
141025008
141025009
141025010
141025011
141050001
141050002
141050003
141050004
141050005
141050006
141050007
141050008
141050009
141050010
141050011
141075001
141075002
141075003
141075004
141075005
141075006
141075007
141075008
141075009
141075010
141075011
141100001
141100002
141100003
141100004
141100005
141100006
141100007
141100008
141100009
141100010
141100011
141125001
141125002
141125003
141125004
141125005
141125006
141125007
141125008
141125009
141125010
141125011
141150001
141150002
141150003
141150004
141150005
141150006
141150007
141150008
141150009
141150010
141150011
141175001
141175002
141175003
141175004
141175005
141175006
141175007
141175008
141175009
141175010
141175011
141200001
141200002
141200003
141200004
141200005
141200006
141200007
141200008
141200009
141200010
141200011
141225001
141225002
141225003
141225004
141225005
141225006
141225007
141225008
141225009
141225010
141225011
150825001
150825002
150825003
150825004
150825005
150825006
150825007
150825008
150825009
150825010
150825011
150850001
150850002
150850003
150850004
150850005
150850006
150850007
150850008
150850009
150850010
150850011
150875001
150875002
150875003
150875004
150875005
150875006
150875007
150875008
150875009
150875010
150875011
150900001
150900002
150900003
150900004
150900005
150900006
150900007
150900008
150900009
150900010
150900011
150925001
150925002
150925003
150925004
150925005
150925006
150925007
150925008
150925009
150925010
150925011
150950001
150950002
150950003
150950004
150950005
150950006
150950007
150950008
150950009
150950010
150950011
150975001
150975002
150975003
150975004
150975005
150975006
150975007
150975008
150975009
150975010
150975011
151000001
151000002
151000003
151000004
151000005
151000006
151000007
151000008
151000009
151000010
151000011
151025001
151025002
151025003
151025004
151025005
151025006
151025007
151025008
151025009
151025010
151025011
151050001
151050002
151050003
151050004
151050005
151050006
151050007
151050008
151050009
151050010
151050011
151075001
151075002
151075003
151075004
151075005
151075006
151075007
151075008
151075009
151075010
151075011
151100001
151100002
151100003
151100004
151100005
151100006
151100007
151100008
151100009
151100010
151100011
151125001
151125002
151125003
151125004
151125005
151125006
151125007
151125008
151125009
151125010
151125011
151150001
151150002
151150003
151150004
151150005
151150006
151150007
151150008
151150009
151150010
151150011
151175001
151175002
151175003
151175004
151175005
151175006
151175007
151175008
151175009
151175010
151175011
151200001
151200002
151200003
151200004
151200005
151200006
151200007
151200008
151200009
151200010
151200011
151225001
151225002
151225003
151225004
151225005
151225006
151225007
151225008
151225009
151225010
151225011
160825001
160825002
160825003
160825004
160825005
160825006
160825007
160825008
160825009
160825010
160825011
160850001
160850002
160850003
160850004
160850005
160850006
160850007
160850008
160850009
160850010
160850011
160875001
160875002
160875003
160875004
160875005
160875006
160875007
160875008
160875009
160875010
160875011
160900001
160900002
160900003
160900004
160900005
160900006
160900007
160900008
160900009
160900010
160900011
160925001
160925002
160925003
160925004
160925005
160925006
160925007
160925008
160925009
160925010
160925011
160950001
160950002
160950003
160950004
160950005
160950006
160950007
160950008
160950009
160950010
160950011
160975001
160975002
160975003
160975004
160975005
160975006
160975007
160975008
160975009
160975010
160975011
161000001
161000002
161000003
161000004
161000005
161000006
161000007
161000008
161000009
161000010
161000011
161025001
161025002
161025003
161025004
161025005
161025006
161025007
161025008
161025009
161025010
161025011
161050001
161050002
161050003
161050004
161050005
161050006
161050007
161050008
161050009
161050010
161050011
161075001
161075002
161075003
161075004
161075005
161075006
161075007
161075008
161075009
161075010
161075011
161100001
161100002
161100003
161100004
161100005
161100006
161100007
161100008
161100009
161100010
161100011
161125001
161125002
161125003
161125004
161125005
161125006
161125007
161125008
161125009
161125010
161125011
161150001
161150002
161150003
161150004
161150005
161150006
161150007
161150008
161150009
161150010
161150011
161175001
161175002
161175003
161175004
161175005
161175006
161175007
161175008
161175009
161175010
161175011
161200001
161200002
161200003
161200004
161200005
161200006
161200007
161200008
161200009
161200010
161200011
161225001
161225002
161225003
161225004
161225005
161225006
161225007
161225008
161225009
161225010
161225011
170825001
170825002
170825003
170825004
170825005
170825006
170825007
170825008
170825009
170825010
170825011
170850001
170850002
170850003
170850004
170850005
170850006
170850007
170850008
170850009
170850010
170850011
170875001
170875002
170875003
170875004
170875005
170875006
170875007
170875008
170875009
170875010
170875011
170900001
170900002
170900003
170900004
170900005
170900006
170900007
170900008
170900009
170900010
170900011
170925001
170925002
170925003
170925004
170925005
170925006
170925007
170925008
170925009
170925010
170925011
170950001
170950002
170950003
170950004
170950005
170950006
170950007
170950008
170950009
170950010
170950011
170975001
170975002
170975003
170975004
170975005
170975006
170975007
170975008
170975009
170975010
170975011
171000001
171000002
171000003
171000004
171000005
171000006
171000007
171000008
171000009
171000010
171000011
171025001
171025002
171025003
171025004
171025005
171025006
171025007
171025008
171025009
171025010
171025011
171050001
171050002
171050003
171050004
171050005
171050006
171050007
171050008
171050009
171050010
171050011
171075001
171075002
171075003
171075004
171075005
171075006
171075007
171075008
171075009
171075010
171075011
171100001
171100002
171100003
171100004
171100005
171100006
171100007
171100008
171100009
171100010
171100011
171125001
171125002
171125003
171125004
171125005
171125006
171125007
171125008
171125009
171125010
171125011
171150001
171150002
171150003
171150004
171150005
171150006
171150007
171150008
171150009
171150010
171150011
171175001
171175002
171175003
171175004
171175005
171175006
171175007
171175008
171175009
171175010
171175011
171200001
171200002
171200003
171200004
171200005
171200006
171200007
171200008
171200009
171200010
171200011
171225001
171225002
171225003
171225004
171225005
171225006
171225007
171225008
171225009
171225010
171225011
220850001
220850002
220850003
220850004
220850005
220850006
220850007
220850008
220850009
220850010
220850011
220875001
220875002
220875003
220875004
220875005
220875006
220875007
220875008
220875009
220875010
220875011
220900001
220900002
220900003
220900004
220900005
220900006
220900007
220900008
220900009
220900010
220900011
220925001
220925002
220925003
220925004
220925005
220925006
220925007
220925008
220925009
220925010
220925011
260825001
260825002
260825003
260825004
260825005
260825006
260825007
260825008
260825009
260825010
260825011
260850001
260850002
260850003
260850004
260850005
260850006
260850007
260850008
260850009
260850010
260850011
260925001
260925002
260925003
260925004
260925005
260925006
260925007
260925008
260925009
260925010
260925011
260950001
260950002
260950003
260950004
260950005
260950006
260950007
260950008
260950009
260950010
260950011
260975001
260975002
260975003
260975004
260975005
260975006
260975007
260975008
260975009
260975010
260975011
310925001
310925002
310925003
310925004
310925005
310925006
310925007
310925008
310925009
310925010
310925011
310950001
310950002
310950003
310950004
310950005
310950006
310950007
310950008
310950009
310950010
310950011
310975001
310975002
310975003
310975004
310975005
310975006
310975007
310975008
310975009
310975010
310975011
311000001
311000002
311000003
311000004
311000005
311000006
311000007
311000008
311000009
311000010
311000011
311025001
311025002
311025003
311025004
311025005
311025006
311025007
311025008
311025009
311025010
311025011
311075001
311075002
311075003
311075004
311075005
311075006
311075007
311075008
311075009
311075010
311075011
311100001
311100002
311100003
311100004
311100005
311100006
311100007
311100008
311100009
311100010
311100011
311125001
311125002
311125003
311125004
311125005
311125006
311125007
311125008
311125009
311125010
311125011
