010060501
010060502
010060503
010060504
010060505
010060506
010060507
010060508
010060509
010060510
010060511
010063001
010063002
010063003
010063004
010063005
010063006
010063007
010063008
010063009
010063010
010063011
010065501
010065502
010065503
010065504
010065505
010065506
010065507
010065508
010065509
010065510
010065511
010068001
010068002
010068003
010068004
010068005
010068006
010068007
010068008
010068009
010068010
010068011
010070501
010070502
010070503
010070504
010070505
010070506
010070507
010070508
010070509
010070510
010070511
010073001
010073002
010073003
010073004
010073005
010073006
010073007
010073008
010073009
010073010
010073011
010075501
010075502
010075503
010075504
010075505
010075506
010075507
010075508
010075509
010075510
010075511
010078001
010078002
010078003
010078004
010078005
010078006
010078007
010078008
010078009
010078010
010078011
010080501
010080502
010080503
010080504
010080505
010080506
010080507
010080508
010080509
010080510
010080511
010083001
010083002
010083003
010083004
010083005
010083006
010083007
010083008
010083009
010083010
010083011
010085501
010085502
010085503
010085504
010085505
010085506
010085507
010085508
010085509
010085510
010085511
010088001
010088002
010088003
010088004
010088005
010088006
010088007
010088008
010088009
010088010
010088011
010090501
010090502
010090503
010090504
010090505
010090506
010090507
010090508
010090509
010090510
010090511
010093001
010093002
010093003
010093004
010093005
010093006
010093007
010093008
010093009
010093010
010093011
010095501
010095502
010095503
010095504
010095505
010095506
010095507
010095508
010095509
010095510
010095511
010098001
010098002
010098003
010098004
010098005
010098006
010098007
010098008
010098009
010098010
010098011
010100501
010100502
010100503
010100504
010100505
010100506
010100507
010100508
010100509
010100510
010100511
010103001
010103002
010103003
010103004
010103005
010103006
010103007
010103008
010103009
010103010
010103011
010105501
010105502
010105503
010105504
010105505
010105506
010105507
010105508
010105509
010105510
010105511
010108001
010108002
010108003
010108004
010108005
010108006
010108007
010108008
010108009
010108010
010108011
010110501
010110502
010110503
010110504
010110505
010110506
010110507
010110508
010110509
010110510
010110511
010113001
010113002
010113003
010113004
010113005
010113006
010113007
010113008
010113009
010113010
010113011
010115501
010115502
010115503
010115504
010115505
010115506
010115507
010115508
010115509
010115510
010115511
010118001
010118002
010118003
010118004
010118005
010118006
010118007
010118008
010118009
010118010
010118011
010120501
010120502
010120503
010120504
010120505
010120506
010120507
010120508
010120509
010120510
010120511
010123001
010123002
010123003
010123004
010123005
010123006
010123007
010123008
010123009
010123010
010123011
010125501
010125502
010125503
010125504
010125505
010125506
010125507
010125508
010125509
010125510
010125511
010128001
010128002
010128003
010128004
010128005
010128006
010128007
010128008
010128009
010128010
010128011
010130501
010130502
010130503
010130504
010130505
010130506
010130507
010130508
010130509
010130510
010130511
010133001
010133002
010133003
010133004
010133005
010133006
010133007
010133008
010133009
010133010
010133011
010135501
010135502
010135503
010135504
010135505
010135506
010135507
010135508
010135509
010135510
010135511
010138001
010138002
010138003
010138004
010138005
010138006
010138007
010138008
010138009
010138010
010138011
010140501
010140502
010140503
010140504
010140505
010140506
010140507
010140508
010140509
010140510
010140511
010143001
010143002
010143003
010143004
010143005
010143006
010143007
010143008
010143009
010143010
010143011
010145501
010145502
010145503
010145504
010145505
010145506
010145507
010145508
010145509
010145510
010145511
010148001
010148002
010148003
010148004
010148005
010148006
010148007
010148008
010148009
010148010
010148011
010150501
010150502
010150503
010150504
010150505
010150506
010150507
010150508
010150509
010150510
010150511
010153001
010153002
010153003
010153004
010153005
010153006
010153007
010153008
010153009
010153010
010153011
010155501
010155502
010155503
010155504
010155505
010155506
010155507
010155508
010155509
010155510
010155511
010158001
010158002
010158003
010158004
010158005
010158006
010158007
010158008
010158009
010158010
010158011
010160501
010160502
010160503
010160504
010160505
010160506
010160507
010160508
010160509
010160510
010160511
010163001
010163002
010163003
010163004
010163005
010163006
010163007
010163008
010163009
010163010
010163011
010165501
010165502
010165503
010165504
010165505
010165506
010165507
010165508
010165509
010165510
010165511
010168001
010168002
010168003
010168004
010168005
010168006
010168007
010168008
010168009
010168010
010168011
010170501
010170502
010170503
010170504
010170505
010170506
010170507
010170508
010170509
010170510
010170511
010173001
010173002
010173003
010173004
010173005
010173006
010173007
010173008
010173009
010173010
010173011
010175501
010175502
010175503
010175504
010175505
010175506
010175507
010175508
010175509
010175510
010175511
010178001
010178002
010178003
010178004
010178005
010178006
010178007
010178008
010178009
010178010
010178011
010180501
010180502
010180503
010180504
010180505
010180506
010180507
010180508
010180509
010180510
010180511
010183001
010183002
010183003
010183004
010183005
010183006
010183007
010183008
010183009
010183010
010183011
010185501
010185502
010185503
010185504
010185505
010185506
010185507
010185508
010185509
010185510
010185511
010188001
010188002
010188003
010188004
010188005
010188006
010188007
010188008
010188009
010188010
010188011
010190501
010190502
010190503
010190504
010190505
010190506
010190507
010190508
010190509
010190510
010190511
010193001
010193002
010193003
010193004
010193005
010193006
010193007
010193008
010193009
010193010
010193011
010195501
010195502
010195503
010195504
010195505
010195506
010195507
010195508
010195509
010195510
010195511
010198001
010198002
010198003
010198004
010198005
010198006
010198007
010198008
010198009
010198010
010198011
010200501
010200502
010200503
010200504
010200505
010200506
010200507
010200508
010200509
010200510
010200511
010203001
010203002
010203003
010203004
010203005
010203006
010203007
010203008
010203009
010203010
010203011
010205501
010205502
010205503
010205504
010205505
010205506
010205507
010205508
010205509
010205510
010205511
010208001
010208002
010208003
010208004
010208005
010208006
010208007
010208008
010208009
010208010
010208011
010210501
010210502
010210503
010210504
010210505
010210506
010210507
010210508
010210509
010210510
010210511
010213001
010213002
010213003
010213004
010213005
010213006
010213007
010213008
010213009
010213010
010213011
010215501
010215502
010215503
010215504
010215505
010215506
010215507
010215508
010215509
010215510
010215511
010218001
010218002
010218003
010218004
010218005
010218006
010218007
010218008
010218009
010218010
010218011
010220501
010220502
010220503
010220504
010220505
010220506
010220507
010220508
010220509
010220510
010220511
010223001
010223002
010223003
010223004
010223005
010223006
010223007
010223008
010223009
010223010
010223011
010225501
010225502
010225503
010225504
010225505
010225506
010225507
010225508
010225509
010225510
010225511
010228001
010228002
010228003
010228004
010228005
010228006
010228007
010228008
010228009
010228010
010228011
010230501
010230502
010230503
010230504
010230505
010230506
010230507
010230508
010230509
010230510
010230511
010233001
010233002
010233003
010233004
010233005
010233006
010233007
010233008
010233009
010233010
010233011
010235501
010235502
010235503
010235504
010235505
010235506
010235507
010235508
010235509
010235510
010235511
010238001
010238002
010238003
010238004
010238005
010238006
010238007
010238008
010238009
010238010
010238011
010240501
010240502
010240503
010240504
010240505
010240506
010240507
010240508
010240509
010240510
010240511
010243001
010243002
010243003
010243004
010243005
010243006
010243007
010243008
010243009
010243010
010243011
010245501
010245502
010245503
010245504
010245505
010245506
010245507
010245508
010245509
010245510
010245511
010248001
010248002
010248003
010248004
010248005
010248006
010248007
010248008
010248009
010248010
010248011
010250501
010250502
010250503
010250504
010250505
010250506
010250507
010250508
010250509
010250510
010250511
010253001
010253002
010253003
010253004
010253005
010253006
010253007
010253008
010253009
010253010
010253011
010255501
010255502
010255503
010255504
010255505
010255506
010255507
010255508
010255509
010255510
010255511
010258001
010258002
010258003
010258004
010258005
010258006
010258007
010258008
010258009
010258010
010258011
010260501
010260502
010260503
010260504
010260505
010260506
010260507
010260508
010260509
010260510
010260511
010263001
010263002
010263003
010263004
010263005
010263006
010263007
010263008
010263009
010263010
010263011
010265501
010265502
010265503
010265504
010265505
010265506
010265507
010265508
010265509
010265510
010265511
010268001
010268002
010268003
010268004
010268005
010268006
010268007
010268008
010268009
010268010
010268011
010270501
010270502
010270503
010270504
010270505
010270506
010270507
010270508
010270509
010270510
010270511
010273001
010273002
010273003
010273004
010273005
010273006
010273007
010273008
010273009
010273010
010273011
010275501
010275502
010275503
010275504
010275505
010275506
010275507
010275508
010275509
010275510
010275511
010278001
010278002
010278003
010278004
010278005
010278006
010278007
010278008
010278009
010278010
010278011
010280501
010280502
010280503
010280504
010280505
010280506
010280507
010280508
010280509
010280510
010280511
010283001
010283002
010283003
010283004
010283005
010283006
010283007
010283008
010283009
010283010
010283011
