020060506
020063006
020065506
020068006
020070506
020073006
020075506
020078006
020080506
020083006
020085506
020088006
020090506
020093006
020095506
020098006
020100506
020103006
020105506
020108006
020110506
020113006
020115506
020118006
020120506
020123006
020125506
020128006
020130506
020133006
020135506
020138006
020140506
020143006
020145506
020148006
020150506
020153006
020155506
020158006
020165506
020168006
020170506
020173006
020175506
020178006
020180506
020183006
020185506
020188006
020190506
020193006
020195506
020198006
020200506
020203006
020205506
020208006
020210506
020213006
020215506
020218006
020220506
020223006
020225506
020228006
020230506
020233006
020235506
020238006
020240506
020243006
020245506
020248006
020250506
020253006
020255506
020258006
020260506
020263006
020265506
020268006
020270506
020273006
020275506
020278006
020280506
020283006
030060506
030063006
030065506
030068006
030070506
030073006
030075506
030078006
030080506
030083006
030085506
030088006
030090506
030093006
030095506
030098006
030100506
030103006
030105506
030108006
030110506
030113006
030115506
030118006
030120506
030123006
030125506
030128006
030130506
030133006
030135506
030138006
030140506
030143006
030145506
030148006
030150506
030158006
030160506
030163006
030165506
030168006
030170506
030173006
030175506
030178006
030180506
030183006
030185506
030188006
030190506
030193006
030195506
030198006
030200506
030203006
030205506
030208006
030210506
030213006
030215506
030218006
030220506
030223006
030225506
030228006
030230506
030233006
030235506
030238006
030240506
030243006
030245506
030248006
030250506
030253006
030255506
030258006
030260506
030263006
030265506
030268006
030270506
030273006
030275506
030278006
030280506
030283006
040060506
040063006
040065506
040068006
040070506
040073006
040075506
040083006
040085506
040088006
040090506
040093006
040095506
040098006
040100506
040103006
040105506
040108006
040110506
040113006
040115506
040118006
040120506
040123006
040125506
040128006
040130506
040133006
040135506
040138006
040140506
040143006
040155506
040158006
040160506
040163006
040165506
040168006
040170506
040173006
040175506
040178006
040180506
040183006
040185506
040188006
040190506
040193006
040195506
040198006
040200506
040203006
040205506
040208006
040210506
040213006
040215506
040218006
040220506
040223006
040225506
040228006
040230506
040233006
040235506
040238006
040240506
040243006
040245506
040248006
040250506
040253006
040255506
040258006
040260506
040263006
040265506
040268006
040270506
040273006
040275506
040278006
040280506
040283006
050173006
050175506
050178006
050180506
050183006
050185506
050188006
050190506
050193006
050195506
050198006
050200506
050203006
050205506
050208006
050210506
050213006
050215506
050218006
050220506
050223006
050225506
050228006
050230506
050233006
060060506
060063006
060065506
060068006
060070506
060073006
060075506
060078006
060080506
060083006
060085506
060088006
060090506
060093006
060095506
060098006
060100506
060103006
060105506
060108006
060110506
060113006
060115506
060118006
060120506
060123006
060125506
060128006
060130506
060133006
060135506
060138006
060140506
060143006
060145506
060148006
060150506
060153006
060155506
060158006
060160506
060163006
060165506
060168006
060170506
060173006
060175506
060178006
060180506
060183006
060185506
060188006
060190506
060193006
060195506
060198006
060200506
060203006
060205506
060208006
060210506
060213006
060215506
060218006
060220506
060223006
060225506
060228006
060230506
060233006
060235506
060238006
060240506
060243006
060245506
060248006
060250506
060253006
060255506
060258006
060260506
060263006
060265506
060268006
060270506
060273006
060275506
060278006
060280506
060283006
070133006
070135506
070138006
070140506
070143006
070145506
070148006
070150506
070153006
070155506
070158006
070160506
070163006
070165506
070168006
070170506
070173006
080060506
080063006
080065506
080068006
080070506
080073006
080075506
080078006
080080506
080083006
080085506
080088006
080090506
080093006
080095506
080098006
080100506
080103006
080105506
080108006
080110506
080113006
080115506
080118006
080120506
080123006
080125506
080128006
080130506
080133006
080135506
080138006
080140506
080143006
080145506
080148006
080150506
080153006
080155506
080158006
080160506
080163006
080165506
080168006
080170506
080173006
080175506
080178006
080180506
080183006
080185506
080188006
080190506
080193006
080195506
080198006
080200506
080203006
080205506
080208006
080210506
080213006
080215506
080218006
080220506
080223006
080225506
080228006
080230506
080233006
080235506
080238006
080240506
080243006
080245506
080248006
080250506
080253006
080255506
080258006
080260506
080263006
080265506
080268006
080270506
080273006
080275506
080278006
080280506
080283006
090060506
090063006
090065506
090100506
090103006
090105506
090108006
090110506
090113006
090115506
090118006
090120506
090123006
090125506
090128006
090130506
090133006
090135506
090138006
090140506
090143006
090240506
090243006
090245506
090248006
090250506
090253006
090255506
090258006
090260506
090263006
090265506
090268006
090270506
090273006
090275506
090278006
090280506
100060506
100063006
100065506
100068006
100070506
100073006
100075506
100078006
100080506
100083006
100085506
100088006
100090506
100093006
100095506
100098006
100100506
100110506
100113006
100115506
100118006
100120506
100123006
100125506
100128006
100130506
100133006
100135506
100138006
100140506
100143006
100145506
100148006
100150506
100153006
100155506
100158006
100160506
100163006
100165506
100168006
100170506
100173006
100175506
100178006
100180506
100183006
100185506
100188006
100268006
100270506
100273006
100275506
100278006
100280506
100283006
110060506
110063006
110065506
110068006
110070506
110073006
110075506
110078006
110080506
110083006
110085506
110088006
110090506
110093006
110095506
110098006
110100506
110103006
110105506
110108006
110110506
110113006
110115506
110118006
110120506
110123006
110125506
110128006
110130506
110133006
110135506
110138006
110140506
110143006
110145506
110148006
110150506
110153006
110155506
110158006
110160506
110163006
110165506
110168006
110170506
110173006
110175506
110178006
110180506
110183006
110185506
110188006
110190506
110193006
110195506
110198006
110200506
110203006
110205506
110208006
110210506
110213006
110215506
110218006
110220506
110223006
110225506
110228006
110230506
110233006
110235506
110238006
110240506
110243006
110245506
110248006
110250506
110253006
110255506
110258006
110260506
110263006
110265506
110268006
110270506
110273006
110275506
110278006
110280506
110283006
120060506
120063006
120065506
120068006
120070506
120073006
120075506
120078006
120080506
120083006
120085506
120088006
120090506
120093006
120095506
120098006
120105506
120108006
120110506
120113006
120115506
120118006
120120506
120123006
120125506
120128006
120130506
120133006
120135506
120138006
120140506
120160506
120163006
120165506
120168006
120170506
120173006
120175506
120178006
130060506
130063006
130065506
130068006
130070506
130073006
130075506
130078006
130080506
130083006
130085506
130088006
130090506
130093006
130095506
130098006
130100506
130103006
130105506
130108006
130110506
130113006
130115506
130118006
130120506
130123006
130125506
130128006
130130506
130133006
130135506
130138006
130140506
130143006
130145506
130148006
130150506
130153006
130155506
130158006
130160506
130163006
130165506
130168006
130170506
130173006
130175506
130178006
130180506
130183006
130185506
130188006
130190506
130193006
130195506
130198006
130200506
130203006
130205506
130208006
130210506
130213006
130215506
130218006
130220506
130223006
130225506
130228006
130230506
130233006
130235506
130238006
130240506
130243006
130245506
130248006
130250506
130253006
130255506
130258006
130260506
130263006
130265506
130268006
130270506
130273006
130275506
130278006
130280506
130283006
140060506
140063006
140065506
140068006
140070506
140073006
140075506
140078006
140080506
140083006
140085506
140088006
140090506
140093006
140095506
140098006
140100506
140103006
140105506
140108006
140110506
140113006
140115506
140118006
140120506
140123006
140125506
140128006
140130506
140133006
140135506
140138006
140140506
140143006
140145506
140148006
140150506
140153006
140155506
140158006
140160506
140163006
140165506
140168006
140170506
140173006
140175506
140178006
140180506
140183006
140185506
140188006
140190506
140193006
140195506
140198006
140200506
140203006
140205506
140208006
140210506
140213006
140215506
140218006
140220506
140223006
140225506
140228006
140230506
140233006
140235506
140238006
140240506
140243006
140245506
140248006
140250506
140253006
140255506
140258006
140260506
140263006
140265506
140268006
140270506
140273006
140275506
140278006
140280506
140283006
150060506
150063006
150065506
150068006
150070506
150073006
150075506
150078006
150080506
150083006
150085506
150088006
150090506
150093006
150095506
150098006
150100506
150103006
150105506
150108006
150110506
150113006
150115506
150118006
150120506
150123006
150125506
150128006
150130506
150133006
150135506
150138006
150140506
150143006
150145506
150148006
150150506
150153006
150155506
150158006
150160506
150163006
150165506
150168006
150170506
150173006
150175506
150178006
150180506
150183006
150185506
150188006
150190506
150193006
150195506
150198006
150200506
150203006
150205506
150208006
150210506
150213006
150215506
150218006
150220506
150223006
150225506
150228006
150230506
150233006
150235506
150238006
150240506
150243006
150245506
150248006
150250506
150253006
150255506
150258006
150260506
150263006
150265506
150268006
150270506
150273006
150275506
150278006
150280506
150283006
160060506
160108006
160110506
160113006
160115506
160118006
160120506
160123006
160125506
160128006
160130506
160133006
160135506
160138006
160140506
160143006
160145506
160148006
160150506
160153006
160155506
160158006
160160506
160163006
160165506
160168006
160170506
160173006
160175506
160178006
160180506
160183006
160185506
160188006
160190506
160193006
160195506
160198006
160200506
160203006
160205506
160208006
160210506
160213006
160215506
160218006
160220506
160223006
160225506
160228006
160230506
160233006
160235506
160238006
160240506
160243006
160245506
160248006
160250506
160253006
160255506
160258006
160260506
160263006
160265506
160268006
160270506
160273006
160275506
160278006
160280506
160283006
170098006
170100506
170103006
170105506
170108006
170110506
170113006
170115506
170118006
170120506
170123006
170125506
170128006
170130506
170133006
170135506
170138006
170140506
170143006
170145506
170148006
170150506
170153006
170155506
170158006
170160506
170163006
170165506
170168006
170170506
170173006
170175506
170178006
170180506
170183006
170185506
170188006
170190506
170193006
170195506
170198006
170200506
170203006
170205506
170208006
170210506
170213006
170215506
170218006
170220506
170223006
170225506
170228006
170230506
170233006
170235506
170238006
170240506
170243006
170245506
170248006
170250506
170253006
170255506
170258006
170260506
170263006
170265506
170268006
170270506
170273006
170275506
170278006
170280506
170283006
180073006
180075506
180078006
180080506
180083006
180085506
180088006
180090506
180105506
180108006
180110506
180113006
180115506
180118006
180120506
180123006
190078006
190080506
190083006
190085506
190088006
190090506
190095506
190098006
190100506
190103006
190105506
190108006
190110506
190163006
190165506
190168006
190170506
190173006
190175506
190180506
190183006
190185506
190188006
190190506
190193006
190195506
190198006
190200506
190203006
190205506
190208006
190210506
190213006
190215506
190248006
190250506
190253006
190255506
190258006
190260506
190265506
190268006
190270506
190273006
190275506
190278006
190280506
190283006
200158006
200160506
200163006
200165506
200168006
200170506
200173006
200175506
200178006
200180506
200183006
200185506
200255506
200258006
200260506
200263006
200265506
200268006
200270506
200273006
200275506
200278006
200280506
200283006
210113006
210115506
210118006
210120506
210123006
210125506
210128006
210130506
210133006
220185506
220188006
220190506
220193006
220195506
220198006
220200506
220203006
220205506
220208006
220210506
220213006
220215506
220218006
220220506
220223006
220225506
220228006
220230506
220233006
220235506
220238006
220240506
220243006
220245506
220248006
220250506
220253006
220255506
220258006
220260506
220263006
220265506
220268006
220270506
220273006
230060506
230063006
230065506
230068006
230070506
230073006
230075506
230078006
230080506
230083006
230085506
230088006
230090506
230123006
230125506
230128006
230130506
230133006
230135506
230138006
230140506
230143006
230145506
230148006
230150506
230153006
230155506
230158006
230185506
230188006
230190506
230193006
230195506
230198006
230200506
230203006
230205506
230208006
230210506
230213006
230215506
230218006
230220506
230223006
230225506
230228006
240060506
240063006
240065506
240068006
240070506
240073006
240075506
240078006
240080506
240085506
240088006
240090506
240093006
240095506
240098006
240100506
240103006
240105506
240108006
240110506
240113006
240115506
240118006
240120506
240123006
240125506
240128006
240130506
240133006
240135506
240138006
240140506
240143006
240145506
240148006
240150506
240153006
240155506
240158006
240160506
240163006
240165506
240168006
240170506
240173006
240175506
240178006
240180506
240183006
240188006
240190506
240193006
240195506
240198006
240200506
240203006
240205506
240208006
240210506
240213006
240215506
240218006
240220506
240223006
240225506
240228006
240230506
240233006
240235506
240238006
240240506
240243006
240245506
240248006
240250506
240253006
240255506
240258006
240260506
240263006
240265506
250060506
250063006
250065506
250068006
250070506
250073006
250075506
250078006
250080506
250083006
250085506
250088006
250090506
250093006
250095506
250098006
250100506
250103006
250105506
250108006
250110506
250113006
250115506
250118006
250120506
250123006
250125506
250128006
250130506
250133006
250135506
250138006
250140506
250143006
250145506
250148006
250150506
250153006
250155506
250158006
250160506
250163006
250165506
250168006
250170506
250173006
250175506
260060506
260063006
260065506
260068006
260070506
260073006
260075506
260078006
260080506
260083006
260085506
260088006
260110506
260113006
260115506
260118006
260120506
260123006
260125506
260128006
260130506
260133006
260135506
260138006
260140506
260143006
260145506
260178006
260180506
260183006
260185506
260188006
260190506
260193006
260195506
260198006
260200506
260203006
260205506
260208006
260210506
260213006
260215506
260218006
260220506
260223006
260225506
260245506
260248006
260250506
260253006
260255506
260258006
260260506
260263006
260265506
260268006
260270506
260273006
260275506
260278006
270068006
270070506
270073006
270075506
270078006
270080506
270083006
270085506
270088006
270090506
270093006
270095506
270098006
270130506
270133006
270135506
270138006
270140506
270143006
270145506
270148006
270150506
270153006
270155506
270158006
270160506
270163006
280073006
280075506
280078006
280080506
280083006
280085506
280088006
280090506
280093006
280095506
280098006
280100506
280103006
280105506
280108006
280110506
280113006
280115506
280118006
280120506
280123006
280125506
280128006
280130506
280133006
280135506
280138006
280185506
280188006
280190506
280193006
280195506
280198006
280200506
280203006
280205506
280208006
280210506
280213006
280215506
280218006
280220506
280223006
280225506
280228006
280230506
280233006
280235506
280238006
280240506
280243006
280245506
280248006
280268006
280270506
280273006
280275506
280278006
280280506
280283006
290065506
290068006
290070506
290073006
290075506
290078006
290080506
290083006
290085506
290090506
290093006
290095506
290098006
290100506
290115506
290118006
290120506
290123006
290125506
290128006
290130506
290183006
290185506
290188006
290190506
290193006
290195506
290198006
290200506
310060506
310063006
310095506
310098006
310100506
310103006
310105506
310108006
310110506
310113006
310115506
310118006
310120506
310123006
310125506
310128006
310130506
310133006
310135506
310138006
310140506
310143006
310145506
310148006
310150506
310153006
310155506
310158006
310210506
310213006
310215506
310218006
310220506
310223006
310225506
310228006
310230506
310233006
310235506
310238006
310240506
310243006
310245506
310248006
310250506
310253006
310255506
310258006
310260506
310263006
310265506
310268006
310270506
310273006
310275506
310278006
310280506
310283006
320090506
320093006
320095506
320098006
320100506
320103006
320105506
320108006
320110506
320113006
320115506
320118006
320120506
320123006
320125506
320168006
320170506
320173006
320175506
320178006
320180506
320183006
320185506
320188006
320190506
330060506
330063006
330065506
330068006
330070506
330073006
330075506
330078006
330080506
330083006
330085506
330088006
330090506
330093006
330100506
330103006
330105506
330108006
330110506
330113006
330115506
330130506
330133006
330135506
330138006
330140506
330143006
330145506
330148006
360160506
360163006
360165506
360168006
360170506
360173006
360175506
360178006
360180506
360183006
360185506
360188006
360190506
360193006
360195506
360198006
360200506
360203006
360205506
360208006
360210506
360213006
360215506
360218006
360220506
360223006
360225506
360228006
360230506
360233006
360235506
360238006
360240506
360243006
360245506
360248006
360250506
360253006
360255506
380065506
380068006
380070506
380073006
380075506
380078006
380080506
380083006
380085506
380088006
380090506
380093006
380095506
380098006
380100506
380103006
380105506
380108006
380110506
380113006
380115506
380118006
380135506
380138006
380140506
380143006
380145506
380148006
380150506
380153006
390088006
390090506
390093006
390095506
390098006
390100506
390103006
390105506
390108006
390110506
390113006
390115506
390118006
390120506
390123006
390125506
390128006
390130506
390133006
390135506
390138006
390140506
390143006
400075506
400078006
400080506
400083006
400085506
400088006
400090506
400093006
400095506
400098006
400100506
400103006
400105506
400108006
400110506
400113006
400115506
400118006
400120506
400123006
400125506
400128006
400130506
400133006
400135506
400138006
400140506
400143006
400145506
400148006
400150506
400153006
400155506
400158006
400160506
400163006
400165506
400168006
400170506
400173006
410085506
410088006
410090506
410093006
410095506
