010050001
010050002
010050003
010050004
010050005
010050006
010050007
010050008
010050009
010050010
010050011
010050501
010050502
010050503
010050504
010050505
010050506
010050507
010050508
010050509
010050510
010050511
010051001
010051002
010051003
010051004
010051005
010051006
010051007
010051008
010051009
010051010
010051011
010051501
010051502
010051503
010051504
010051505
010051506
010051507
010051508
010051509
010051510
010051511
010052001
010052002
010052003
010052004
010052005
010052006
010052007
010052008
010052009
010052010
010052011
010052501
010052502
010052503
010052504
010052505
010052506
010052507
010052508
010052509
010052510
010052511
010053001
010053002
010053003
010053004
010053005
010053006
010053007
010053008
010053009
010053010
010053011
010053501
010053502
010053503
010053504
010053505
010053506
010053507
010053508
010053509
010053510
010053511
010054001
010054002
010054003
010054004
010054005
010054006
010054007
010054008
010054009
010054010
010054011
010054501
010054502
010054503
010054504
010054505
010054506
010054507
010054508
010054509
010054510
010054511
010055001
010055002
010055003
010055004
010055005
010055006
010055007
010055008
010055009
010055010
010055011
010055501
010055502
010055503
010055504
010055505
010055506
010055507
010055508
010055509
010055510
010055511
010056001
010056002
010056003
010056004
010056005
010056006
010056007
010056008
010056009
010056010
010056011
010056501
010056502
010056503
010056504
010056505
010056506
010056507
010056508
010056509
010056510
010056511
010057001
010057002
010057003
010057004
010057005
010057006
010057007
010057008
010057009
010057010
010057011
010057501
010057502
010057503
010057504
010057505
010057506
010057507
010057508
010057509
010057510
010057511
010058001
010058002
010058003
010058004
010058005
010058006
010058007
010058008
010058009
010058010
010058011
010058501
010058502
010058503
010058504
010058505
010058506
010058507
010058508
010058509
010058510
010058511
010059001
010059002
010059003
010059004
010059005
010059006
010059007
010059008
010059009
010059010
010059011
010059501
010059502
010059503
010059504
010059505
010059506
010059507
010059508
010059509
010059510
010059511
010060001
010060002
010060003
010060004
010060005
010060006
010060007
010060008
010060009
010060010
010060011
010060501
010060502
010060503
010060504
010060505
010060506
010060507
010060508
010060509
010060510
010060511
010061001
010061002
010061003
010061004
010061005
010061006
010061007
010061008
010061009
010061010
010061011
010061501
010061502
010061503
010061504
010061505
010061506
010061507
010061508
010061509
010061510
010061511
010062001
010062002
010062003
010062004
010062005
010062006
010062007
010062008
010062009
010062010
010062011
010062501
010062502
010062503
010062504
010062505
010062506
010062507
010062508
010062509
010062510
010062511
010063001
010063002
010063003
010063004
010063005
010063006
010063007
010063008
010063009
010063010
010063011
010063501
010063502
010063503
010063504
010063505
010063506
010063507
010063508
010063509
010063510
010063511
010064001
010064002
010064003
010064004
010064005
010064006
010064007
010064008
010064009
010064010
010064011
010064501
010064502
010064503
010064504
010064505
010064506
010064507
010064508
010064509
010064510
010064511
010065001
010065002
010065003
010065004
010065005
010065006
010065007
010065008
010065009
010065010
010065011
010065501
010065502
010065503
010065504
010065505
010065506
010065507
010065508
010065509
010065510
010065511
010066001
010066002
010066003
010066004
010066005
010066006
010066007
010066008
010066009
010066010
010066011
010066501
010066502
010066503
010066504
010066505
010066506
010066507
010066508
010066509
010066510
010066511
010067001
010067002
010067003
010067004
010067005
010067006
010067007
010067008
010067009
010067010
010067011
010067501
010067502
010067503
010067504
010067505
010067506
010067507
010067508
010067509
010067510
010067511
010068001
010068002
010068003
010068004
010068005
010068006
010068007
010068008
010068009
010068010
010068011
010068501
010068502
010068503
010068504
010068505
010068506
010068507
010068508
010068509
010068510
010068511
010069001
010069002
010069003
010069004
010069005
010069006
010069007
010069008
010069009
010069010
010069011
010069501
010069502
010069503
010069504
010069505
010069506
010069507
010069508
010069509
010069510
010069511
010070001
010070002
010070003
010070004
010070005
010070006
010070007
010070008
010070009
010070010
010070011
010070501
010070502
010070503
010070504
010070505
010070506
010070507
010070508
010070509
010070510
010070511
010071001
010071002
010071003
010071004
010071005
010071006
010071007
010071008
010071009
010071010
010071011
010071501
010071502
010071503
010071504
010071505
010071506
010071507
010071508
010071509
010071510
010071511
010072001
010072002
010072003
010072004
010072005
010072006
010072007
010072008
010072009
010072010
010072011
010072501
010072502
010072503
010072504
010072505
010072506
010072507
010072508
010072509
010072510
010072511
010073001
010073002
010073003
010073004
010073005
010073006
010073007
010073008
010073009
010073010
010073011
010073501
010073502
010073503
010073504
010073505
010073506
010073507
010073508
010073509
010073510
010073511
010074001
010074002
010074003
010074004
010074005
010074006
010074007
010074008
010074009
010074010
010074011
010074501
010074502
010074503
010074504
010074505
010074506
010074507
010074508
010074509
010074510
010074511
010075001
010075002
010075003
010075004
010075005
010075006
010075007
010075008
010075009
010075010
010075011
010075501
010075502
010075503
010075504
010075505
010075506
010075507
010075508
010075509
010075510
010075511
010076001
010076002
010076003
010076004
010076005
010076006
010076007
010076008
010076009
010076010
010076011
010076501
010076502
010076503
010076504
010076505
010076506
010076507
010076508
010076509
010076510
010076511
010077001
010077002
010077003
010077004
010077005
010077006
010077007
010077008
010077009
010077010
010077011
010077501
010077502
010077503
010077504
010077505
010077506
010077507
010077508
010077509
010077510
010077511
010078001
010078002
010078003
010078004
010078005
010078006
010078007
010078008
010078009
010078010
010078011
010078501
010078502
010078503
010078504
010078505
010078506
010078507
010078508
010078509
010078510
010078511
010079001
010079002
010079003
010079004
010079005
010079006
010079007
010079008
010079009
010079010
010079011
010079501
010079502
010079503
010079504
010079505
010079506
010079507
010079508
010079509
010079510
010079511
010080001
010080002
010080003
010080004
010080005
010080006
010080007
010080008
010080009
010080010
010080011
010080501
010080502
010080503
010080504
010080505
010080506
010080507
010080508
010080509
010080510
010080511
010081001
010081002
010081003
010081004
010081005
010081006
010081007
010081008
010081009
010081010
010081011
010081501
010081502
010081503
010081504
010081505
010081506
010081507
010081508
010081509
010081510
010081511
010082001
010082002
010082003
010082004
010082005
010082006
010082007
010082008
010082009
010082010
010082011
010082501
010082502
010082503
010082504
010082505
010082506
010082507
010082508
010082509
010082510
010082511
010083001
010083002
010083003
010083004
010083005
010083006
010083007
010083008
010083009
010083010
010083011
010083501
010083502
010083503
010083504
010083505
010083506
010083507
010083508
010083509
010083510
010083511
010084001
010084002
010084003
010084004
010084005
010084006
010084007
010084008
010084009
010084010
010084011
010084501
010084502
010084503
010084504
010084505
010084506
010084507
010084508
010084509
010084510
010084511
010085001
010085002
010085003
010085004
010085005
010085006
010085007
010085008
010085009
010085010
010085011
010085501
010085502
010085503
010085504
010085505
010085506
010085507
010085508
010085509
010085510
010085511
010086001
010086002
010086003
010086004
010086005
010086006
010086007
010086008
010086009
010086010
010086011
010086501
010086502
010086503
010086504
010086505
010086506
010086507
010086508
010086509
010086510
010086511
010087001
010087002
010087003
010087004
010087005
010087006
010087007
010087008
010087009
010087010
010087011
010087501
010087502
010087503
010087504
010087505
010087506
010087507
010087508
010087509
010087510
010087511
010088001
010088002
010088003
010088004
010088005
010088006
010088007
010088008
010088009
010088010
010088011
010088501
010088502
010088503
010088504
010088505
010088506
010088507
010088508
010088509
010088510
010088511
010089001
010089002
010089003
010089004
010089005
010089006
010089007
010089008
010089009
010089010
010089011
