020050001
020050002
020050003
020050004
020050005
020050006
020050007
020050008
020050009
020050010
020050011
020051501
020051502
020051503
020051504
020051505
020051506
020051507
020051508
020051509
020051510
020051511
020053001
020053002
020053003
020053004
020053005
020053006
020053007
020053008
020053009
020053010
020053011
020054501
020054502
020054503
020054504
020054505
020054506
020054507
020054508
020054509
020054510
020054511
020056001
020056002
020056003
020056004
020056005
020056006
020056007
020056008
020056009
020056010
020056011
020057501
020057502
020057503
020057504
020057505
020057506
020057507
020057508
020057509
020057510
020057511
020059001
020059002
020059003
020059004
020059005
020059006
020059007
020059008
020059009
020059010
020059011
020060501
020060502
020060503
020060504
020060505
020060506
020060507
020060508
020060509
020060510
020060511
030053001
030053002
030053003
030053004
030053005
030053006
030053007
030053008
030053009
030053010
030053011
030054501
030054502
030054503
030054504
030054505
030054506
030054507
030054508
030054509
030054510
030054511
030056001
030056002
030056003
030056004
030056005
030056006
030056007
030056008
030056009
030056010
030056011
030057501
030057502
030057503
030057504
030057505
030057506
030057507
030057508
030057509
030057510
030057511
030059001
030059002
030059003
030059004
030059005
030059006
030059007
030059008
030059009
030059010
030059011
030060501
030060502
030060503
030060504
030060505
030060506
030060507
030060508
030060509
030060510
030060511
040050001
040050002
040050003
040050004
040050005
040050006
040050007
040050008
040050009
040050010
040050011
040051501
040051502
040051503
040051504
040051505
040051506
040051507
040051508
040051509
040051510
040051511
040053001
040053002
040053003
040053004
040053005
040053006
040053007
040053008
040053009
040053010
040053011
040054501
040054502
040054503
040054504
040054505
040054506
040054507
040054508
040054509
040054510
040054511
040056001
040056002
040056003
040056004
040056005
040056006
040056007
040056008
040056009
040056010
040056011
040057501
040057502
040057503
040057504
040057505
040057506
040057507
040057508
040057509
040057510
040057511
040059001
040059002
040059003
040059004
040059005
040059006
040059007
040059008
040059009
040059010
040059011
040060501
040060502
040060503
040060504
040060505
040060506
040060507
040060508
040060509
040060510
040060511
060050001
060050002
060050003
060050004
060050005
060050006
060050007
060050008
060050009
060050010
060050011
060051501
060051502
060051503
060051504
060051505
060051506
060051507
060051508
060051509
060051510
060051511
060053001
060053002
060053003
060053004
060053005
060053006
060053007
060053008
060053009
060053010
060053011
060054501
060054502
060054503
060054504
060054505
060054506
060054507
060054508
060054509
060054510
060054511
060056001
060056002
060056003
060056004
060056005
060056006
060056007
060056008
060056009
060056010
060056011
060057501
060057502
060057503
060057504
060057505
060057506
060057507
060057508
060057509
060057510
060057511
060059001
060059002
060059003
060059004
060059005
060059006
060059007
060059008
060059009
060059010
060059011
060060501
060060502
060060503
060060504
060060505
060060506
060060507
060060508
060060509
060060510
060060511
080050001
080050002
080050003
080050004
080050005
080050006
080050007
080050008
080050009
080050010
080050011
080051501
080051502
080051503
080051504
080051505
080051506
080051507
080051508
080051509
080051510
080051511
080053001
080053002
080053003
080053004
080053005
080053006
080053007
080053008
080053009
080053010
080053011
080054501
080054502
080054503
080054504
080054505
080054506
080054507
080054508
080054509
080054510
080054511
080056001
080056002
080056003
080056004
080056005
080056006
080056007
080056008
080056009
080056010
080056011
080057501
080057502
080057503
080057504
080057505
080057506
080057507
080057508
080057509
080057510
080057511
080059001
080059002
080059003
080059004
080059005
080059006
080059007
080059008
080059009
080059010
080059011
080060501
080060502
080060503
080060504
080060505
080060506
080060507
080060508
080060509
080060510
080060511
090050001
090050002
090050003
090050004
090050005
090050006
090050007
090050008
090050009
090050010
090050011
090051501
090051502
090051503
090051504
090051505
090051506
090051507
090051508
090051509
090051510
090051511
090053001
090053002
090053003
090053004
090053005
090053006
090053007
090053008
090053009
090053010
090053011
090054501
090054502
090054503
090054504
090054505
090054506
090054507
090054508
090054509
090054510
090054511
090056001
090056002
090056003
090056004
090056005
090056006
090056007
090056008
090056009
090056010
090056011
090057501
090057502
090057503
090057504
090057505
090057506
090057507
090057508
090057509
090057510
090057511
090059001
090059002
090059003
090059004
090059005
090059006
090059007
090059008
090059009
090059010
090059011
090060501
090060502
090060503
090060504
090060505
090060506
090060507
090060508
090060509
090060510
090060511
100056001
100056002
100056003
100056004
100056005
100056006
100056007
100056008
100056009
100056010
100056011
100057501
100057502
100057503
100057504
100057505
100057506
100057507
100057508
100057509
100057510
100057511
100059001
100059002
100059003
100059004
100059005
100059006
100059007
100059008
100059009
100059010
100059011
100060501
100060502
100060503
100060504
100060505
100060506
100060507
100060508
100060509
100060510
100060511
110050001
110050002
110050003
110050004
110050005
110050006
110050007
110050008
110050009
110050010
110050011
110051501
110051502
110051503
110051504
110051505
110051506
110051507
110051508
110051509
110051510
110051511
110053001
110053002
110053003
110053004
110053005
110053006
110053007
110053008
110053009
110053010
110053011
110054501
110054502
110054503
110054504
110054505
110054506
110054507
110054508
110054509
110054510
110054511
110056001
110056002
110056003
110056004
110056005
110056006
110056007
110056008
110056009
110056010
110056011
110057501
110057502
110057503
110057504
110057505
110057506
110057507
110057508
110057509
110057510
110057511
110059001
110059002
110059003
110059004
110059005
110059006
110059007
110059008
110059009
110059010
110059011
110060501
110060502
110060503
110060504
110060505
110060506
110060507
110060508
110060509
110060510
110060511
120050001
120050002
120050003
120050004
120050005
120050006
120050007
120050008
120050009
120050010
120050011
120051501
120051502
120051503
120051504
120051505
120051506
120051507
120051508
120051509
120051510
120051511
120053001
120053002
120053003
120053004
120053005
120053006
120053007
120053008
120053009
120053010
120053011
120054501
120054502
120054503
120054504
120054505
120054506
120054507
120054508
120054509
120054510
120054511
120056001
120056002
120056003
120056004
120056005
120056006
120056007
120056008
120056009
120056010
120056011
120057501
120057502
120057503
120057504
120057505
120057506
120057507
120057508
120057509
120057510
120057511
120059001
120059002
120059003
120059004
120059005
120059006
120059007
120059008
120059009
120059010
120059011
120060501
120060502
120060503
120060504
120060505
120060506
120060507
120060508
120060509
120060510
120060511
130050001
130050002
130050003
130050004
130050005
130050006
130050007
130050008
130050009
130050010
130050011
130051501
130051502
130051503
130051504
130051505
130051506
130051507
130051508
130051509
130051510
130051511
130053001
130053002
130053003
130053004
130053005
130053006
130053007
130053008
130053009
130053010
130053011
130054501
130054502
130054503
130054504
130054505
130054506
130054507
130054508
130054509
130054510
130054511
130056001
130056002
130056003
130056004
130056005
130056006
130056007
130056008
130056009
130056010
130056011
130057501
130057502
130057503
130057504
130057505
130057506
130057507
130057508
130057509
130057510
130057511
130059001
130059002
130059003
130059004
130059005
130059006
130059007
130059008
130059009
130059010
130059011
130060501
130060502
130060503
130060504
130060505
130060506
130060507
130060508
130060509
130060510
130060511
140050001
140050002
140050003
140050004
140050005
140050006
140050007
140050008
140050009
140050010
140050011
140051501
140051502
140051503
140051504
140051505
140051506
140051507
140051508
140051509
140051510
140051511
140053001
140053002
140053003
140053004
140053005
140053006
140053007
140053008
140053009
140053010
140053011
140054501
140054502
140054503
140054504
140054505
140054506
140054507
140054508
140054509
140054510
140054511
140056001
140056002
140056003
140056004
140056005
140056006
140056007
140056008
140056009
140056010
140056011
140057501
140057502
140057503
140057504
140057505
140057506
140057507
140057508
140057509
140057510
140057511
140059001
140059002
140059003
140059004
140059005
140059006
140059007
140059008
140059009
140059010
140059011
140060501
140060502
140060503
140060504
140060505
140060506
140060507
140060508
140060509
140060510
140060511
150050001
150050002
150050003
150050004
150050005
150050006
150050007
150050008
150050009
150050010
150050011
150051501
150051502
150051503
150051504
150051505
150051506
150051507
150051508
150051509
150051510
150051511
150053001
150053002
150053003
150053004
150053005
150053006
150053007
150053008
150053009
150053010
150053011
150054501
150054502
150054503
150054504
150054505
150054506
150054507
150054508
150054509
150054510
150054511
150056001
150056002
150056003
150056004
150056005
150056006
150056007
150056008
150056009
150056010
150056011
150057501
150057502
150057503
150057504
150057505
150057506
150057507
150057508
150057509
150057510
150057511
150059001
150059002
150059003
150059004
150059005
150059006
150059007
150059008
150059009
150059010
150059011
150060501
150060502
150060503
150060504
150060505
150060506
150060507
150060508
150060509
150060510
150060511
160050001
160050002
160050003
160050004
160050005
160050006
160050007
160050008
160050009
160050010
160050011
160051501
160051502
160051503
160051504
160051505
160051506
160051507
160051508
160051509
160051510
160051511
160053001
160053002
160053003
160053004
160053005
160053006
160053007
160053008
160053009
160053010
160053011
160054501
160054502
160054503
160054504
160054505
160054506
160054507
160054508
160054509
160054510
160054511
160056001
160056002
160056003
160056004
160056005
160056006
160056007
160056008
160056009
160056010
160056011
160057501
160057502
160057503
160057504
160057505
160057506
160057507
160057508
160057509
160057510
160057511
160059001
160059002
160059003
160059004
160059005
160059006
160059007
160059008
160059009
160059010
160059011
160060501
160060502
160060503
160060504
160060505
160060506
160060507
160060508
160060509
160060510
160060511
180050001
180050002
180050003
180050004
180050005
180050006
180050007
180050008
180050009
180050010
180050011
180051501
180051502
180051503
180051504
180051505
180051506
180051507
180051508
180051509
180051510
180051511
180053001
180053002
180053003
180053004
180053005
180053006
180053007
180053008
180053009
180053010
180053011
180054501
180054502
180054503
180054504
180054505
180054506
180054507
180054508
180054509
180054510
180054511
180056001
180056002
180056003
180056004
180056005
180056006
180056007
180056008
180056009
180056010
180056011
180057501
180057502
180057503
180057504
180057505
180057506
180057507
180057508
180057509
180057510
180057511
190050001
190050002
190050003
190050004
190050005
190050006
190050007
190050008
190050009
190050010
190050011
190051501
190051502
190051503
190051504
190051505
190051506
190051507
190051508
190051509
190051510
190051511
190053001
190053002
190053003
190053004
190053005
190053006
190053007
190053008
190053009
190053010
190053011
190054501
190054502
190054503
190054504
190054505
190054506
190054507
190054508
190054509
190054510
190054511
190056001
190056002
190056003
190056004
190056005
190056006
190056007
190056008
190056009
190056010
190056011
190057501
190057502
190057503
190057504
190057505
190057506
190057507
190057508
190057509
190057510
190057511
200050001
200050002
200050003
200050004
200050005
200050006
200050007
200050008
200050009
200050010
200050011
200051501
200051502
200051503
200051504
200051505
200051506
200051507
200051508
200051509
200051510
200051511
200053001
200053002
200053003
200053004
200053005
200053006
200053007
200053008
200053009
200053010
200053011
230050001
230050002
230050003
230050004
230050005
230050006
230050007
230050008
230050009
230050010
230050011
230051501
230051502
230051503
230051504
230051505
230051506
230051507
230051508
230051509
230051510
230051511
230053001
230053002
230053003
230053004
230053005
230053006
230053007
230053008
230053009
230053010
230053011
230054501
230054502
230054503
230054504
230054505
230054506
230054507
230054508
230054509
230054510
230054511
230056001
230056002
230056003
230056004
230056005
230056006
230056007
230056008
230056009
230056010
230056011
230057501
230057502
230057503
230057504
230057505
230057506
230057507
230057508
230057509
230057510
230057511
230059001
230059002
230059003
230059004
230059005
230059006
230059007
230059008
230059009
230059010
230059011
230060501
230060502
230060503
230060504
230060505
230060506
230060507
230060508
230060509
230060510
230060511
240060501
240060502
240060503
240060504
240060505
240060506
240060507
240060508
240060509
240060510
240060511
250050001
250050002
250050003
250050004
250050005
250050006
250050007
250050008
250050009
250050010
250050011
250051501
250051502
250051503
250051504
250051505
250051506
250051507
250051508
250051509
250051510
250051511
250053001
250053002
250053003
250053004
250053005
250053006
250053007
250053008
250053009
250053010
250053011
250054501
250054502
250054503
250054504
250054505
250054506
250054507
250054508
250054509
250054510
250054511
250056001
250056002
250056003
250056004
250056005
250056006
250056007
250056008
250056009
250056010
250056011
250057501
250057502
250057503
250057504
250057505
250057506
250057507
250057508
250057509
250057510
250057511
250059001
250059002
250059003
250059004
250059005
250059006
250059007
250059008
250059009
250059010
250059011
250060501
250060502
250060503
250060504
250060505
250060506
250060507
250060508
250060509
250060510
250060511
260050001
260050002
260050003
260050004
260050005
260050006
260050007
260050008
260050009
260050010
260050011
260051501
260051502
260051503
260051504
260051505
260051506
260051507
260051508
260051509
260051510
260051511
260053001
260053002
260053003
260053004
260053005
260053006
260053007
260053008
260053009
260053010
260053011
260054501
260054502
260054503
260054504
260054505
260054506
260054507
260054508
260054509
260054510
260054511
260056001
260056002
260056003
260056004
260056005
260056006
260056007
260056008
260056009
260056010
260056011
260057501
260057502
260057503
260057504
260057505
260057506
260057507
260057508
260057509
260057510
260057511
260059001
260059002
260059003
260059004
260059005
260059006
260059007
260059008
260059009
260059010
260059011
260060501
260060502
260060503
260060504
260060505
260060506
260060507
260060508
260060509
260060510
260060511
310050001
310050002
310050003
310050004
310050005
310050006
310050007
310050008
310050009
310050010
310050011
310051501
310051502
310051503
310051504
310051505
310051506
310051507
310051508
310051509
310051510
310051511
310053001
310053002
310053003
310053004
310053005
310053006
310053007
310053008
310053009
310053010
310053011
310054501
310054502
310054503
310054504
310054505
310054506
310054507
310054508
310054509
310054510
310054511
310056001
310056002
310056003
310056004
310056005
310056006
310056007
310056008
310056009
310056010
310056011
310057501
310057502
310057503
310057504
310057505
310057506
310057507
310057508
310057509
310057510
310057511
310059001
310059002
310059003
310059004
310059005
310059006
310059007
310059008
310059009
310059010
310059011
310060501
310060502
310060503
310060504
310060505
310060506
310060507
310060508
310060509
310060510
310060511
330050001
330050002
330050003
330050004
330050005
330050006
330050007
330050008
330050009
330050010
330050011
330051501
330051502
330051503
330051504
330051505
330051506
330051507
330051508
330051509
330051510
330051511
330053001
330053002
330053003
330053004
330053005
330053006
330053007
330053008
330053009
330053010
330053011
330054501
330054502
330054503
330054504
330054505
330054506
330054507
330054508
330054509
330054510
330054511
330056001
330056002
330056003
330056004
330056005
330056006
330056007
330056008
330056009
330056010
330056011
330057501
330057502
330057503
330057504
330057505
330057506
330057507
330057508
330057509
330057510
330057511
330059001
330059002
330059003
330059004
330059005
330059006
330059007
330059008
330059009
330059010
330059011
330060501
330060502
330060503
330060504
330060505
330060506
330060507
330060508
330060509
330060510
330060511
