620053001
620053002
620053003
620053004
620053005
620053006
620053007
620053008
620053009
620053010
620053011
620054501
620054502
620054503
620054504
620054505
620054506
620054507
620054508
620054509
620054510
620054511
620056001
620056002
620056003
620056004
620056005
620056006
620056007
620056008
620056009
620056010
620056011
620057501
620057502
620057503
620057504
620057505
620057506
620057507
620057508
620057509
620057510
620057511
620059001
620059002
620059003
620059004
620059005
620059006
620059007
620059008
620059009
620059010
620059011
620060501
620060502
620060503
620060504
620060505
620060506
620060507
620060508
620060509
620060510
620060511
730057501
730057502
730057503
730057504
730057505
730057506
730057507
730057508
730057509
730057510
730057511
730059001
730059002
730059003
730059004
730059005
730059006
730059007
730059008
730059009
730059010
730059011
730060501
730060502
730060503
730060504
730060505
730060506
730060507
730060508
730060509
730060510
730060511
750059001
750059002
750059003
750059004
750059005
750059006
750059007
750059008
750059009
750059010
750059011
750060501
750060502
750060503
750060504
750060505
750060506
750060507
750060508
750060509
750060510
750060511
760050001
760050002
760050003
760050004
760050005
760050006
760050007
760050008
760050009
760050010
760050011
760051501
760051502
760051503
760051504
760051505
760051506
760051507
760051508
760051509
760051510
760051511
760053001
760053002
760053003
760053004
760053005
760053006
760053007
760053008
760053009
760053010
760053011
760054501
760054502
760054503
760054504
760054505
760054506
760054507
760054508
760054509
760054510
760054511
760056001
760056002
760056003
760056004
760056005
760056006
760056007
760056008
760056009
760056010
760056011
760057501
760057502
760057503
760057504
760057505
760057506
760057507
760057508
760057509
760057510
760057511
760059001
760059002
760059003
760059004
760059005
760059006
760059007
760059008
760059009
760059010
760059011
760060501
760060502
760060503
760060504
760060505
760060506
760060507
760060508
760060509
760060510
760060511
770059001
770059002
770059003
770059004
770059005
770059006
770059007
770059008
770059009
770059010
770059011
770060501
770060502
770060503
770060504
770060505
770060506
770060507
770060508
770060509
770060510
770060511
780059001
780059002
780059003
780059004
780059005
780059006
780059007
780059008
780059009
780059010
780059011
780060501
780060502
780060503
780060504
780060505
780060506
780060507
780060508
780060509
780060510
780060511
790056001
790056002
790056003
790056004
790056005
790056006
790056007
790056008
790056009
790056010
790056011
790057501
790057502
790057503
790057504
790057505
790057506
790057507
790057508
790057509
790057510
790057511
790059001
790059002
790059003
790059004
790059005
790059006
790059007
790059008
790059009
790059010
790059011
790060501
790060502
790060503
790060504
790060505
790060506
790060507
790060508
790060509
790060510
790060511
