010555001
010555002
010555003
010555004
010555005
010555006
010555007
010555008
010555009
010555010
010555011
010570001
010570002
010570003
010570004
010570005
010570006
010570007
010570008
010570009
010570010
010570011
010585001
010585002
010585003
010585004
010585005
010585006
010585007
010585008
010585009
010585010
010585011
010600001
010600002
010600003
010600004
010600005
010600006
010600007
010600008
010600009
010600010
010600011
010615001
010615002
010615003
010615004
010615005
010615006
010615007
010615008
010615009
010615010
010615011
010630001
010630002
010630003
010630004
010630005
010630006
010630007
010630008
010630009
010630010
010630011
010645001
010645002
010645003
010645004
010645005
010645006
010645007
010645008
010645009
010645010
010645011
010660001
010660002
010660003
010660004
010660005
010660006
010660007
010660008
010660009
010660010
010660011
010675001
010675002
010675003
010675004
010675005
010675006
010675007
010675008
010675009
010675010
010675011
010690001
010690002
010690003
010690004
010690005
010690006
010690007
010690008
010690009
010690010
010690011
010705001
010705002
010705003
010705004
010705005
010705006
010705007
010705008
010705009
010705010
010705011
010720001
010720002
010720003
010720004
010720005
010720006
010720007
010720008
010720009
010720010
010720011
010735001
010735002
010735003
010735004
010735005
010735006
010735007
010735008
010735009
010735010
010735011
010750001
010750002
010750003
010750004
010750005
010750006
010750007
010750008
010750009
010750010
010750011
010765001
010765002
010765003
010765004
010765005
010765006
010765007
010765008
010765009
010765010
010765011
010780001
010780002
010780003
010780004
010780005
010780006
010780007
010780008
010780009
010780010
010780011
010795001
010795002
010795003
010795004
010795005
010795006
010795007
010795008
010795009
010795010
010795011
010810001
010810002
010810003
010810004
010810005
010810006
010810007
010810008
010810009
010810010
010810011
010825001
010825002
010825003
010825004
010825005
010825006
010825007
010825008
010825009
010825010
010825011
