020555001
020555002
020555003
020555004
020555005
020555006
020555007
020555008
020555009
020555010
020555011
020570001
020570002
020570003
020570004
020570005
020570006
020570007
020570008
020570009
020570010
020570011
020585001
020585002
020585003
020585004
020585005
020585006
020585007
020585008
020585009
020585010
020585011
020600001
020600002
020600003
020600004
020600005
020600006
020600007
020600008
020600009
020600010
020600011
020615001
020615002
020615003
020615004
020615005
020615006
020615007
020615008
020615009
020615010
020615011
020630001
020630002
020630003
020630004
020630005
020630006
020630007
020630008
020630009
020630010
020630011
020645001
020645002
020645003
020645004
020645005
020645006
020645007
020645008
020645009
020645010
020645011
020660001
020660002
020660003
020660004
020660005
020660006
020660007
020660008
020660009
020660010
020660011
020675001
020675002
020675003
020675004
020675005
020675006
020675007
020675008
020675009
020675010
020675011
020690001
020690002
020690003
020690004
020690005
020690006
020690007
020690008
020690009
020690010
020690011
020705001
020705002
020705003
020705004
020705005
020705006
020705007
020705008
020705009
020705010
020705011
020720001
020720002
020720003
020720004
020720005
020720006
020720007
020720008
020720009
020720010
020720011
020735001
020735002
020735003
020735004
020735005
020735006
020735007
020735008
020735009
020735010
020735011
020750001
020750002
020750003
020750004
020750005
020750006
020750007
020750008
020750009
020750010
020750011
020765001
020765002
020765003
020765004
020765005
020765006
020765007
020765008
020765009
020765010
020765011
020780001
020780002
020780003
020780004
020780005
020780006
020780007
020780008
020780009
020780010
020780011
020795001
020795002
020795003
020795004
020795005
020795006
020795007
020795008
020795009
020795010
020795011
020810001
020810002
020810003
020810004
020810005
020810006
020810007
020810008
020810009
020810010
020810011
020825001
020825002
020825003
020825004
020825005
020825006
020825007
020825008
020825009
020825010
020825011
030555001
030555002
030555003
030555004
030555005
030555006
030555007
030555008
030555009
030555010
030555011
030570001
030570002
030570003
030570004
030570005
030570006
030570007
030570008
030570009
030570010
030570011
030585001
030585002
030585003
030585004
030585005
030585006
030585007
030585008
030585009
030585010
030585011
030600001
030600002
030600003
030600004
030600005
030600006
030600007
030600008
030600009
030600010
030600011
030615001
030615002
030615003
030615004
030615005
030615006
030615007
030615008
030615009
030615010
030615011
030630001
030630002
030630003
030630004
030630005
030630006
030630007
030630008
030630009
030630010
030630011
030645001
030645002
030645003
030645004
030645005
030645006
030645007
030645008
030645009
030645010
030645011
030660001
030660002
030660003
030660004
030660005
030660006
030660007
030660008
030660009
030660010
030660011
030675001
030675002
030675003
030675004
030675005
030675006
030675007
030675008
030675009
030675010
030675011
030690001
030690002
030690003
030690004
030690005
030690006
030690007
030690008
030690009
030690010
030690011
040555001
040555002
040555003
040555004
040555005
040555006
040555007
040555008
040555009
040555010
040555011
040570001
040570002
040570003
040570004
040570005
040570006
040570007
040570008
040570009
040570010
040570011
040585001
040585002
040585003
040585004
040585005
040585006
040585007
040585008
040585009
040585010
040585011
040600001
040600002
040600003
040600004
040600005
040600006
040600007
040600008
040600009
040600010
040600011
040615001
040615002
040615003
040615004
040615005
040615006
040615007
040615008
040615009
040615010
040615011
040630001
040630002
040630003
040630004
040630005
040630006
040630007
040630008
040630009
040630010
040630011
040645001
040645002
040645003
040645004
040645005
040645006
040645007
040645008
040645009
040645010
040645011
040660001
040660002
040660003
040660004
040660005
040660006
040660007
040660008
040660009
040660010
040660011
040675001
040675002
040675003
040675004
040675005
040675006
040675007
040675008
040675009
040675010
040675011
040690001
040690002
040690003
040690004
040690005
040690006
040690007
040690008
040690009
040690010
040690011
040705001
040705002
040705003
040705004
040705005
040705006
040705007
040705008
040705009
040705010
040705011
040720001
040720002
040720003
040720004
040720005
040720006
040720007
040720008
040720009
040720010
040720011
040765001
040765002
040765003
040765004
040765005
040765006
040765007
040765008
040765009
040765010
040765011
040780001
040780002
040780003
040780004
040780005
040780006
040780007
040780008
040780009
040780010
040780011
050570001
050570002
050570003
050570004
050570005
050570006
050570007
050570008
050570009
050570010
050570011
050585001
050585002
050585003
050585004
050585005
050585006
050585007
050585008
050585009
050585010
050585011
050600001
050600002
050600003
050600004
050600005
050600006
050600007
050600008
050600009
050600010
050600011
050615001
050615002
050615003
050615004
050615005
050615006
050615007
050615008
050615009
050615010
050615011
050630001
050630002
050630003
050630004
050630005
050630006
050630007
050630008
050630009
050630010
050630011
050795001
050795002
050795003
050795004
050795005
050795006
050795007
050795008
050795009
050795010
050795011
050810001
050810002
050810003
050810004
050810005
050810006
050810007
050810008
050810009
050810010
050810011
050825001
050825002
050825003
050825004
050825005
050825006
050825007
050825008
050825009
050825010
050825011
060555001
060555002
060555003
060555004
060555005
060555006
060555007
060555008
060555009
060555010
060555011
060570001
060570002
060570003
060570004
060570005
060570006
060570007
060570008
060570009
060570010
060570011
060585001
060585002
060585003
060585004
060585005
060585006
060585007
060585008
060585009
060585010
060585011
060600001
060600002
060600003
060600004
060600005
060600006
060600007
060600008
060600009
060600010
060600011
060615001
060615002
060615003
060615004
060615005
060615006
060615007
060615008
060615009
060615010
060615011
060630001
060630002
060630003
060630004
060630005
060630006
060630007
060630008
060630009
060630010
060630011
060645001
060645002
060645003
060645004
060645005
060645006
060645007
060645008
060645009
060645010
060645011
060660001
060660002
060660003
060660004
060660005
060660006
060660007
060660008
060660009
060660010
060660011
060675001
060675002
060675003
060675004
060675005
060675006
060675007
060675008
060675009
060675010
060675011
060690001
060690002
060690003
060690004
060690005
060690006
060690007
060690008
060690009
060690010
060690011
060705001
060705002
060705003
060705004
060705005
060705006
060705007
060705008
060705009
060705010
060705011
060720001
060720002
060720003
060720004
060720005
060720006
060720007
060720008
060720009
060720010
060720011
060735001
060735002
060735003
060735004
060735005
060735006
060735007
060735008
060735009
060735010
060735011
060750001
060750002
060750003
060750004
060750005
060750006
060750007
060750008
060750009
060750010
060750011
060765001
060765002
060765003
060765004
060765005
060765006
060765007
060765008
060765009
060765010
060765011
060780001
060780002
060780003
060780004
060780005
060780006
060780007
060780008
060780009
060780010
060780011
060795001
060795002
060795003
060795004
060795005
060795006
060795007
060795008
060795009
060795010
060795011
060810001
060810002
060810003
060810004
060810005
060810006
060810007
060810008
060810009
060810010
060810011
060825001
060825002
060825003
060825004
060825005
060825006
060825007
060825008
060825009
060825010
060825011
070615001
070615002
070615003
070615004
070615005
070615006
070615007
070615008
070615009
070615010
070615011
070630001
070630002
070630003
070630004
070630005
070630006
070630007
070630008
070630009
070630010
070630011
070645001
070645002
070645003
070645004
070645005
070645006
070645007
070645008
070645009
070645010
070645011
070750001
070750002
070750003
070750004
070750005
070750006
070750007
070750008
070750009
070750010
070750011
070765001
070765002
070765003
070765004
070765005
070765006
070765007
070765008
070765009
070765010
070765011
070780001
070780002
070780003
070780004
070780005
070780006
070780007
070780008
070780009
070780010
070780011
070795001
070795002
070795003
070795004
070795005
070795006
070795007
070795008
070795009
070795010
070795011
070810001
070810002
070810003
070810004
070810005
070810006
070810007
070810008
070810009
070810010
070810011
080555001
080555002
080555003
080555004
080555005
080555006
080555007
080555008
080555009
080555010
080555011
080570001
080570002
080570003
080570004
080570005
080570006
080570007
080570008
080570009
080570010
080570011
080585001
080585002
080585003
080585004
080585005
080585006
080585007
080585008
080585009
080585010
080585011
080600001
080600002
080600003
080600004
080600005
080600006
080600007
080600008
080600009
080600010
080600011
080615001
080615002
080615003
080615004
080615005
080615006
080615007
080615008
080615009
080615010
080615011
080630001
080630002
080630003
080630004
080630005
080630006
080630007
080630008
080630009
080630010
080630011
080645001
080645002
080645003
080645004
080645005
080645006
080645007
080645008
080645009
080645010
080645011
080660001
080660002
080660003
080660004
080660005
080660006
080660007
080660008
080660009
080660010
080660011
080675001
080675002
080675003
080675004
080675005
080675006
080675007
080675008
080675009
080675010
080675011
080690001
080690002
080690003
080690004
080690005
080690006
080690007
080690008
080690009
080690010
080690011
080705001
080705002
080705003
080705004
080705005
080705006
080705007
080705008
080705009
080705010
080705011
080720001
080720002
080720003
080720004
080720005
080720006
080720007
080720008
080720009
080720010
080720011
080735001
080735002
080735003
080735004
080735005
080735006
080735007
080735008
080735009
080735010
080735011
080750001
080750002
080750003
080750004
080750005
080750006
080750007
080750008
080750009
080750010
080750011
080765001
080765002
080765003
080765004
080765005
080765006
080765007
080765008
080765009
080765010
080765011
080780001
080780002
080780003
080780004
080780005
080780006
080780007
080780008
080780009
080780010
080780011
080795001
080795002
080795003
080795004
080795005
080795006
080795007
080795008
080795009
080795010
080795011
080810001
080810002
080810003
080810004
080810005
080810006
080810007
080810008
080810009
080810010
080810011
080825001
080825002
080825003
080825004
080825005
080825006
080825007
080825008
080825009
080825010
080825011
110615001
110615002
110615003
110615004
110615005
110615006
110615007
110615008
110615009
110615010
110615011
110630001
110630002
110630003
110630004
110630005
110630006
110630007
110630008
110630009
110630010
110630011
110645001
110645002
110645003
110645004
110645005
110645006
110645007
110645008
110645009
110645010
110645011
110660001
110660002
110660003
110660004
110660005
110660006
110660007
110660008
110660009
110660010
110660011
110675001
110675002
110675003
110675004
110675005
110675006
110675007
110675008
110675009
110675010
110675011
110690001
110690002
110690003
110690004
110690005
110690006
110690007
110690008
110690009
110690010
110690011
130555001
130555002
130555003
130555004
130555005
130555006
130555007
130555008
130555009
130555010
130555011
130570001
130570002
130570003
130570004
130570005
130570006
130570007
130570008
130570009
130570010
130570011
130585001
130585002
130585003
130585004
130585005
130585006
130585007
130585008
130585009
130585010
130585011
130600001
130600002
130600003
130600004
130600005
130600006
130600007
130600008
130600009
130600010
130600011
130615001
130615002
130615003
130615004
130615005
130615006
130615007
130615008
130615009
130615010
130615011
130630001
130630002
130630003
130630004
130630005
130630006
130630007
130630008
130630009
130630010
130630011
130645001
130645002
130645003
130645004
130645005
130645006
130645007
130645008
130645009
130645010
130645011
130660001
130660002
130660003
130660004
130660005
130660006
130660007
130660008
130660009
130660010
130660011
130675001
130675002
130675003
130675004
130675005
130675006
130675007
130675008
130675009
130675010
130675011
130690001
130690002
130690003
130690004
130690005
130690006
130690007
130690008
130690009
130690010
130690011
130705001
130705002
130705003
130705004
130705005
130705006
130705007
130705008
130705009
130705010
130705011
130720001
130720002
130720003
130720004
130720005
130720006
130720007
130720008
130720009
130720010
130720011
130735001
130735002
130735003
130735004
130735005
130735006
130735007
130735008
130735009
130735010
130735011
130750001
130750002
130750003
130750004
130750005
130750006
130750007
130750008
130750009
130750010
130750011
130765001
130765002
130765003
130765004
130765005
130765006
130765007
130765008
130765009
130765010
130765011
130780001
130780002
130780003
130780004
130780005
130780006
130780007
130780008
130780009
130780010
130780011
130795001
130795002
130795003
130795004
130795005
130795006
130795007
130795008
130795009
130795010
130795011
130810001
130810002
130810003
130810004
130810005
130810006
130810007
130810008
130810009
130810010
130810011
130825001
130825002
130825003
130825004
130825005
130825006
130825007
130825008
130825009
130825010
130825011
140555001
140555002
140555003
140555004
140555005
140555006
140555007
140555008
140555009
140555010
140555011
140570001
140570002
140570003
140570004
140570005
140570006
140570007
140570008
140570009
140570010
140570011
140585001
140585002
140585003
140585004
140585005
140585006
140585007
140585008
140585009
140585010
140585011
140600001
140600002
140600003
140600004
140600005
140600006
140600007
140600008
140600009
140600010
140600011
140615001
140615002
140615003
140615004
140615005
140615006
140615007
140615008
140615009
140615010
140615011
140630001
140630002
140630003
140630004
140630005
140630006
140630007
140630008
140630009
140630010
140630011
140645001
140645002
140645003
140645004
140645005
140645006
140645007
140645008
140645009
140645010
140645011
140660001
140660002
140660003
140660004
140660005
140660006
140660007
140660008
140660009
140660010
140660011
140675001
140675002
140675003
140675004
140675005
140675006
140675007
140675008
140675009
140675010
140675011
140690001
140690002
140690003
140690004
140690005
140690006
140690007
140690008
140690009
140690010
140690011
140705001
140705002
140705003
140705004
140705005
140705006
140705007
140705008
140705009
140705010
140705011
140720001
140720002
140720003
140720004
140720005
140720006
140720007
140720008
140720009
140720010
140720011
140735001
140735002
140735003
140735004
140735005
140735006
140735007
140735008
140735009
140735010
140735011
140750001
140750002
140750003
140750004
140750005
140750006
140750007
140750008
140750009
140750010
140750011
140765001
140765002
140765003
140765004
140765005
140765006
140765007
140765008
140765009
140765010
140765011
140780001
140780002
140780003
140780004
140780005
140780006
140780007
140780008
140780009
140780010
140780011
140795001
140795002
140795003
140795004
140795005
140795006
140795007
140795008
140795009
140795010
140795011
140810001
140810002
140810003
140810004
140810005
140810006
140810007
140810008
140810009
140810010
140810011
140825001
140825002
140825003
140825004
140825005
140825006
140825007
140825008
140825009
140825010
140825011
150555001
150555002
150555003
150555004
150555005
150555006
150555007
150555008
150555009
150555010
150555011
150570001
150570002
150570003
150570004
150570005
150570006
150570007
150570008
150570009
150570010
150570011
150585001
150585002
150585003
150585004
150585005
150585006
150585007
150585008
150585009
150585010
150585011
150600001
150600002
150600003
150600004
150600005
150600006
150600007
150600008
150600009
150600010
150600011
150615001
150615002
150615003
150615004
150615005
150615006
150615007
150615008
150615009
150615010
150615011
150630001
150630002
150630003
150630004
150630005
150630006
150630007
150630008
150630009
150630010
150630011
150645001
150645002
150645003
150645004
150645005
150645006
150645007
150645008
150645009
150645010
150645011
150660001
150660002
150660003
150660004
150660005
150660006
150660007
150660008
150660009
150660010
150660011
150675001
150675002
150675003
150675004
150675005
150675006
150675007
150675008
150675009
150675010
150675011
150690001
150690002
150690003
150690004
150690005
150690006
150690007
150690008
150690009
150690010
150690011
150705001
150705002
150705003
150705004
150705005
150705006
150705007
150705008
150705009
150705010
150705011
150720001
150720002
150720003
150720004
150720005
150720006
150720007
150720008
150720009
150720010
150720011
150735001
150735002
150735003
150735004
150735005
150735006
150735007
150735008
150735009
150735010
150735011
150750001
150750002
150750003
150750004
150750005
150750006
150750007
150750008
150750009
150750010
150750011
150765001
150765002
150765003
150765004
150765005
150765006
150765007
150765008
150765009
150765010
150765011
150780001
150780002
150780003
150780004
150780005
150780006
150780007
150780008
150780009
150780010
150780011
150795001
150795002
150795003
150795004
150795005
150795006
150795007
150795008
150795009
150795010
150795011
150810001
150810002
150810003
150810004
150810005
150810006
150810007
150810008
150810009
150810010
150810011
150825001
150825002
150825003
150825004
150825005
150825006
150825007
150825008
150825009
150825010
150825011
160555001
160555002
160555003
160555004
160555005
160555006
160555007
160555008
160555009
160555010
160555011
160570001
160570002
160570003
160570004
160570005
160570006
160570007
160570008
160570009
160570010
160570011
160585001
160585002
160585003
160585004
160585005
160585006
160585007
160585008
160585009
160585010
160585011
160600001
160600002
160600003
160600004
160600005
160600006
160600007
160600008
160600009
160600010
160600011
160615001
160615002
160615003
160615004
160615005
160615006
160615007
160615008
160615009
160615010
160615011
160630001
160630002
160630003
160630004
160630005
160630006
160630007
160630008
160630009
160630010
160630011
160645001
160645002
160645003
160645004
160645005
160645006
160645007
160645008
160645009
160645010
160645011
160660001
160660002
160660003
160660004
160660005
160660006
160660007
160660008
160660009
160660010
160660011
160675001
160675002
160675003
160675004
160675005
160675006
160675007
160675008
160675009
160675010
160675011
160690001
160690002
160690003
160690004
160690005
160690006
160690007
160690008
160690009
160690010
160690011
160705001
160705002
160705003
160705004
160705005
160705006
160705007
160705008
160705009
160705010
160705011
160720001
160720002
160720003
160720004
160720005
160720006
160720007
160720008
160720009
160720010
160720011
160735001
160735002
160735003
160735004
160735005
160735006
160735007
160735008
160735009
160735010
160735011
160750001
160750002
160750003
160750004
160750005
160750006
160750007
160750008
160750009
160750010
160750011
160765001
160765002
160765003
160765004
160765005
160765006
160765007
160765008
160765009
160765010
160765011
160780001
160780002
160780003
160780004
160780005
160780006
160780007
160780008
160780009
160780010
160780011
160795001
160795002
160795003
160795004
160795005
160795006
160795007
160795008
160795009
160795010
160795011
160810001
160810002
160810003
160810004
160810005
160810006
160810007
160810008
160810009
160810010
160810011
160825001
160825002
160825003
160825004
160825005
160825006
160825007
160825008
160825009
160825010
160825011
170555001
170555002
170555003
170555004
170555005
170555006
170555007
170555008
170555009
170555010
170555011
170570001
170570002
170570003
170570004
170570005
170570006
170570007
170570008
170570009
170570010
170570011
170585001
170585002
170585003
170585004
170585005
170585006
170585007
170585008
170585009
170585010
170585011
170600001
170600002
170600003
170600004
170600005
170600006
170600007
170600008
170600009
170600010
170600011
170615001
170615002
170615003
170615004
170615005
170615006
170615007
170615008
170615009
170615010
170615011
170630001
170630002
170630003
170630004
170630005
170630006
170630007
170630008
170630009
170630010
170630011
170645001
170645002
170645003
170645004
170645005
170645006
170645007
170645008
170645009
170645010
170645011
170660001
170660002
170660003
170660004
170660005
170660006
170660007
170660008
170660009
170660010
170660011
170675001
170675002
170675003
170675004
170675005
170675006
170675007
170675008
170675009
170675010
170675011
170690001
170690002
170690003
170690004
170690005
170690006
170690007
170690008
170690009
170690010
170690011
170705001
170705002
170705003
170705004
170705005
170705006
170705007
170705008
170705009
170705010
170705011
170720001
170720002
170720003
170720004
170720005
170720006
170720007
170720008
170720009
170720010
170720011
170735001
170735002
170735003
170735004
170735005
170735006
170735007
170735008
170735009
170735010
170735011
170750001
170750002
170750003
170750004
170750005
170750006
170750007
170750008
170750009
170750010
170750011
170765001
170765002
170765003
170765004
170765005
170765006
170765007
170765008
170765009
170765010
170765011
170780001
170780002
170780003
170780004
170780005
170780006
170780007
170780008
170780009
170780010
170780011
170795001
170795002
170795003
170795004
170795005
170795006
170795007
170795008
170795009
170795010
170795011
170810001
170810002
170810003
170810004
170810005
170810006
170810007
170810008
170810009
170810010
170810011
170825001
170825002
170825003
170825004
170825005
170825006
170825007
170825008
170825009
170825010
170825011
220645001
220645002
220645003
220645004
220645005
220645006
220645007
220645008
220645009
220645010
220645011
220660001
220660002
220660003
220660004
220660005
220660006
220660007
220660008
220660009
220660010
220660011
220675001
220675002
220675003
220675004
220675005
220675006
220675007
220675008
220675009
220675010
220675011
220690001
220690002
220690003
220690004
220690005
220690006
220690007
220690008
220690009
220690010
220690011
220705001
220705002
220705003
220705004
220705005
220705006
220705007
220705008
220705009
220705010
220705011
260555001
260555002
260555003
260555004
260555005
260555006
260555007
260555008
260555009
260555010
260555011
260570001
260570002
260570003
260570004
260570005
260570006
260570007
260570008
260570009
260570010
260570011
260585001
260585002
260585003
260585004
260585005
260585006
260585007
260585008
260585009
260585010
260585011
260600001
260600002
260600003
260600004
260600005
260600006
260600007
260600008
260600009
260600010
260600011
260615001
260615002
260615003
260615004
260615005
260615006
260615007
260615008
260615009
260615010
260615011
260630001
260630002
260630003
260630004
260630005
260630006
260630007
260630008
260630009
260630010
260630011
260645001
260645002
260645003
260645004
260645005
260645006
260645007
260645008
260645009
260645010
260645011
260660001
260660002
260660003
260660004
260660005
260660006
260660007
260660008
260660009
260660010
260660011
260675001
260675002
260675003
260675004
260675005
260675006
260675007
260675008
260675009
260675010
260675011
260690001
260690002
260690003
260690004
260690005
260690006
260690007
260690008
260690009
260690010
260690011
260705001
260705002
260705003
260705004
260705005
260705006
260705007
260705008
260705009
260705010
260705011
260720001
260720002
260720003
260720004
260720005
260720006
260720007
260720008
260720009
260720010
260720011
260735001
260735002
260735003
260735004
260735005
260735006
260735007
260735008
260735009
260735010
260735011
260750001
260750002
260750003
260750004
260750005
260750006
260750007
260750008
260750009
260750010
260750011
260765001
260765002
260765003
260765004
260765005
260765006
260765007
260765008
260765009
260765010
260765011
260780001
260780002
260780003
260780004
260780005
260780006
260780007
260780008
260780009
260780010
260780011
310555001
310555002
310555003
310555004
310555005
310555006
310555007
310555008
310555009
310555010
310555011
310570001
310570002
310570003
310570004
310570005
310570006
310570007
310570008
310570009
310570010
310570011
310585001
310585002
310585003
310585004
310585005
310585006
310585007
310585008
310585009
310585010
310585011
310600001
310600002
310600003
310600004
310600005
310600006
310600007
310600008
310600009
310600010
310600011
310615001
310615002
310615003
310615004
310615005
310615006
310615007
310615008
310615009
310615010
310615011
310630001
310630002
310630003
310630004
310630005
310630006
310630007
310630008
310630009
310630010
310630011
310645001
310645002
310645003
310645004
310645005
310645006
310645007
310645008
310645009
310645010
310645011
310660001
310660002
310660003
310660004
310660005
310660006
310660007
310660008
310660009
310660010
310660011
310690001
310690002
310690003
310690004
310690005
310690006
310690007
310690008
310690009
310690010
310690011
310705001
310705002
310705003
310705004
310705005
310705006
310705007
310705008
310705009
310705010
310705011
310720001
310720002
310720003
310720004
310720005
310720006
310720007
310720008
310720009
310720010
310720011
310735001
310735002
310735003
310735004
310735005
310735006
310735007
310735008
310735009
310735010
310735011
310750001
310750002
310750003
310750004
310750005
310750006
310750007
310750008
310750009
310750010
310750011
310765001
310765002
310765003
310765004
310765005
310765006
310765007
310765008
310765009
310765010
310765011
310780001
310780002
310780003
310780004
310780005
310780006
310780007
310780008
310780009
310780010
310780011
310795001
310795002
310795003
310795004
310795005
310795006
310795007
310795008
310795009
310795010
310795011
