750555001
750555002
750555003
750555004
750555005
750555006
750555007
750555008
750555009
750555010
750555011
750570001
750570002
750570003
750570004
750570005
750570006
750570007
750570008
750570009
750570010
750570011
750585001
750585002
750585003
750585004
750585005
750585006
750585007
750585008
750585009
750585010
750585011
750600001
750600002
750600003
750600004
750600005
750600006
750600007
750600008
750600009
750600010
750600011
750615001
750615002
750615003
750615004
750615005
750615006
750615007
750615008
750615009
750615010
750615011
750630001
750630002
750630003
750630004
750630005
750630006
750630007
750630008
750630009
750630010
750630011
750645001
750645002
750645003
750645004
750645005
750645006
750645007
750645008
750645009
750645010
750645011
