030060501
030060502
030060503
030060504
030060505
030060506
030060507
030060508
030060509
030060510
030060511
030063001
030063002
030063003
030063004
030063005
030063006
030063007
030063008
030063009
030063010
030063011
030065501
030065502
030065503
030065504
030065505
030065506
030065507
030065508
030065509
030065510
030065511
030068001
030068002
030068003
030068004
030068005
030068006
030068007
030068008
030068009
030068010
030068011
030070501
030070502
030070503
030070504
030070505
030070506
030070507
030070508
030070509
030070510
030070511
030073001
030073002
030073003
030073004
030073005
030073006
030073007
030073008
030073009
030073010
030073011
030075501
030075502
030075503
030075504
030075505
030075506
030075507
030075508
030075509
030075510
030075511
030078001
030078002
030078003
030078004
030078005
030078006
030078007
030078008
030078009
030078010
030078011
030080501
030080502
030080503
030080504
030080505
030080506
030080507
030080508
030080509
030080510
030080511
030083001
030083002
030083003
030083004
030083005
030083006
030083007
030083008
030083009
030083010
030083011
030085501
030085502
030085503
030085504
030085505
030085506
030085507
030085508
030085509
030085510
030085511
030088001
030088002
030088003
030088004
030088005
030088006
030088007
030088008
030088009
030088010
030088011
030090501
030090502
030090503
030090504
030090505
030090506
030090507
030090508
030090509
030090510
030090511
030093001
030093002
030093003
030093004
030093005
030093006
030093007
030093008
030093009
030093010
030093011
030095501
030095502
030095503
030095504
030095505
030095506
030095507
030095508
030095509
030095510
030095511
030098001
030098002
030098003
030098004
030098005
030098006
030098007
030098008
030098009
030098010
030098011
030100501
030100502
030100503
030100504
030100505
030100506
030100507
030100508
030100509
030100510
030100511
030103001
030103002
030103003
030103004
030103005
030103006
030103007
030103008
030103009
030103010
030103011
030105501
030105502
030105503
030105504
030105505
030105506
030105507
030105508
030105509
030105510
030105511
030108001
030108002
030108003
030108004
030108005
030108006
030108007
030108008
030108009
030108010
030108011
030110501
030110502
030110503
030110504
030110505
030110506
030110507
030110508
030110509
030110510
030110511
030113001
030113002
030113003
030113004
030113005
030113006
030113007
030113008
030113009
030113010
030113011
030115501
030115502
030115503
030115504
030115505
030115506
030115507
030115508
030115509
030115510
030115511
030118001
030118002
030118003
030118004
030118005
030118006
030118007
030118008
030118009
030118010
030118011
030120501
030120502
030120503
030120504
030120505
030120506
030120507
030120508
030120509
030120510
030120511
030123001
030123002
030123003
030123004
030123005
030123006
030123007
030123008
030123009
030123010
030123011
030125501
030125502
030125503
030125504
030125505
030125506
030125507
030125508
030125509
030125510
030125511
030128001
030128002
030128003
030128004
030128005
030128006
030128007
030128008
030128009
030128010
030128011
030130501
030130502
030130503
030130504
030130505
030130506
030130507
030130508
030130509
030130510
030130511
030133001
030133002
030133003
030133004
030133005
030133006
030133007
030133008
030133009
030133010
030133011
030135501
030135502
030135503
030135504
030135505
030135506
030135507
030135508
030135509
030135510
030135511
030138001
030138002
030138003
030138004
030138005
030138006
030138007
030138008
030138009
030138010
030138011
030140501
030140502
030140503
030140504
030140505
030140506
030140507
030140508
030140509
030140510
030140511
030143001
030143002
030143003
030143004
030143005
030143006
030143007
030143008
030143009
030143010
030143011
030145501
030145502
030145503
030145504
030145505
030145506
030145507
030145508
030145509
030145510
030145511
030148001
030148002
030148003
030148004
030148005
030148006
030148007
030148008
030148009
030148010
030148011
030150501
030150502
030150503
030150504
030150505
030150506
030150507
030150508
030150509
030150510
030150511
030158001
030158002
030158003
030158004
030158005
030158006
030158007
030158008
030158009
030158010
030158011
030160501
030160502
030160503
030160504
030160505
030160506
030160507
030160508
030160509
030160510
030160511
030163001
030163002
030163003
030163004
030163005
030163006
030163007
030163008
030163009
030163010
030163011
030165501
030165502
030165503
030165504
030165505
030165506
030165507
030165508
030165509
030165510
030165511
030168001
030168002
030168003
030168004
030168005
030168006
030168007
030168008
030168009
030168010
030168011
030170501
030170502
030170503
030170504
030170505
030170506
030170507
030170508
030170509
030170510
030170511
030173001
030173002
030173003
030173004
030173005
030173006
030173007
030173008
030173009
030173010
030173011
030175501
030175502
030175503
030175504
030175505
030175506
030175507
030175508
030175509
030175510
030175511
030178001
030178002
030178003
030178004
030178005
030178006
030178007
030178008
030178009
030178010
030178011
030180501
030180502
030180503
030180504
030180505
030180506
030180507
030180508
030180509
030180510
030180511
030183001
030183002
030183003
030183004
030183005
030183006
030183007
030183008
030183009
030183010
030183011
030185501
030185502
030185503
030185504
030185505
030185506
030185507
030185508
030185509
030185510
030185511
030188001
030188002
030188003
030188004
030188005
030188006
030188007
030188008
030188009
030188010
030188011
030190501
030190502
030190503
030190504
030190505
030190506
030190507
030190508
030190509
030190510
030190511
030193001
030193002
030193003
030193004
030193005
030193006
030193007
030193008
030193009
030193010
030193011
030195501
030195502
030195503
030195504
030195505
030195506
030195507
030195508
030195509
030195510
030195511
030198001
030198002
030198003
030198004
030198005
030198006
030198007
030198008
030198009
030198010
030198011
030200501
030200502
030200503
030200504
030200505
030200506
030200507
030200508
030200509
030200510
030200511
030203001
030203002
030203003
030203004
030203005
030203006
030203007
030203008
030203009
030203010
030203011
030205501
030205502
030205503
030205504
030205505
030205506
030205507
030205508
030205509
030205510
030205511
030208001
030208002
030208003
030208004
030208005
030208006
030208007
030208008
030208009
030208010
030208011
030210501
030210502
030210503
030210504
030210505
030210506
030210507
030210508
030210509
030210510
030210511
030213001
030213002
030213003
030213004
030213005
030213006
030213007
030213008
030213009
030213010
030213011
030215501
030215502
030215503
030215504
030215505
030215506
030215507
030215508
030215509
030215510
030215511
030218001
030218002
030218003
030218004
030218005
030218006
030218007
030218008
030218009
030218010
030218011
030220501
030220502
030220503
030220504
030220505
030220506
030220507
030220508
030220509
030220510
030220511
030223001
030223002
030223003
030223004
030223005
030223006
030223007
030223008
030223009
030223010
030223011
030225501
030225502
030225503
030225504
030225505
030225506
030225507
030225508
030225509
030225510
030225511
030228001
030228002
030228003
030228004
030228005
030228006
030228007
030228008
030228009
030228010
030228011
030230501
030230502
030230503
030230504
030230505
030230506
030230507
030230508
030230509
030230510
030230511
030233001
030233002
030233003
030233004
030233005
030233006
030233007
030233008
030233009
030233010
030233011
030235501
030235502
030235503
030235504
030235505
030235506
030235507
030235508
030235509
030235510
030235511
030238001
030238002
030238003
030238004
030238005
030238006
030238007
030238008
030238009
030238010
030238011
030240501
030240502
030240503
030240504
030240505
030240506
030240507
030240508
030240509
030240510
030240511
030243001
030243002
030243003
030243004
030243005
030243006
030243007
030243008
030243009
030243010
030243011
030245501
030245502
030245503
030245504
030245505
030245506
030245507
030245508
030245509
030245510
030245511
030248001
030248002
030248003
030248004
030248005
030248006
030248007
030248008
030248009
030248010
030248011
030250501
030250502
030250503
030250504
030250505
030250506
030250507
030250508
030250509
030250510
030250511
030253001
030253002
030253003
030253004
030253005
030253006
030253007
030253008
030253009
030253010
030253011
030255501
030255502
030255503
030255504
030255505
030255506
030255507
030255508
030255509
030255510
030255511
030258001
030258002
030258003
030258004
030258005
030258006
030258007
030258008
030258009
030258010
030258011
030260501
030260502
030260503
030260504
030260505
030260506
030260507
030260508
030260509
030260510
030260511
030263001
030263002
030263003
030263004
030263005
030263006
030263007
030263008
030263009
030263010
030263011
030265501
030265502
030265503
030265504
030265505
030265506
030265507
030265508
030265509
030265510
030265511
030268001
030268002
030268003
030268004
030268005
030268006
030268007
030268008
030268009
030268010
030268011
030270501
030270502
030270503
030270504
030270505
030270506
030270507
030270508
030270509
030270510
030270511
030273001
030273002
030273003
030273004
030273005
030273006
030273007
030273008
030273009
030273010
030273011
030275501
030275502
030275503
030275504
030275505
030275506
030275507
030275508
030275509
030275510
030275511
030278001
030278002
030278003
030278004
030278005
030278006
030278007
030278008
030278009
030278010
030278011
030280501
030280502
030280503
030280504
030280505
030280506
030280507
030280508
030280509
030280510
030280511
030283001
030283002
030283003
030283004
030283005
030283006
030283007
030283008
030283009
030283010
030283011
