010235501
010235502
010235503
010235504
010235505
010235506
010235507
010235508
010235509
010235510
010235511
010238001
010238002
010238003
010238004
010238005
010238006
010238007
010238008
010238009
010238010
010238011
010240501
010240502
010240503
010240504
010240505
010240506
010240507
010240508
010240509
010240510
010240511
010243001
010243002
010243003
010243004
010243005
010243006
010243007
010243008
010243009
010243010
010243011
010245501
010245502
010245503
010245504
010245505
010245506
010245507
010245508
010245509
010245510
010245511
010248001
010248002
010248003
010248004
010248005
010248006
010248007
010248008
010248009
010248010
010248011
010250501
010250502
010250503
010250504
010250505
010250506
010250507
010250508
010250509
010250510
010250511
010253001
010253002
010253003
010253004
010253005
010253006
010253007
010253008
010253009
010253010
010253011
010255501
010255502
010255503
010255504
010255505
010255506
010255507
010255508
010255509
010255510
010255511
010258001
010258002
010258003
010258004
010258005
010258006
010258007
010258008
010258009
010258010
010258011
010260501
010260502
010260503
010260504
010260505
010260506
010260507
010260508
010260509
010260510
010260511
010263001
010263002
010263003
010263004
010263005
010263006
010263007
010263008
010263009
010263010
010263011
010265501
010265502
010265503
010265504
010265505
010265506
010265507
010265508
010265509
010265510
010265511
010268001
010268002
010268003
010268004
010268005
010268006
010268007
010268008
010268009
010268010
010268011
010270501
010270502
010270503
010270504
010270505
010270506
010270507
010270508
010270509
010270510
010270511
010273001
010273002
010273003
010273004
010273005
010273006
010273007
010273008
010273009
010273010
010273011
010275501
010275502
010275503
010275504
010275505
010275506
010275507
010275508
010275509
010275510
010275511
010278001
010278002
010278003
010278004
010278005
010278006
010278007
010278008
010278009
010278010
010278011
010280501
010280502
010280503
010280504
010280505
010280506
010280507
010280508
010280509
010280510
010280511
010283001
010283002
010283003
010283004
010283005
010283006
010283007
010283008
010283009
010283010
010283011
