 4.997E-19 5.076E-19 4.899E-19 4.968E-19 5.226E-19 5.234E-19 4.991E-19 4.773E-19 4.802E-19 5.047E-19 
 5.067E-19 4.747E-19 4.774E-19 5.333E-19 5.561E-19 5.238E-19 5.121E-19 5.303E-19 5.319E-19 5.353E-19 
 5.524E-19 5.374E-19 5.091E-19 5.288E-19 5.553E-19 5.321E-19 5.170E-19 5.532E-19 5.776E-19 5.583E-19 
 5.385E-19 5.324E-19 5.263E-19 5.261E-19 5.269E-19 5.252E-19 5.457E-19 5.756E-19 5.686E-19 5.421E-19 
 5.399E-19 5.407E-19 5.312E-19 5.545E-19 5.975E-19 5.911E-19 5.516E-19 5.504E-19 5.709E-19 5.520E-19 
 5.135E-19 5.184E-19 5.636E-19 5.855E-19 5.552E-19 5.244E-19 5.490E-19 5.964E-19 6.003E-19 5.766E-19 
 5.825E-19 6.017E-19 5.850E-19 5.542E-19 5.614E-19 5.912E-19 5.948E-19 5.788E-19 5.830E-19 5.984E-19 
 5.842E-19 5.524E-19 5.500E-19 5.737E-19 5.874E-19 5.898E-19 5.866E-19 5.663E-19 5.513E-19 5.697E-19 
 5.841E-19 5.663E-19 5.648E-19 5.889E-19 5.753E-19 5.414E-19 5.651E-19 6.092E-19 5.953E-19 5.727E-19 
 6.014E-19 6.191E-19 5.884E-19 5.751E-19 5.957E-19 5.977E-19 5.901E-19 6.052E-19 6.085E-19 5.828E-19 
 5.777E-19 6.023E-19 6.108E-19 6.040E-19 6.139E-19 6.263E-19 6.154E-19 5.969E-19 5.914E-19 5.973E-19 
 6.121E-19 6.317E-19 6.424E-19 6.440E-19 6.483E-19 6.479E-19 6.342E-19 6.271E-19 6.372E-19 6.388E-19 
 6.275E-19 6.359E-19 6.571E-19 6.510E-19 6.367E-19 6.527E-19 6.574E-19 6.125E-19 5.882E-19 6.361E-19 
 6.822E-19 6.713E-19 6.557E-19 6.629E-19 6.559E-19 6.369E-19 6.302E-19 6.175E-19 6.014E-19 6.192E-19 
 6.482E-19 6.410E-19 6.287E-19 6.476E-19 6.586E-19 6.432E-19 6.481E-19 6.819E-19 6.978E-19 6.803E-19 
 6.504E-19 6.253E-19 6.215E-19 6.431E-19 6.610E-19 6.546E-19 6.408E-19 6.387E-19 6.438E-19 6.465E-19 
 6.492E-19 6.652E-19 6.893E-19 6.884E-19 6.620E-19 6.635E-19 6.998E-19 7.077E-19 6.819E-19 6.830E-19 
 7.018E-19 6.870E-19 6.726E-19 7.012E-19 7.187E-19 6.921E-19 6.840E-19 7.122E-19 7.126E-19 6.792E-19 
 6.711E-19 6.918E-19 7.025E-19 6.983E-19 6.839E-19 6.588E-19 6.551E-19 6.942E-19 7.272E-19 7.095E-19 
 6.800E-19 6.860E-19 7.049E-19 7.031E-19 6.952E-19 7.023E-19 7.179E-19 7.339E-19 7.473E-19 7.486E-19 
 7.399E-19 7.379E-19 7.434E-19 7.468E-19 7.541E-19 7.649E-19 7.597E-19 7.445E-19 7.538E-19 7.854E-19 
 7.989E-19 7.833E-19 7.658E-19 7.695E-19 7.945E-19 8.145E-19 7.978E-19 7.614E-19 7.581E-19 7.888E-19 
 8.019E-19 7.875E-19 7.823E-19 7.940E-19 8.014E-19 7.981E-19 7.881E-19 7.742E-19 7.652E-19 7.602E-19 
 7.492E-19 7.437E-19 7.601E-19 7.775E-19 7.711E-19 7.629E-19 7.783E-19 7.920E-19 7.790E-19 7.690E-19
 7.874E-19 7.972E-19 7.719E-19 7.604E-19 7.906E-19 8.012E-19 7.643E-19 7.502E-19 7.807E-19 7.859E-19
 7.639E-19 7.798E-19 8.089E-19 7.946E-19 7.818E-19 8.068E-19 8.154E-19 8.053E-19 8.324E-19 8.581E-19
 8.269E-19 8.012E-19 8.235E-19 8.278E-19 7.997E-19 7.951E-19 7.987E-19 7.800E-19 7.786E-19 7.937E-19
 7.731E-19 7.415E-19 7.448E-19 7.519E-19 7.562E-19 7.935E-19 8.218E-19 7.950E-19 7.744E-19 7.915E-19
 7.866E-19 7.615E-19 7.628E-19 7.573E-19 7.315E-19 7.466E-19 7.841E-19 7.752E-19 7.672E-19 8.100E-19
 8.277E-19 7.984E-19 8.093E-19 8.457E-19 8.188E-19 7.673E-19 7.658E-19 7.730E-19 7.613E-19 7.801E-19
 8.087E-19 7.809E-19 7.405E-19 7.623E-19 8.035E-19 7.948E-19 7.658E-19 7.743E-19 8.100E-19 8.285E-19
 8.214E-19 8.134E-19 8.144E-19 8.140E-19 8.164E-19 8.329E-19 8.433E-19 8.272E-19 8.077E-19 8.158E-19
 8.494E-19 8.870E-19 8.987E-19 8.676E-19 8.311E-19 8.382E-19 8.654E-19 8.650E-19 8.545E-19 8.642E-19
 8.723E-19 8.624E-19 8.537E-19 8.477E-19 8.383E-19 8.476E-19 8.784E-19 8.862E-19 8.513E-19 8.176E-19
 8.306E-19 8.756E-19 8.979E-19 8.783E-19 8.630E-19 8.855E-19 9.114E-19 9.128E-19 9.151E-19 9.226E-19
 9.042E-19 8.794E-19 8.987E-19 9.432E-19 9.541E-19 9.329E-19 9.235E-19 9.336E-19 9.374E-19 9.302E-19
 9.371E-19 9.645E-19 9.761E-19 9.508E-19 9.284E-19 9.456E-19 9.719E-19 9.679E-19 9.493E-19 9.471E-19
 9.587E-19 9.631E-19 9.499E-19 9.329E-19 9.366E-19 9.601E-19 9.759E-19 9.720E-19 9.605E-19 9.546E-19
 9.610E-19 9.705E-19 9.676E-19 9.746E-19 1.016E-18 1.041E-18 1.004E-18 9.699E-19 9.991E-19 1.026E-18
 1.002E-18 9.730E-19 9.516E-19 9.197E-19 9.249E-19 9.778E-19 9.877E-19 9.449E-19 9.428E-19 9.713E-19
 9.585E-19 9.477E-19 9.814E-19 9.828E-19 9.361E-19 9.335E-19 9.690E-19 9.591E-19 9.301E-19 9.367E-19
 9.306E-19 8.849E-19 8.651E-19 8.878E-19 9.028E-19 9.122E-19 9.377E-19 9.366E-19 8.852E-19 8.464E-19
 8.613E-19 8.820E-19 8.694E-19 8.538E-19 8.592E-19 8.625E-19 8.540E-19 8.501E-19 8.446E-19 8.339E-19
 8.492E-19 8.811E-19 8.658E-19 8.110E-19 7.937E-19 8.055E-19 7.816E-19 7.510E-19 7.720E-19 8.032E-19
 7.942E-19 7.729E-19 7.649E-19 7.644E-19 7.782E-19 7.890E-19 7.661E-19 7.476E-19 7.729E-19 7.900E-19
 7.666E-19 7.567E-19 7.707E-19 7.627E-19 7.478E-19 7.569E-19 7.597E-19 7.503E-19 7.605E-19 7.669E-19
 7.455E-19 7.451E-19 7.773E-19 7.791E-19 7.438E-19 7.270E-19 7.393E-19 7.587E-19 7.750E-19 7.695E-19
 7.464E-19 7.456E-19 7.584E-19 7.446E-19 7.346E-19 7.674E-19 7.984E-19 7.921E-19 7.816E-19 7.756E-19
 7.586E-19 7.561E-19 7.755E-19 7.798E-19 7.778E-19 8.045E-19 8.310E-19 8.256E-19 8.185E-19 8.231E-19
 8.130E-19 7.999E-19 8.166E-19 8.506E-19 8.690E-19 8.647E-19 8.585E-19 8.791E-19 9.200E-19 9.368E-19
 9.242E-19 9.271E-19 9.545E-19 9.789E-19 9.963E-19 1.007E-18 1.008E-18 1.026E-18 1.069E-18 1.082E-18
 1.061E-18 1.074E-18 1.121E-18 1.141E-18 1.146E-18 1.176E-18 1.202E-18 1.204E-18 1.215E-18 1.245E-18
 1.280E-18 1.319E-18 1.343E-18 1.343E-18 1.358E-18 1.400E-18 1.433E-18 1.467E-18 1.530E-18 1.575E-18
 1.572E-18 1.578E-18 1.622E-18 1.662E-18 1.702E-18 1.760E-18 1.801E-18 1.819E-18 1.854E-18 1.905E-18
 1.942E-18 1.970E-18 1.978E-18 1.967E-18 1.993E-18 2.051E-18 2.045E-18 1.984E-18 1.963E-18 1.946E-18
 1.869E-18 1.808E-18 1.786E-18 1.699E-18 1.560E-18 1.492E-18 1.455E-18 1.353E-18 1.268E-18 1.259E-18
 1.212E-18 1.098E-18 1.044E-18 1.059E-18 1.023E-18 9.486E-19 9.340E-19 9.415E-19 8.922E-19 8.383E-19
 8.446E-19 8.571E-19 8.277E-19 7.982E-19 7.848E-19 7.528E-19 7.284E-19 7.564E-19 7.783E-19 7.336E-19
 6.881E-19 7.005E-19 7.121E-19 6.901E-19 6.855E-19 6.956E-19 6.789E-19 6.690E-19 6.895E-19 6.846E-19
 6.563E-19 6.730E-19 7.090E-19 6.921E-19 6.500E-19 6.335E-19 6.255E-19 6.197E-19 6.295E-19 6.324E-19
 6.314E-19 6.552E-19 6.605E-19 6.148E-19 6.024E-19 6.540E-19 6.597E-19 6.027E-19 6.031E-19 6.639E-19
 6.762E-19 6.441E-19 6.379E-19 6.452E-19 6.456E-19 6.634E-19 6.766E-19 6.495E-19 6.230E-19 6.349E-19
 6.522E-19 6.528E-19 6.519E-19 6.495E-19 6.460E-19 6.570E-19 6.715E-19 6.685E-19 6.605E-19 6.609E-19
 6.610E-19 6.644E-19 6.788E-19 6.896E-19 6.877E-19 6.820E-19 6.743E-19 6.697E-19 6.813E-19 6.975E-19
 6.957E-19 6.829E-19 6.731E-19 6.626E-19 6.581E-19 6.709E-19 6.849E-19 6.838E-19 6.771E-19 6.724E-19
 6.717E-19 6.847E-19 6.999E-19 6.918E-19 6.798E-19 6.967E-19 7.181E-19 7.091E-19 6.878E-19 6.775E-19
 6.730E-19 6.813E-19 7.074E-19 7.183E-19 7.002E-19 6.932E-19 7.128E-19 7.226E-19 7.157E-19 7.222E-19
 7.349E-19 7.246E-19 7.053E-19 7.052E-19 7.155E-19 7.209E-19 7.246E-19 7.159E-19 6.860E-19 6.728E-19
 7.050E-19 7.367E-19 7.221E-19 6.965E-19 7.036E-19 7.230E-19 7.274E-19 7.202E-19 7.017E-19 6.890E-19
 7.256E-19 7.891E-19 7.926E-19 7.362E-19 7.108E-19 7.308E-19 7.372E-19 7.365E-19 7.627E-19 7.778E-19
 7.540E-19 7.420E-19 7.636E-19 7.732E-19 7.625E-19 7.638E-19 7.673E-19 7.560E-19 7.581E-19 7.799E-19
 7.795E-19 7.552E-19 7.489E-19 7.585E-19 7.553E-19 7.532E-19 7.682E-19 7.747E-19 7.654E-19 7.693E-19
 7.788E-19 7.627E-19 7.455E-19 7.628E-19 7.813E-19 7.641E-19 7.420E-19 7.440E-19 7.519E-19 7.587E-19
 7.687E-19 7.603E-19 7.409E-19 7.580E-19 7.939E-19 7.790E-19 7.337E-19 7.347E-19 7.695E-19 7.834E-19
 7.898E-19 8.029E-19 7.873E-19 7.552E-19 7.626E-19 7.881E-19 7.740E-19 7.481E-19 7.596E-19 7.796E-19
 7.771E-19 7.835E-19 8.062E-19 7.992E-19 7.653E-19 7.665E-19 8.074E-19 8.222E-19 7.961E-19 7.878E-19
 8.131E-19 8.206E-19 7.968E-19 7.828E-19 7.855E-19 7.827E-19 7.873E-19 8.035E-19 7.940E-19 7.660E-19
 7.753E-19 8.058E-19 7.940E-19 7.660E-19 7.856E-19 8.209E-19 8.158E-19 8.011E-19 8.138E-19 8.205E-19
 7.981E-19 7.774E-19 7.784E-19 7.888E-19 7.954E-19 7.890E-19 7.762E-19 7.825E-19 8.043E-19 8.057E-19
 7.927E-19 8.072E-19 8.361E-19 8.300E-19 8.026E-19 8.045E-19 8.237E-19 8.110E-19 7.776E-19 7.760E-19
 8.076E-19 8.230E-19 8.000E-19 7.699E-19 7.736E-19 8.160E-19 8.553E-19 8.431E-19 7.908E-19 7.652E-19
 7.875E-19 8.006E-19 7.753E-19 7.575E-19 7.713E-19 7.779E-19 7.650E-19 7.663E-19 7.796E-19 7.704E-19
 7.518E-19 7.614E-19 7.806E-19 7.667E-19 7.361E-19 7.362E-19 7.614E-19 7.680E-19 7.517E-19 7.448E-19
 7.525E-19 7.554E-19 7.598E-19 7.815E-19 7.983E-19 7.824E-19 7.565E-19 7.613E-19 7.856E-19 7.849E-19
 7.542E-19 7.372E-19 7.575E-19 7.825E-19 7.768E-19 7.566E-19 7.533E-19 7.579E-19 7.476E-19 7.298E-19
 7.255E-19 7.400E-19 7.619E-19 7.650E-19 7.367E-19 7.146E-19 7.375E-19 7.741E-19 7.738E-19 7.492E-19
 7.357E-19 7.331E-19 7.357E-19 7.437E-19 7.388E-19 7.166E-19 7.094E-19 7.281E-19 7.422E-19 7.393E-19
 7.359E-19 7.362E-19 7.363E-19 7.371E-19 7.328E-19 7.202E-19 7.096E-19 7.041E-19 7.036E-19 7.143E-19
 7.218E-19 7.048E-19 6.893E-19 7.069E-19 7.229E-19 7.026E-19 6.836E-19 6.999E-19 7.214E-19 7.216E-19
 7.116E-19 6.989E-19 6.885E-19 6.912E-19 6.942E-19 6.795E-19 6.675E-19 6.802E-19 6.964E-19 6.928E-19
 6.832E-19 6.869E-19 6.950E-19 6.899E-19 6.821E-19 6.996E-19 7.278E-19 7.198E-19 6.866E-19 6.846E-19
 7.042E-19 6.939E-19 6.675E-19 6.628E-19 6.704E-19 6.917E-19 7.334E-19 7.337E-19 6.634E-19 6.238E-19
 6.724E-19 7.146E-19 6.970E-19 6.838E-19 6.936E-19 6.920E-19 6.991E-19 7.211E-19 7.127E-19 6.930E-19
 7.097E-19 7.191E-19 6.881E-19 6.752E-19 6.865E-19 6.593E-19 6.214E-19 6.430E-19 6.915E-19 7.099E-19
 7.052E-19 6.793E-19 6.390E-19 6.411E-19 6.854E-19 6.914E-19 6.590E-19 6.634E-19 6.925E-19 6.882E-19
 6.738E-19 6.819E-19 6.821E-19 6.678E-19 6.721E-19 6.833E-19 6.693E-19 6.513E-19 6.640E-19 6.909E-19
 6.891E-19 6.554E-19 6.375E-19 6.627E-19 6.834E-19 6.628E-19 6.507E-19 6.795E-19 6.925E-19 6.683E-19
 6.664E-19 6.947E-19 7.015E-19 6.946E-19 7.070E-19 7.106E-19 6.881E-19 6.765E-19 6.803E-19 6.717E-19
 6.654E-19 6.759E-19 6.695E-19 6.413E-19 6.376E-19 6.632E-19 6.760E-19 6.675E-19 6.608E-19 6.612E-19
 6.611E-19 6.601E-19 6.613E-19 6.700E-19 6.844E-19 6.886E-19 6.755E-19 6.611E-19 6.598E-19 6.699E-19
 6.809E-19 6.829E-19 6.826E-19 6.961E-19 7.134E-19 7.103E-19 7.027E-19 7.180E-19 7.297E-19 7.048E-19
 6.770E-19 6.861E-19 7.066E-19 7.025E-19 6.858E-19 6.779E-19 6.802E-19 6.942E-19 7.154E-19 7.223E-19
 7.092E-19 6.986E-19 7.000E-19 6.975E-19 6.862E-19 6.828E-19 6.939E-19 7.084E-19 7.184E-19 7.206E-19
 7.122E-19 7.076E-19 7.261E-19 7.456E-19 7.307E-19 7.121E-19 7.407E-19 7.758E-19 7.510E-19 7.116E-19
 7.306E-19 7.683E-19 7.635E-19 7.490E-19 7.567E-19 7.611E-19 7.729E-19 8.153E-19 8.285E-19 7.750E-19
 7.398E-19 7.684E-19 7.820E-19 7.585E-19 7.721E-19 8.097E-19 7.931E-19 7.583E-19 7.835E-19 8.269E-19
 8.198E-19 7.902E-19 7.780E-19 7.713E-19 7.719E-19 7.906E-19 8.012E-19 7.967E-19 8.096E-19 8.274E-19
 8.062E-19 7.760E-19 7.990E-19 8.470E-19 8.497E-19 8.217E-19 8.252E-19 8.560E-19 8.649E-19 8.491E-19
 8.399E-19 8.409E-19 8.389E-19 8.425E-19 8.593E-19 8.746E-19 8.799E-19 8.831E-19 8.823E-19 8.767E-19
 8.826E-19 8.940E-19 8.830E-19 8.667E-19 8.874E-19 9.210E-19 9.117E-19 8.782E-19 8.791E-19 9.121E-19
 9.302E-19 9.106E-19 8.697E-19 8.529E-19 8.898E-19 9.406E-19 9.495E-19 9.350E-19 9.353E-19 9.301E-19
 9.093E-19 9.122E-19 9.345E-19 9.293E-19 9.124E-19 9.303E-19 9.594E-19 9.559E-19 9.332E-19 9.188E-19
 9.198E-19 9.429E-19 9.725E-19 9.743E-19 9.612E-19 9.691E-19 9.820E-19 9.807E-19 9.971E-19 1.029E-18
 1.018E-18 9.685E-19 9.540E-19 9.866E-19 1.013E-18 1.023E-18 1.040E-18 1.055E-18 1.049E-18 1.043E-18
 1.060E-18 1.087E-18 1.092E-18 1.083E-18 1.098E-18 1.137E-18 1.152E-18 1.129E-18 1.110E-18 1.116E-18
 1.125E-18 1.125E-18 1.133E-18 1.144E-18 1.144E-18 1.141E-18 1.145E-18 1.146E-18 1.134E-18 1.128E-18
 1.156E-18 1.199E-18 1.208E-18 1.183E-18 1.178E-18 1.201E-18 1.204E-18 1.186E-18 1.191E-18 1.210E-18
 1.203E-18 1.191E-18 1.211E-18 1.243E-18 1.248E-18 1.240E-18 1.246E-18 1.261E-18 1.264E-18 1.257E-18
 1.268E-18 1.302E-18 1.315E-18 1.289E-18 1.270E-18 1.286E-18 1.303E-18 1.306E-18 1.325E-18 1.343E-18
 1.326E-18 1.300E-18 1.315E-18 1.354E-18 1.376E-18 1.374E-18 1.358E-18 1.352E-18 1.375E-18 1.406E-18
 1.408E-18 1.398E-18 1.410E-18 1.434E-18 1.446E-18 1.448E-18 1.435E-18 1.407E-18 1.391E-18 1.402E-18
 1.417E-18 1.418E-18 1.412E-18 1.414E-18 1.432E-18 1.450E-18 1.445E-18 1.433E-18 1.446E-18 1.462E-18
 1.453E-18 1.459E-18 1.495E-18 1.506E-18 1.481E-18 1.489E-18 1.534E-18 1.551E-18 1.527E-18 1.510E-18
 1.530E-18 1.573E-18 1.606E-18 1.598E-18 1.573E-18 1.583E-18 1.613E-18 1.622E-18 1.626E-18 1.640E-18
 1.630E-18 1.606E-18 1.623E-18 1.655E-18 1.645E-18 1.623E-18 1.643E-18 1.678E-18 1.696E-18 1.714E-18
 1.729E-18 1.721E-18 1.712E-18 1.721E-18 1.720E-18 1.712E-18 1.732E-18 1.759E-18 1.752E-18 1.741E-18
 1.767E-18 1.799E-18 1.800E-18 1.798E-18 1.813E-18 1.832E-18 1.852E-18 1.871E-18 1.867E-18 1.853E-18
 1.870E-18 1.903E-18 1.905E-18 1.900E-18 1.932E-18 1.964E-18 1.951E-18 1.933E-18 1.947E-18 1.966E-18
 1.966E-18 1.965E-18 1.973E-18 1.980E-18 1.985E-18 1.987E-18 1.986E-18 2.005E-18 2.038E-18 2.045E-18
 2.029E-18 2.041E-18 2.079E-18 2.094E-18 2.083E-18 2.089E-18 2.113E-18 2.120E-18 2.111E-18 2.121E-18
 2.155E-18 2.182E-18 2.185E-18 2.187E-18 2.200E-18 2.202E-18 2.188E-18 2.190E-18 2.215E-18 2.229E-18
 2.231E-18 2.247E-18 2.263E-18 2.258E-18 2.266E-18 2.306E-18 2.333E-18 2.315E-18 2.297E-18 2.324E-18
 2.366E-18 2.383E-18 2.383E-18 2.388E-18 2.385E-18 2.360E-18 2.361E-18 2.417E-18 2.466E-18 2.453E-18
 2.426E-18 2.436E-18 2.447E-18 2.440E-18 2.460E-18 2.514E-18 2.550E-18 2.557E-18 2.560E-18 2.566E-18
 2.574E-18 2.587E-18 2.590E-18 2.581E-18 2.593E-18 2.618E-18 2.615E-18 2.598E-18 2.616E-18 2.659E-18
 2.690E-18 2.708E-18 2.724E-18 2.734E-18 2.741E-18 2.756E-18 2.772E-18 2.787E-18 2.808E-18 2.830E-18
 2.837E-18 2.825E-18 2.828E-18 2.870E-18 2.918E-18 2.922E-18 2.910E-18 2.940E-18 2.988E-18 3.000E-18
 3.002E-18 3.038E-18 3.079E-18 3.104E-18 3.124E-18 3.124E-18 3.102E-18 3.115E-18 3.166E-18 3.193E-18
 3.198E-18 3.220E-18 3.234E-18 3.232E-18 3.266E-18 3.320E-18 3.323E-18 3.299E-18 3.311E-18 3.330E-18
 3.328E-18 3.337E-18 3.351E-18 3.340E-18 3.335E-18 3.355E-18 3.359E-18 3.340E-18 3.335E-18 3.345E-18
 3.359E-18 3.381E-18 3.387E-18 3.363E-18 3.358E-18 3.387E-18 3.395E-18 3.379E-18 3.387E-18 3.403E-18
 3.397E-18 3.404E-18 3.437E-18 3.460E-18 3.468E-18 3.479E-18 3.483E-18 3.490E-18 3.517E-18 3.532E-18
 3.526E-18 3.550E-18 3.593E-18 3.594E-18 3.581E-18 3.617E-18 3.648E-18 3.626E-18 3.625E-18 3.686E-18
 3.730E-18 3.712E-18 3.702E-18 3.740E-18 3.770E-18 3.756E-18 3.735E-18 3.753E-18 3.798E-18 3.827E-18
 3.833E-18 3.847E-18 3.875E-18 3.893E-18 3.889E-18 3.885E-18 3.906E-18 3.948E-18 3.975E-18 3.974E-18
 3.985E-18 4.020E-18 4.036E-18 4.032E-18 4.056E-18 4.080E-18 4.056E-18 4.048E-18 4.116E-18 4.175E-18
 4.163E-18 4.164E-18 4.220E-18 4.254E-18 4.244E-18 4.248E-18 4.265E-18 4.272E-18 4.302E-18 4.359E-18
 4.385E-18 4.384E-18 4.402E-18 4.427E-18 4.447E-18 4.484E-18 4.518E-18 4.499E-18 4.470E-18 4.509E-18
 4.586E-18 4.620E-18 4.620E-18 4.644E-18 4.689E-18 4.715E-18 4.722E-18 4.736E-18 4.759E-18 4.774E-18
 4.794E-18 4.835E-18 4.871E-18 4.870E-18 4.858E-18 4.885E-18 4.941E-18 4.982E-18 5.000E-18 5.008E-18
 5.009E-18 5.015E-18 5.050E-18 5.097E-18 5.123E-18 5.133E-18 5.153E-18 5.177E-18 5.186E-18 5.200E-18
 5.240E-18 5.275E-18 5.277E-18 5.272E-18 5.295E-18 5.329E-18 5.343E-18 5.352E-18 5.383E-18 5.423E-18
 5.442E-18 5.455E-18 5.496E-18 5.554E-18 5.583E-18 5.576E-18 5.580E-18 5.610E-18 5.634E-18 5.639E-18
 5.662E-18 5.708E-18 5.735E-18 5.736E-18 5.750E-18 5.785E-18 5.814E-18 5.835E-18 5.867E-18 5.901E-18
 5.917E-18 5.932E-18 5.959E-18 5.983E-18 6.004E-18 6.040E-18 6.084E-18 6.106E-18 6.119E-18 6.157E-18
 6.199E-18 6.201E-18 6.180E-18 6.190E-18 6.244E-18 6.306E-18 6.343E-18 6.341E-18 6.323E-18 6.337E-18
 6.392E-18 6.446E-18 6.466E-18 6.462E-18 6.467E-18 6.502E-18 6.556E-18 6.589E-18 6.588E-18 6.598E-18
 6.650E-18 6.704E-18 6.725E-18 6.732E-18 6.747E-18 6.767E-18 6.793E-18 6.828E-18 6.863E-18 6.898E-18
 6.937E-18 6.969E-18 6.994E-18 7.025E-18 7.052E-18 7.061E-18 7.072E-18 7.097E-18 7.121E-18 7.135E-18
 7.141E-18 7.148E-18 7.175E-18 7.215E-18 7.222E-18 7.198E-18 7.203E-18 7.246E-18 7.281E-18 7.312E-18
 7.354E-18 7.371E-18 7.371E-18 7.400E-18 7.431E-18 7.419E-18 7.415E-18 7.455E-18 7.482E-18 7.493E-18
 7.543E-18 7.594E-18 7.597E-18 7.618E-18 7.682E-18 7.695E-18 7.649E-18 7.652E-18 7.710E-18 7.753E-18
 7.784E-18 7.827E-18 7.855E-18 7.861E-18 7.876E-18 7.912E-18 7.966E-18 8.019E-18 8.027E-18 8.002E-18
 8.019E-18 8.080E-18 8.121E-18 8.142E-18 8.162E-18 8.171E-18 8.199E-18 8.286E-18 8.356E-18 8.341E-18
 8.321E-18 8.367E-18 8.413E-18 8.424E-18 8.459E-18 8.509E-18 8.516E-18 8.516E-18 8.569E-18 8.650E-18
 8.699E-18 8.713E-18 8.722E-18 8.745E-18 8.776E-18 8.805E-18 8.839E-18 8.892E-18 8.952E-18 8.995E-18
 9.022E-18 9.046E-18 9.064E-18 9.076E-18 9.090E-18 9.137E-18 9.226E-18 9.292E-18 9.279E-18 9.262E-18
 9.328E-18 9.398E-18 9.394E-18 9.407E-18 9.482E-18 9.509E-18 9.469E-18 9.490E-18 9.569E-18 9.597E-18
 9.588E-18 9.611E-18 9.639E-18 9.654E-18 9.699E-18 9.769E-18 9.817E-18 9.847E-18 9.871E-18 9.890E-18
 9.929E-18 9.974E-18 9.989E-18 1.002E-17 1.011E-17 1.018E-17 1.016E-17 1.016E-17 1.022E-17 1.026E-17
 1.024E-17 1.027E-17 1.036E-17 1.041E-17 1.041E-17 1.042E-17 1.046E-17 1.049E-17 1.052E-17 1.054E-17
 1.057E-17 1.062E-17 1.065E-17 1.065E-17 1.066E-17 1.070E-17 1.073E-17 1.077E-17 1.080E-17 1.083E-17
 1.087E-17 1.090E-17 1.092E-17 1.094E-17 1.099E-17 1.105E-17 1.105E-17 1.105E-17 1.110E-17 1.117E-17
 1.120E-17 1.123E-17 1.127E-17 1.130E-17 1.134E-17 1.140E-17 1.144E-17 1.147E-17 1.150E-17 1.157E-17
 1.162E-17 1.165E-17 1.166E-17 1.166E-17 1.171E-17 1.177E-17 1.180E-17 1.182E-17 1.186E-17 1.192E-17
 1.192E-17 1.191E-17 1.194E-17 1.199E-17 1.200E-17 1.201E-17 1.205E-17 1.208E-17 1.210E-17 1.214E-17
 1.219E-17 1.225E-17 1.232E-17 1.237E-17 1.237E-17 1.236E-17 1.239E-17 1.241E-17 1.240E-17 1.242E-17
 1.248E-17 1.251E-17 1.252E-17 1.255E-17 1.259E-17 1.258E-17 1.258E-17 1.262E-17 1.266E-17 1.267E-17
 1.270E-17 1.275E-17 1.277E-17 1.275E-17 1.274E-17 1.275E-17 1.276E-17 1.280E-17 1.283E-17 1.281E-17
 1.279E-17 1.283E-17 1.289E-17 1.286E-17 1.281E-17 1.288E-17 1.299E-17 1.299E-17 1.294E-17 1.296E-17
 1.301E-17 1.305E-17 1.308E-17 1.313E-17 1.315E-17 1.317E-17 1.321E-17 1.323E-17 1.326E-17 1.331E-17
 1.333E-17 1.332E-17 1.338E-17 1.347E-17 1.348E-17 1.344E-17 1.346E-17 1.351E-17 1.350E-17 1.352E-17
 1.357E-17 1.358E-17 1.361E-17 1.370E-17 1.374E-17 1.371E-17 1.373E-17 1.381E-17 1.383E-17 1.383E-17
 1.389E-17 1.395E-17 1.398E-17 1.403E-17 1.409E-17 1.412E-17 1.414E-17 1.419E-17 1.424E-17 1.429E-17
 1.439E-17 1.446E-17 1.448E-17 1.453E-17 1.462E-17 1.468E-17 1.474E-17 1.482E-17 1.487E-17 1.489E-17
 1.494E-17 1.502E-17 1.509E-17 1.515E-17 1.519E-17 1.522E-17 1.525E-17 1.530E-17 1.537E-17 1.542E-17
 1.549E-17 1.556E-17 1.564E-17 1.572E-17 1.572E-17 1.571E-17 1.576E-17 1.581E-17 1.578E-17 1.576E-17
 1.585E-17 1.592E-17 1.587E-17 1.584E-17 1.587E-17 1.591E-17 1.593E-17 1.595E-17 1.595E-17 1.594E-17
 1.596E-17 1.596E-17 1.590E-17 1.587E-17 1.590E-17 1.590E-17 1.588E-17 1.591E-17 1.589E-17 1.581E-17
 1.577E-17 1.580E-17 1.581E-17 1.579E-17 1.579E-17 1.578E-17 1.575E-17 1.578E-17 1.581E-17 1.577E-17
 1.575E-17 1.581E-17 1.586E-17 1.583E-17 1.584E-17 1.593E-17 1.598E-17 1.597E-17 1.600E-17 1.606E-17
 1.609E-17 1.610E-17 1.614E-17 1.617E-17 1.619E-17 1.621E-17 1.625E-17 1.626E-17 1.625E-17 1.631E-17
 1.641E-17 1.643E-17 1.641E-17 1.643E-17 1.649E-17 1.650E-17 1.648E-17 1.650E-17 1.656E-17 1.664E-17
 1.672E-17 1.680E-17 1.687E-17 1.697E-17 1.711E-17 1.725E-17 1.737E-17 1.750E-17 1.768E-17 1.788E-17
 1.801E-17 1.807E-17 1.814E-17 1.824E-17 1.826E-17 1.820E-17 1.811E-17 1.804E-17 1.798E-17 1.798E-17
 1.800E-17 1.795E-17 1.789E-17 1.789E-17 1.791E-17 1.788E-17 1.786E-17 1.789E-17 1.790E-17 1.794E-17
 1.801E-17 1.802E-17 1.797E-17 1.798E-17 1.807E-17 1.811E-17 1.810E-17 1.813E-17 1.822E-17 1.828E-17
 1.831E-17 1.834E-17 1.838E-17 1.844E-17 1.851E-17 1.852E-17 1.852E-17 1.853E-17 1.849E-17 1.839E-17
 1.829E-17 1.826E-17 1.824E-17 1.816E-17 1.803E-17 1.793E-17 1.788E-17 1.783E-17 1.775E-17 1.766E-17
 1.761E-17 1.757E-17 1.750E-17 1.743E-17 1.740E-17 1.737E-17 1.734E-17 1.729E-17 1.723E-17 1.719E-17
 1.717E-17 1.711E-17 1.703E-17 1.703E-17 1.711E-17 1.718E-17 1.720E-17 1.725E-17 1.734E-17 1.742E-17
 1.745E-17 1.748E-17 1.750E-17 1.748E-17 1.739E-17 1.729E-17 1.723E-17 1.721E-17 1.723E-17 1.727E-17
 1.725E-17 1.720E-17 1.722E-17 1.729E-17 1.731E-17 1.734E-17 1.750E-17 1.766E-17 1.773E-17 1.783E-17
 1.807E-17 1.831E-17 1.850E-17 1.872E-17 1.897E-17 1.918E-17 1.942E-17 1.972E-17 2.001E-17 2.027E-17
 2.062E-17 2.099E-17 2.125E-17 2.143E-17 2.174E-17 2.218E-17 2.257E-17 2.284E-17 2.310E-17 2.337E-17
 2.356E-17 2.362E-17 2.360E-17 2.353E-17 2.333E-17 2.305E-17 2.279E-17 2.258E-17 2.236E-17 2.215E-17
 2.196E-17 2.180E-17 2.166E-17 2.155E-17 2.143E-17 2.131E-17 2.123E-17 2.115E-17 2.102E-17 2.087E-17
 2.077E-17 2.070E-17 2.066E-17 2.063E-17 2.055E-17 2.041E-17 2.034E-17 2.037E-17 2.037E-17 2.029E-17
 2.022E-17 2.019E-17 2.014E-17 2.006E-17 1.998E-17 1.989E-17 1.978E-17 1.968E-17 1.959E-17 1.949E-17
 1.934E-17 1.920E-17 1.913E-17 1.913E-17 1.908E-17 1.897E-17 1.889E-17 1.890E-17 1.890E-17 1.882E-17
 1.874E-17 1.872E-17 1.867E-17 1.859E-17 1.856E-17 1.863E-17 1.865E-17 1.854E-17 1.838E-17 1.824E-17
 1.809E-17 1.788E-17 1.764E-17 1.740E-17 1.718E-17 1.699E-17 1.683E-17 1.666E-17 1.651E-17 1.639E-17
 1.630E-17 1.623E-17 1.618E-17 1.615E-17 1.614E-17 1.614E-17 1.614E-17 1.619E-17 1.624E-17 1.623E-17
 1.621E-17 1.630E-17 1.647E-17 1.654E-17 1.654E-17 1.660E-17 1.674E-17 1.690E-17 1.710E-17 1.730E-17
 1.741E-17 1.754E-17 1.781E-17 1.813E-17 1.834E-17 1.854E-17 1.886E-17 1.925E-17 1.963E-17 1.997E-17
 2.033E-17 2.081E-17 2.143E-17 2.202E-17 2.258E-17 2.325E-17 2.397E-17 2.459E-17 2.518E-17 2.575E-17
 2.602E-17 2.591E-17 2.579E-17 2.567E-17 2.537E-17 2.509E-17 2.507E-17 2.516E-17 2.524E-17 2.545E-17
 2.580E-17 2.611E-17 2.638E-17 2.665E-17 2.681E-17 2.682E-17 2.673E-17 2.647E-17 2.601E-17 2.553E-17
 2.508E-17 2.456E-17 2.401E-17 2.351E-17 2.302E-17 2.252E-17 2.211E-17 2.179E-17 2.144E-17 2.107E-17
 2.073E-17 2.040E-17 2.007E-17 1.976E-17 1.945E-17 1.915E-17 1.891E-17 1.870E-17 1.844E-17 1.817E-17
 1.798E-17 1.785E-17 1.770E-17 1.754E-17 1.742E-17 1.733E-17 1.724E-17 1.716E-17 1.713E-17 1.713E-17
 1.712E-17 1.709E-17 1.710E-17 1.713E-17 1.712E-17 1.712E-17 1.722E-17 1.734E-17 1.741E-17 1.747E-17
 1.759E-17 1.771E-17 1.780E-17 1.794E-17 1.814E-17 1.833E-17 1.850E-17 1.864E-17 1.878E-17 1.894E-17
 1.916E-17 1.941E-17 1.968E-17 1.994E-17 2.015E-17 2.036E-17 2.064E-17 2.098E-17 2.129E-17 2.156E-17
 2.188E-17 2.227E-17 2.268E-17 2.306E-17 2.345E-17 2.382E-17 2.418E-17 2.465E-17 2.522E-17 2.576E-17
 2.618E-17 2.662E-17 2.718E-17 2.777E-17 2.829E-17 2.880E-17 2.938E-17 3.002E-17 3.066E-17 3.126E-17
 3.188E-17 3.263E-17 3.343E-17 3.408E-17 3.463E-17 3.533E-17 3.620E-17 3.702E-17 3.771E-17 3.844E-17
 3.924E-17 4.010E-17 4.095E-17 4.167E-17 4.226E-17 4.290E-17 4.360E-17 4.413E-17 4.449E-17 4.485E-17
 4.511E-17 4.503E-17 4.456E-17 4.379E-17 4.275E-17 4.127E-17 3.937E-17 3.744E-17 3.570E-17 3.387E-17
 3.185E-17 2.999E-17 2.850E-17 2.711E-17 2.571E-17 2.448E-17 2.346E-17 2.247E-17 2.150E-17 2.069E-17
 1.999E-17 1.930E-17 1.864E-17 1.810E-17 1.759E-17 1.709E-17 1.666E-17 1.630E-17 1.595E-17 1.562E-17
 1.533E-17 1.505E-17 1.476E-17 1.453E-17 1.435E-17 1.414E-17 1.396E-17 1.384E-17 1.371E-17 1.352E-17
 1.336E-17 1.328E-17 1.320E-17 1.306E-17 1.294E-17 1.287E-17 1.282E-17 1.276E-17 1.269E-17 1.261E-17
 1.253E-17 1.247E-17 1.243E-17 1.242E-17 1.243E-17 1.240E-17 1.235E-17 1.232E-17 1.231E-17 1.229E-17
 1.226E-17 1.224E-17 1.223E-17 1.220E-17 1.215E-17 1.213E-17 1.213E-17 1.211E-17 1.210E-17 1.210E-17
 1.211E-17 1.210E-17 1.212E-17 1.214E-17 1.212E-17 1.206E-17 1.206E-17 1.212E-17 1.215E-17 1.215E-17
 1.219E-17 1.222E-17 1.220E-17 1.220E-17 1.226E-17 1.230E-17 1.228E-17 1.228E-17 1.232E-17 1.233E-17
 1.233E-17 1.239E-17 1.243E-17 1.243E-17 1.246E-17 1.251E-17 1.255E-17 1.256E-17 1.257E-17 1.257E-17
 1.257E-17 1.259E-17 1.265E-17 1.270E-17 1.274E-17 1.276E-17 1.276E-17 1.275E-17 1.278E-17 1.284E-17
 1.287E-17 1.288E-17 1.290E-17 1.292E-17 1.294E-17 1.294E-17 1.291E-17 1.294E-17 1.301E-17 1.308E-17
 1.312E-17 1.314E-17 1.314E-17 1.314E-17 1.316E-17 1.319E-17 1.319E-17 1.321E-17 1.323E-17 1.324E-17
 1.323E-17 1.326E-17 1.330E-17 1.331E-17 1.334E-17 1.340E-17 1.341E-17 1.339E-17 1.341E-17 1.346E-17
 1.353E-17 1.355E-17 1.353E-17 1.351E-17 1.355E-17 1.359E-17 1.358E-17 1.359E-17 1.366E-17 1.367E-17
 1.363E-17 1.366E-17 1.368E-17 1.362E-17 1.360E-17 1.368E-17 1.368E-17 1.362E-17 1.364E-17 1.373E-17
 1.375E-17 1.374E-17 1.378E-17 1.380E-17 1.380E-17 1.385E-17 1.392E-17 1.394E-17 1.394E-17 1.396E-17
 1.395E-17 1.395E-17 1.401E-17 1.405E-17 1.405E-17 1.404E-17 1.404E-17 1.402E-17 1.403E-17 1.405E-17
 1.403E-17 1.398E-17 1.397E-17 1.397E-17 1.394E-17 1.393E-17 1.394E-17 1.392E-17 1.386E-17 1.382E-17
 1.380E-17 1.374E-17 1.370E-17 1.369E-17 1.368E-17 1.363E-17 1.362E-17 1.364E-17 1.365E-17 1.359E-17
 1.354E-17 1.353E-17 1.353E-17 1.351E-17 1.351E-17 1.351E-17 1.348E-17 1.341E-17 1.339E-17 1.342E-17
 1.343E-17 1.340E-17 1.336E-17 1.335E-17 1.333E-17 1.330E-17 1.326E-17 1.321E-17 1.319E-17 1.318E-17
 1.317E-17 1.314E-17 1.313E-17 1.311E-17 1.307E-17 1.302E-17 1.298E-17 1.296E-17 1.296E-17 1.295E-17
 1.289E-17 1.282E-17 1.282E-17 1.285E-17 1.281E-17 1.271E-17 1.268E-17 1.270E-17 1.268E-17 1.261E-17
 1.256E-17 1.256E-17 1.252E-17 1.245E-17 1.239E-17 1.239E-17 1.237E-17 1.230E-17 1.224E-17 1.221E-17
 1.218E-17 1.212E-17 1.207E-17 1.207E-17 1.207E-17 1.202E-17 1.193E-17 1.185E-17 1.179E-17 1.176E-17
 1.171E-17 1.165E-17 1.158E-17 1.152E-17 1.149E-17 1.147E-17 1.144E-17 1.137E-17 1.130E-17 1.124E-17
 1.118E-17 1.109E-17 1.103E-17 1.104E-17 1.105E-17 1.095E-17 1.082E-17 1.078E-17 1.078E-17 1.072E-17
 1.064E-17 1.059E-17 1.053E-17 1.043E-17 1.035E-17 1.033E-17 1.029E-17 1.020E-17 1.010E-17 1.004E-17
 9.992E-18 9.954E-18 9.913E-18 9.853E-18 9.763E-18 9.672E-18 9.604E-18 9.532E-18 9.446E-18 9.386E-18
 9.353E-18 9.292E-18 9.199E-18 9.122E-18 9.059E-18 8.978E-18 8.901E-18 8.854E-18 8.803E-18 8.725E-18
 8.645E-18 8.583E-18 8.524E-18 8.457E-18 8.380E-18 8.295E-18 8.213E-18 8.135E-18 8.048E-18 7.963E-18
 7.889E-18 7.802E-18 7.694E-18 7.607E-18 7.558E-18 7.506E-18 7.439E-18 7.382E-18 7.324E-18 7.241E-18
 7.148E-18 7.061E-18 6.974E-18 6.904E-18 6.861E-18 6.800E-18 6.694E-18 6.595E-18 6.533E-18 6.464E-18
 6.365E-18 6.280E-18 6.217E-18 6.129E-18 6.022E-18 5.951E-18 5.904E-18 5.811E-18 5.683E-18 5.598E-18
 5.551E-18 5.474E-18 5.366E-18 5.271E-18 5.184E-18 5.096E-18 5.023E-18 4.948E-18 4.842E-18 4.751E-18
 4.715E-18 4.671E-18 4.574E-18 4.483E-18 4.429E-18 4.359E-18 4.267E-18 4.200E-18 4.150E-18 4.082E-18
 4.004E-18 3.921E-18 3.831E-18 3.765E-18 3.736E-18 3.694E-18 3.618E-18 3.545E-18 3.492E-18 3.436E-18
 3.377E-18 3.328E-18 3.277E-18 3.219E-18 3.158E-18 3.088E-18 3.014E-18 2.953E-18 2.898E-18 2.838E-18
 2.788E-18 2.752E-18 2.705E-18 2.649E-18 2.608E-18 2.571E-18 2.511E-18 2.444E-18 2.402E-18 2.376E-18
 2.341E-18 2.300E-18 2.264E-18 2.224E-18 2.169E-18 2.117E-18 2.083E-18 2.047E-18 1.995E-18 1.953E-18
 1.933E-18 1.898E-18 1.845E-18 1.809E-18 1.780E-18 1.721E-18 1.662E-18 1.642E-18 1.621E-18 1.566E-18
 1.524E-18 1.520E-18 1.515E-18 1.485E-18 1.441E-18 1.389E-18 1.350E-18 1.338E-18 1.319E-18 1.276E-18
 1.245E-18 1.228E-18 1.194E-18 1.163E-18 1.168E-18 1.165E-18 1.116E-18 1.069E-18 1.056E-18 1.047E-18
 1.024E-18 1.001E-18 9.791E-19 9.617E-19 9.559E-19 9.372E-19 8.967E-19 8.763E-19 8.802E-19 8.536E-19
 7.991E-19 7.805E-19 7.984E-19 7.929E-19 7.535E-19 7.218E-19 7.158E-19 7.184E-19 7.112E-19 6.916E-19
 6.670E-19 6.431E-19 6.265E-19 6.260E-19 6.277E-19 6.085E-19 5.893E-19 5.990E-19 5.976E-19 5.510E-19
 5.199E-19 5.419E-19 5.440E-19 4.983E-19 4.866E-19 5.162E-19 4.911E-19 4.180E-19 4.034E-19 4.477E-19
 4.626E-19 4.422E-19 4.379E-19 4.405E-19 4.198E-19 3.930E-19 3.825E-19 3.831E-19 3.881E-19 3.900E-19
 3.766E-19 3.571E-19 3.539E-19 3.598E-19 3.518E-19 3.337E-19 3.202E-19 3.083E-19 2.992E-19 3.054E-19
 3.161E-19 3.053E-19 2.862E-19 2.896E-19 2.995E-19 2.839E-19 2.659E-19 2.793E-19 2.977E-19 2.899E-19
 2.787E-19 2.786E-19 2.635E-19 2.414E-19 2.531E-19 2.798E-19 2.718E-19 2.493E-19 2.577E-19 2.719E-19
 2.550E-19 2.352E-19 2.392E-19 2.385E-19 2.214E-19 2.171E-19 2.212E-19 2.053E-19 1.944E-19 2.222E-19
 2.457E-19 2.172E-19 1.827E-19 1.966E-19 2.199E-19 2.029E-19 1.757E-19 1.768E-19 1.866E-19 1.856E-19
 1.881E-19 2.000E-19 2.104E-19 2.128E-19 2.003E-19 1.786E-19 1.752E-19 1.912E-19 1.945E-19 1.862E-19
 1.914E-19 1.895E-19 1.622E-19 1.551E-19 1.890E-19 2.074E-19 1.894E-19 1.789E-19 1.756E-19 1.494E-19
 1.311E-19 1.488E-19 1.623E-19 1.571E-19 1.691E-19 1.813E-19 1.548E-19 1.312E-19 1.509E-19 1.615E-19
 1.340E-19 1.267E-19 1.562E-19 1.664E-19 1.525E-19 1.592E-19 1.751E-19 1.641E-19 1.456E-19 1.467E-19
 1.481E-19 1.359E-19 1.294E-19 1.335E-19 1.318E-19 1.256E-19 1.247E-19 1.240E-19 1.223E-19 1.307E-19
 1.442E-19 1.443E-19 1.336E-19 1.310E-19 1.380E-19 1.404E-19 1.340E-19 1.296E-19 1.369E-19 1.474E-19
 1.411E-19 1.225E-19 1.244E-19 1.476E-19 1.496E-19 1.234E-19 1.103E-19 1.159E-19 1.116E-19 1.128E-19
 1.442E-19 1.673E-19 1.478E-19 1.241E-19 1.281E-19 1.341E-19 1.253E-19 1.145E-19 1.037E-19 9.951E-20
 1.168E-19 1.360E-19 1.336E-19 1.328E-19 1.455E-19 1.399E-19 1.184E-19 1.181E-19 1.313E-19 1.343E-19
 1.385E-19 1.358E-19 1.059E-19 9.290E-20 1.279E-19 1.425E-19 1.026E-19 8.414E-20 1.094E-19 1.096E-19
 9.112E-20 1.146E-19 1.455E-19 1.264E-19 9.771E-20 1.020E-19 1.080E-19 9.969E-20 9.641E-20 9.464E-20
 9.417E-20 1.117E-19 1.252E-19 1.071E-19 8.676E-20 8.829E-20 8.663E-20 7.830E-20 8.493E-20 9.195E-20
 8.862E-20 1.022E-19 1.235E-19 1.136E-19 9.664E-20 1.126E-19 1.266E-19 1.062E-19 9.116E-20 1.023E-19
 1.045E-19 9.185E-20 8.736E-20 8.362E-20 7.754E-20 9.212E-20 1.113E-19 9.369E-20 6.057E-20 6.365E-20
 9.316E-20 1.089E-19 1.112E-19 1.140E-19 1.095E-19 1.009E-19 1.069E-19 1.173E-19 1.066E-19 9.031E-20
 1.009E-19 1.202E-19 1.107E-19 9.411E-20 1.097E-19 1.282E-19 1.058E-19 7.620E-20 8.218E-20 9.031E-20
 7.069E-20 6.209E-20 8.063E-20 8.406E-20 7.118E-20 8.710E-20 1.232E-19 1.331E-19 NaN       NaN

