030014001
030014002
030014003
030014004
030014005
030014006
030014007
030014008
030014009
030014010
030014011
030014501
030014502
030014503
030014504
030014505
030014506
030014507
030014508
030014509
030014510
030014511
030015001
030015002
030015003
030015004
030015005
030015006
030015007
030015008
030015009
030015010
030015011
030015501
030015502
030015503
030015504
030015505
030015506
030015507
030015508
030015509
030015510
030015511
030016001
030016002
030016003
030016004
030016005
030016006
030016007
030016008
030016009
030016010
030016011
030016501
030016502
030016503
030016504
030016505
030016506
030016507
030016508
030016509
030016510
030016511
030017001
030017002
030017003
030017004
030017005
030017006
030017007
030017008
030017009
030017010
030017011
030017501
030017502
030017503
030017504
030017505
030017506
030017507
030017508
030017509
030017510
030017511
030018001
030018002
030018003
030018004
030018005
030018006
030018007
030018008
030018009
030018010
030018011
030018501
030018502
030018503
030018504
030018505
030018506
030018507
030018508
030018509
030018510
030018511
030019001
030019002
030019003
030019004
030019005
030019006
030019007
030019008
030019009
030019010
030019011
030019501
030019502
030019503
030019504
030019505
030019506
030019507
030019508
030019509
030019510
030019511
030020001
030020002
030020003
030020004
030020005
030020006
030020007
030020008
030020009
030020010
030020011
030020501
030020502
030020503
030020504
030020505
030020506
030020507
030020508
030020509
030020510
030020511
030021001
030021002
030021003
030021004
030021005
030021006
030021007
030021008
030021009
030021010
030021011
030021501
030021502
030021503
030021504
030021505
030021506
030021507
030021508
030021509
030021510
030021511
030022001
030022002
030022003
030022004
030022005
030022006
030022007
030022008
030022009
030022010
030022011
030022501
030022502
030022503
030022504
030022505
030022506
030022507
030022508
030022509
030022510
030022511
030023001
030023002
030023003
030023004
030023005
030023006
030023007
030023008
030023009
030023010
030023011
030023501
030023502
030023503
030023504
030023505
030023506
030023507
030023508
030023509
030023510
030023511
030024001
030024002
030024003
030024004
030024005
030024006
030024007
030024008
030024009
030024010
030024011
030024501
030024502
030024503
030024504
030024505
030024506
030024507
030024508
030024509
030024510
030024511
030025001
030025002
030025003
030025004
030025005
030025006
030025007
030025008
030025009
030025010
030025011
030025501
030025502
030025503
030025504
030025505
030025506
030025507
030025508
030025509
030025510
030025511
030026001
030026002
030026003
030026004
030026005
030026006
030026007
030026008
030026009
030026010
030026011
030026501
030026502
030026503
030026504
030026505
030026506
030026507
030026508
030026509
030026510
030026511
030027001
030027002
030027003
030027004
030027005
030027006
030027007
030027008
030027009
030027010
030027011
030027501
030027502
030027503
030027504
030027505
030027506
030027507
030027508
030027509
030027510
030027511
030028001
030028002
030028003
030028004
030028005
030028006
030028007
030028008
030028009
030028010
030028011
030028501
030028502
030028503
030028504
030028505
030028506
030028507
030028508
030028509
030028510
030028511
030029001
030029002
030029003
030029004
030029005
030029006
030029007
030029008
030029009
030029010
030029011
030029501
030029502
030029503
030029504
030029505
030029506
030029507
030029508
030029509
030029510
030029511
030030001
030030002
030030003
030030004
030030005
030030006
030030007
030030008
030030009
030030010
030030011
030030501
030030502
030030503
030030504
030030505
030030506
030030507
030030508
030030509
030030510
030030511
030031001
030031002
030031003
030031004
030031005
030031006
030031007
030031008
030031009
030031010
030031011
050014001
050014002
050014003
050014004
050014005
050014006
050014007
050014008
050014009
050014010
050014011
050014501
050014502
050014503
050014504
050014505
050014506
050014507
050014508
050014509
050014510
050014511
050015001
050015002
050015003
050015004
050015005
050015006
050015007
050015008
050015009
050015010
050015011
050015501
050015502
050015503
050015504
050015505
050015506
050015507
050015508
050015509
050015510
050015511
050016001
050016002
050016003
050016004
050016005
050016006
050016007
050016008
050016009
050016010
050016011
050016501
050016502
050016503
050016504
050016505
050016506
050016507
050016508
050016509
050016510
050016511
050017001
050017002
050017003
050017004
050017005
050017006
050017007
050017008
050017009
050017010
050017011
050017501
050017502
050017503
050017504
050017505
050017506
050017507
050017508
050017509
050017510
050017511
050018001
050018002
050018003
050018004
050018005
050018006
050018007
050018008
050018009
050018010
050018011
050018501
050018502
050018503
050018504
050018505
050018506
050018507
050018508
050018509
050018510
050018511
050019001
050019002
050019003
050019004
050019005
050019006
050019007
050019008
050019009
050019010
050019011
050019501
050019502
050019503
050019504
050019505
050019506
050019507
050019508
050019509
050019510
050019511
050020001
050020002
050020003
050020004
050020005
050020006
050020007
050020008
050020009
050020010
050020011
050020501
050020502
050020503
050020504
050020505
050020506
050020507
050020508
050020509
050020510
050020511
050021001
050021002
050021003
050021004
050021005
050021006
050021007
050021008
050021009
050021010
050021011
050021501
050021502
050021503
050021504
050021505
050021506
050021507
050021508
050021509
050021510
050021511
050022001
050022002
050022003
050022004
050022005
050022006
050022007
050022008
050022009
050022010
050022011
050022501
050022502
050022503
050022504
050022505
050022506
050022507
050022508
050022509
050022510
050022511
050023001
050023002
050023003
050023004
050023005
050023006
050023007
050023008
050023009
050023010
050023011
050023501
050023502
050023503
050023504
050023505
050023506
050023507
050023508
050023509
050023510
050023511
050024001
050024002
050024003
050024004
050024005
050024006
050024007
050024008
050024009
050024010
050024011
050024501
050024502
050024503
050024504
050024505
050024506
050024507
050024508
050024509
050024510
050024511
050025001
050025002
050025003
050025004
050025005
050025006
050025007
050025008
050025009
050025010
050025011
050025501
050025502
050025503
050025504
050025505
050025506
050025507
050025508
050025509
050025510
050025511
050026001
050026002
050026003
050026004
050026005
050026006
050026007
050026008
050026009
050026010
050026011
050026501
050026502
050026503
050026504
050026505
050026506
050026507
050026508
050026509
050026510
050026511
050027001
050027002
050027003
050027004
050027005
050027006
050027007
050027008
050027009
050027010
050027011
050027501
050027502
050027503
050027504
050027505
050027506
050027507
050027508
050027509
050027510
050027511
050028001
050028002
050028003
050028004
050028005
050028006
050028007
050028008
050028009
050028010
050028011
050028501
050028502
050028503
050028504
050028505
050028506
050028507
050028508
050028509
050028510
050028511
050029001
050029002
050029003
050029004
050029005
050029006
050029007
050029008
050029009
050029010
050029011
050029501
050029502
050029503
050029504
050029505
050029506
050029507
050029508
050029509
050029510
050029511
050030001
050030002
050030003
050030004
050030005
050030006
050030007
050030008
050030009
050030010
050030011
050030501
050030502
050030503
050030504
050030505
050030506
050030507
050030508
050030509
050030510
050030511
050031001
050031002
050031003
050031004
050031005
050031006
050031007
050031008
050031009
050031010
050031011
060014001
060014002
060014003
060014004
060014005
060014006
060014007
060014008
060014009
060014010
060014011
060014501
060014502
060014503
060014504
060014505
060014506
060014507
060014508
060014509
060014510
060014511
060015001
060015002
060015003
060015004
060015005
060015006
060015007
060015008
060015009
060015010
060015011
060015501
060015502
060015503
060015504
060015505
060015506
060015507
060015508
060015509
060015510
060015511
060016001
060016002
060016003
060016004
060016005
060016006
060016007
060016008
060016009
060016010
060016011
060016501
060016502
060016503
060016504
060016505
060016506
060016507
060016508
060016509
060016510
060016511
060017001
060017002
060017003
060017004
060017005
060017006
060017007
060017008
060017009
060017010
060017011
060017501
060017502
060017503
060017504
060017505
060017506
060017507
060017508
060017509
060017510
060017511
060018001
060018002
060018003
060018004
060018005
060018006
060018007
060018008
060018009
060018010
060018011
060018501
060018502
060018503
060018504
060018505
060018506
060018507
060018508
060018509
060018510
060018511
060019001
060019002
060019003
060019004
060019005
060019006
060019007
060019008
060019009
060019010
060019011
060019501
060019502
060019503
060019504
060019505
060019506
060019507
060019508
060019509
060019510
060019511
060020001
060020002
060020003
060020004
060020005
060020006
060020007
060020008
060020009
060020010
060020011
060020501
060020502
060020503
060020504
060020505
060020506
060020507
060020508
060020509
060020510
060020511
060021001
060021002
060021003
060021004
060021005
060021006
060021007
060021008
060021009
060021010
060021011
060021501
060021502
060021503
060021504
060021505
060021506
060021507
060021508
060021509
060021510
060021511
060022001
060022002
060022003
060022004
060022005
060022006
060022007
060022008
060022009
060022010
060022011
060022501
060022502
060022503
060022504
060022505
060022506
060022507
060022508
060022509
060022510
060022511
060023001
060023002
060023003
060023004
060023005
060023006
060023007
060023008
060023009
060023010
060023011
060023501
060023502
060023503
060023504
060023505
060023506
060023507
060023508
060023509
060023510
060023511
060024001
060024002
060024003
060024004
060024005
060024006
060024007
060024008
060024009
060024010
060024011
060024501
060024502
060024503
060024504
060024505
060024506
060024507
060024508
060024509
060024510
060024511
060025001
060025002
060025003
060025004
060025005
060025006
060025007
060025008
060025009
060025010
060025011
060025501
060025502
060025503
060025504
060025505
060025506
060025507
060025508
060025509
060025510
060025511
060026001
060026002
060026003
060026004
060026005
060026006
060026007
060026008
060026009
060026010
060026011
060026501
060026502
060026503
060026504
060026505
060026506
060026507
060026508
060026509
060026510
060026511
060027001
060027002
060027003
060027004
060027005
060027006
060027007
060027008
060027009
060027010
060027011
060027501
060027502
060027503
060027504
060027505
060027506
060027507
060027508
060027509
060027510
060027511
060028001
060028002
060028003
060028004
060028005
060028006
060028007
060028008
060028009
060028010
060028011
060028501
060028502
060028503
060028504
060028505
060028506
060028507
060028508
060028509
060028510
060028511
060029001
060029002
060029003
060029004
060029005
060029006
060029007
060029008
060029009
060029010
060029011
060029501
060029502
060029503
060029504
060029505
060029506
060029507
060029508
060029509
060029510
060029511
060030001
060030002
060030003
060030004
060030005
060030006
060030007
060030008
060030009
060030010
060030011
060030501
060030502
060030503
060030504
060030505
060030506
060030507
060030508
060030509
060030510
060030511
060031001
060031002
060031003
060031004
060031005
060031006
060031007
060031008
060031009
060031010
060031011
070014001
070014002
070014003
070014004
070014005
070014006
070014007
070014008
070014009
070014010
070014011
070014501
070014502
070014503
070014504
070014505
070014506
070014507
070014508
070014509
070014510
070014511
070015001
070015002
070015003
070015004
070015005
070015006
070015007
070015008
070015009
070015010
070015011
070015501
070015502
070015503
070015504
070015505
070015506
070015507
070015508
070015509
070015510
070015511
070016001
070016002
070016003
070016004
070016005
070016006
070016007
070016008
070016009
070016010
070016011
070016501
070016502
070016503
070016504
070016505
070016506
070016507
070016508
070016509
070016510
070016511
070017001
070017002
070017003
070017004
070017005
070017006
070017007
070017008
070017009
070017010
070017011
070017501
070017502
070017503
070017504
070017505
070017506
070017507
070017508
070017509
070017510
070017511
070018001
070018002
070018003
070018004
070018005
070018006
070018007
070018008
070018009
070018010
070018011
070018501
070018502
070018503
070018504
070018505
070018506
070018507
070018508
070018509
070018510
070018511
070019001
070019002
070019003
070019004
070019005
070019006
070019007
070019008
070019009
070019010
070019011
070019501
070019502
070019503
070019504
070019505
070019506
070019507
070019508
070019509
070019510
070019511
070020001
070020002
070020003
070020004
070020005
070020006
070020007
070020008
070020009
070020010
070020011
070020501
070020502
070020503
070020504
070020505
070020506
070020507
070020508
070020509
070020510
070020511
070021001
070021002
070021003
070021004
070021005
070021006
070021007
070021008
070021009
070021010
070021011
070021501
070021502
070021503
070021504
070021505
070021506
070021507
070021508
070021509
070021510
070021511
070022001
070022002
070022003
070022004
070022005
070022006
070022007
070022008
070022009
070022010
070022011
070022501
070022502
070022503
070022504
070022505
070022506
070022507
070022508
070022509
070022510
070022511
070023001
070023002
070023003
070023004
070023005
070023006
070023007
070023008
070023009
070023010
070023011
070023501
070023502
070023503
070023504
070023505
070023506
070023507
070023508
070023509
070023510
070023511
070024001
070024002
070024003
070024004
070024005
070024006
070024007
070024008
070024009
070024010
070024011
070024501
070024502
070024503
070024504
070024505
070024506
070024507
070024508
070024509
070024510
070024511
070025001
070025002
070025003
070025004
070025005
070025006
070025007
070025008
070025009
070025010
070025011
070025501
070025502
070025503
070025504
070025505
070025506
070025507
070025508
070025509
070025510
070025511
070026001
070026002
070026003
070026004
070026005
070026006
070026007
070026008
070026009
070026010
070026011
070026501
070026502
070026503
070026504
070026505
070026506
070026507
070026508
070026509
070026510
070026511
070027001
070027002
070027003
070027004
070027005
070027006
070027007
070027008
070027009
070027010
070027011
070027501
070027502
070027503
070027504
070027505
070027506
070027507
070027508
070027509
070027510
070027511
070028001
070028002
070028003
070028004
070028005
070028006
070028007
070028008
070028009
070028010
070028011
070028501
070028502
070028503
070028504
070028505
070028506
070028507
070028508
070028509
070028510
070028511
070029001
070029002
070029003
070029004
070029005
070029006
070029007
070029008
070029009
070029010
070029011
070029501
070029502
070029503
070029504
070029505
070029506
070029507
070029508
070029509
070029510
070029511
070030001
070030002
070030003
070030004
070030005
070030006
070030007
070030008
070030009
070030010
070030011
070030501
070030502
070030503
070030504
070030505
070030506
070030507
070030508
070030509
070030510
070030511
070031001
070031002
070031003
070031004
070031005
070031006
070031007
070031008
070031009
070031010
070031011
080014001
080014002
080014003
080014004
080014005
080014006
080014007
080014008
080014009
080014010
080014011
080014501
080014502
080014503
080014504
080014505
080014506
080014507
080014508
080014509
080014510
080014511
080015001
080015002
080015003
080015004
080015005
080015006
080015007
080015008
080015009
080015010
080015011
080015501
080015502
080015503
080015504
080015505
080015506
080015507
080015508
080015509
080015510
080015511
080016001
080016002
080016003
080016004
080016005
080016006
080016007
080016008
080016009
080016010
080016011
080016501
080016502
080016503
080016504
080016505
080016506
080016507
080016508
080016509
080016510
080016511
080017001
080017002
080017003
080017004
080017005
080017006
080017007
080017008
080017009
080017010
080017011
080017501
080017502
080017503
080017504
080017505
080017506
080017507
080017508
080017509
080017510
080017511
080018001
080018002
080018003
080018004
080018005
080018006
080018007
080018008
080018009
080018010
080018011
080018501
080018502
080018503
080018504
080018505
080018506
080018507
080018508
080018509
080018510
080018511
080019001
080019002
080019003
080019004
080019005
080019006
080019007
080019008
080019009
080019010
080019011
080019501
080019502
080019503
080019504
080019505
080019506
080019507
080019508
080019509
080019510
080019511
080020001
080020002
080020003
080020004
080020005
080020006
080020007
080020008
080020009
080020010
080020011
080020501
080020502
080020503
080020504
080020505
080020506
080020507
080020508
080020509
080020510
080020511
080021001
080021002
080021003
080021004
080021005
080021006
080021007
080021008
080021009
080021010
080021011
080021501
080021502
080021503
080021504
080021505
080021506
080021507
080021508
080021509
080021510
080021511
080022001
080022002
080022003
080022004
080022005
080022006
080022007
080022008
080022009
080022010
080022011
080022501
080022502
080022503
080022504
080022505
080022506
080022507
080022508
080022509
080022510
080022511
080023001
080023002
080023003
080023004
080023005
080023006
080023007
080023008
080023009
080023010
080023011
080023501
080023502
080023503
080023504
080023505
080023506
080023507
080023508
080023509
080023510
080023511
080024001
080024002
080024003
080024004
080024005
080024006
080024007
080024008
080024009
080024010
080024011
080024501
080024502
080024503
080024504
080024505
080024506
080024507
080024508
080024509
080024510
080024511
080025001
080025002
080025003
080025004
080025005
080025006
080025007
080025008
080025009
080025010
080025011
080025501
080025502
080025503
080025504
080025505
080025506
080025507
080025508
080025509
080025510
080025511
080026001
080026002
080026003
080026004
080026005
080026006
080026007
080026008
080026009
080026010
080026011
080026501
080026502
080026503
080026504
080026505
080026506
080026507
080026508
080026509
080026510
080026511
080027001
080027002
080027003
080027004
080027005
080027006
080027007
080027008
080027009
080027010
080027011
080027501
080027502
080027503
080027504
080027505
080027506
080027507
080027508
080027509
080027510
080027511
080028001
080028002
080028003
080028004
080028005
080028006
080028007
080028008
080028009
080028010
080028011
080028501
080028502
080028503
080028504
080028505
080028506
080028507
080028508
080028509
080028510
080028511
080029001
080029002
080029003
080029004
080029005
080029006
080029007
080029008
080029009
080029010
080029011
080029501
080029502
080029503
080029504
080029505
080029506
080029507
080029508
080029509
080029510
080029511
080030001
080030002
080030003
080030004
080030005
080030006
080030007
080030008
080030009
080030010
080030011
080030501
080030502
080030503
080030504
080030505
080030506
080030507
080030508
080030509
080030510
080030511
080031001
080031002
080031003
080031004
080031005
080031006
080031007
080031008
080031009
080031010
080031011
090014001
090014002
090014003
090014004
090014005
090014006
090014007
090014008
090014009
090014010
090014011
090014501
090014502
090014503
090014504
090014505
090014506
090014507
090014508
090014509
090014510
090014511
090015001
090015002
090015003
090015004
090015005
090015006
090015007
090015008
090015009
090015010
090015011
090015501
090015502
090015503
090015504
090015505
090015506
090015507
090015508
090015509
090015510
090015511
090016001
090016002
090016003
090016004
090016005
090016006
090016007
090016008
090016009
090016010
090016011
090016501
090016502
090016503
090016504
090016505
090016506
090016507
090016508
090016509
090016510
090016511
090017001
090017002
090017003
090017004
090017005
090017006
090017007
090017008
090017009
090017010
090017011
090017501
090017502
090017503
090017504
090017505
090017506
090017507
090017508
090017509
090017510
090017511
090018001
090018002
090018003
090018004
090018005
090018006
090018007
090018008
090018009
090018010
090018011
090018501
090018502
090018503
090018504
090018505
090018506
090018507
090018508
090018509
090018510
090018511
090019001
090019002
090019003
090019004
090019005
090019006
090019007
090019008
090019009
090019010
090019011
090019501
090019502
090019503
090019504
090019505
090019506
090019507
090019508
090019509
090019510
090019511
090020001
090020002
090020003
090020004
090020005
090020006
090020007
090020008
090020009
090020010
090020011
090020501
090020502
090020503
090020504
090020505
090020506
090020507
090020508
090020509
090020510
090020511
090021001
090021002
090021003
090021004
090021005
090021006
090021007
090021008
090021009
090021010
090021011
090021501
090021502
090021503
090021504
090021505
090021506
090021507
090021508
090021509
090021510
090021511
090022001
090022002
090022003
090022004
090022005
090022006
090022007
090022008
090022009
090022010
090022011
090022501
090022502
090022503
090022504
090022505
090022506
090022507
090022508
090022509
090022510
090022511
090023001
090023002
090023003
090023004
090023005
090023006
090023007
090023008
090023009
090023010
090023011
090023501
090023502
090023503
090023504
090023505
090023506
090023507
090023508
090023509
090023510
090023511
090024001
090024002
090024003
090024004
090024005
090024006
090024007
090024008
090024009
090024010
090024011
090024501
090024502
090024503
090024504
090024505
090024506
090024507
090024508
090024509
090024510
090024511
090025001
090025002
090025003
090025004
090025005
090025006
090025007
090025008
090025009
090025010
090025011
090025501
090025502
090025503
090025504
090025505
090025506
090025507
090025508
090025509
090025510
090025511
090026001
090026002
090026003
090026004
090026005
090026006
090026007
090026008
090026009
090026010
090026011
090026501
090026502
090026503
090026504
090026505
090026506
090026507
090026508
090026509
090026510
090026511
090027001
090027002
090027003
090027004
090027005
090027006
090027007
090027008
090027009
090027010
090027011
090027501
090027502
090027503
090027504
090027505
090027506
090027507
090027508
090027509
090027510
090027511
090028001
090028002
090028003
090028004
090028005
090028006
090028007
090028008
090028009
090028010
090028011
090028501
090028502
090028503
090028504
090028505
090028506
090028507
090028508
090028509
090028510
090028511
090029001
090029002
090029003
090029004
090029005
090029006
090029007
090029008
090029009
090029010
090029011
100014001
100014002
100014003
100014004
100014005
100014006
100014007
100014008
100014009
100014010
100014011
100014501
100014502
100014503
100014504
100014505
100014506
100014507
100014508
100014509
100014510
100014511
100015001
100015002
100015003
100015004
100015005
100015006
100015007
100015008
100015009
100015010
100015011
100015501
100015502
100015503
100015504
100015505
100015506
100015507
100015508
100015509
100015510
100015511
100016001
100016002
100016003
100016004
100016005
100016006
100016007
100016008
100016009
100016010
100016011
100016501
100016502
100016503
100016504
100016505
100016506
100016507
100016508
100016509
100016510
100016511
100017001
100017002
100017003
100017004
100017005
100017006
100017007
100017008
100017009
100017010
100017011
100017501
100017502
100017503
100017504
100017505
100017506
100017507
100017508
100017509
100017510
100017511
100018001
100018002
100018003
100018004
100018005
100018006
100018007
100018008
100018009
100018010
100018011
100018501
100018502
100018503
100018504
100018505
100018506
100018507
100018508
100018509
100018510
100018511
100019001
100019002
100019003
100019004
100019005
100019006
100019007
100019008
100019009
100019010
100019011
100019501
100019502
100019503
100019504
100019505
100019506
100019507
100019508
100019509
100019510
100019511
100020001
100020002
100020003
100020004
100020005
100020006
100020007
100020008
100020009
100020010
100020011
100020501
100020502
100020503
100020504
100020505
100020506
100020507
100020508
100020509
100020510
100020511
100021001
100021002
100021003
100021004
100021005
100021006
100021007
100021008
100021009
100021010
100021011
100021501
100021502
100021503
100021504
100021505
100021506
100021507
100021508
100021509
100021510
100021511
100022001
100022002
100022003
100022004
100022005
100022006
100022007
100022008
100022009
100022010
100022011
100022501
100022502
100022503
100022504
100022505
100022506
100022507
100022508
100022509
100022510
100022511
100023001
100023002
100023003
100023004
100023005
100023006
100023007
100023008
100023009
100023010
100023011
100023501
100023502
100023503
100023504
100023505
100023506
100023507
100023508
100023509
100023510
100023511
100024001
100024002
100024003
100024004
100024005
100024006
100024007
100024008
100024009
100024010
100024011
100024501
100024502
100024503
100024504
100024505
100024506
100024507
100024508
100024509
100024510
100024511
110014001
110014002
110014003
110014004
110014005
110014006
110014007
110014008
110014009
110014010
110014011
110014501
110014502
110014503
110014504
110014505
110014506
110014507
110014508
110014509
110014510
110014511
110015001
110015002
110015003
110015004
110015005
110015006
110015007
110015008
110015009
110015010
110015011
110015501
110015502
110015503
110015504
110015505
110015506
110015507
110015508
110015509
110015510
110015511
110016001
110016002
110016003
110016004
110016005
110016006
110016007
110016008
110016009
110016010
110016011
110016501
110016502
110016503
110016504
110016505
110016506
110016507
110016508
110016509
110016510
110016511
110017001
110017002
110017003
110017004
110017005
110017006
110017007
110017008
110017009
110017010
110017011
110017501
110017502
110017503
110017504
110017505
110017506
110017507
110017508
110017509
110017510
110017511
110018001
110018002
110018003
110018004
110018005
110018006
110018007
110018008
110018009
110018010
110018011
110018501
110018502
110018503
110018504
110018505
110018506
110018507
110018508
110018509
110018510
110018511
110019001
110019002
110019003
110019004
110019005
110019006
110019007
110019008
110019009
110019010
110019011
110019501
110019502
110019503
110019504
110019505
110019506
110019507
110019508
110019509
110019510
110019511
110020001
110020002
110020003
110020004
110020005
110020006
110020007
110020008
110020009
110020010
110020011
110020501
110020502
110020503
110020504
110020505
110020506
110020507
110020508
110020509
110020510
110020511
110021001
110021002
110021003
110021004
110021005
110021006
110021007
110021008
110021009
110021010
110021011
110021501
110021502
110021503
110021504
110021505
110021506
110021507
110021508
110021509
110021510
110021511
110022001
110022002
110022003
110022004
110022005
110022006
110022007
110022008
110022009
110022010
110022011
110022501
110022502
110022503
110022504
110022505
110022506
110022507
110022508
110022509
110022510
110022511
110023001
110023002
110023003
110023004
110023005
110023006
110023007
110023008
110023009
110023010
110023011
110023501
110023502
110023503
110023504
110023505
110023506
110023507
110023508
110023509
110023510
110023511
110024001
110024002
110024003
110024004
110024005
110024006
110024007
110024008
110024009
110024010
110024011
110024501
110024502
110024503
110024504
110024505
110024506
110024507
110024508
110024509
110024510
110024511
110025001
110025002
110025003
110025004
110025005
110025006
110025007
110025008
110025009
110025010
110025011
110025501
110025502
110025503
110025504
110025505
110025506
110025507
110025508
110025509
110025510
110025511
110026001
110026002
110026003
110026004
110026005
110026006
110026007
110026008
110026009
110026010
110026011
110026501
110026502
110026503
110026504
110026505
110026506
110026507
110026508
110026509
110026510
110026511
110027001
110027002
110027003
110027004
110027005
110027006
110027007
110027008
110027009
110027010
110027011
110027501
110027502
110027503
110027504
110027505
110027506
110027507
110027508
110027509
110027510
110027511
110028001
110028002
110028003
110028004
110028005
110028006
110028007
110028008
110028009
110028010
110028011
110028501
110028502
110028503
110028504
110028505
110028506
110028507
110028508
110028509
110028510
110028511
110029001
110029002
110029003
110029004
110029005
110029006
110029007
110029008
110029009
110029010
110029011
110029501
110029502
110029503
110029504
110029505
110029506
110029507
110029508
110029509
110029510
110029511
110030001
110030002
110030003
110030004
110030005
110030006
110030007
110030008
110030009
110030010
110030011
110030501
110030502
110030503
110030504
110030505
110030506
110030507
110030508
110030509
110030510
110030511
110031001
110031002
110031003
110031004
110031005
110031006
110031007
110031008
110031009
110031010
110031011
130014001
130014002
130014003
130014004
130014005
130014006
130014007
130014008
130014009
130014010
130014011
130014501
130014502
130014503
130014504
130014505
130014506
130014507
130014508
130014509
130014510
130014511
130015001
130015002
130015003
130015004
130015005
130015006
130015007
130015008
130015009
130015010
130015011
130015501
130015502
130015503
130015504
130015505
130015506
130015507
130015508
130015509
130015510
130015511
130016001
130016002
130016003
130016004
130016005
130016006
130016007
130016008
130016009
130016010
130016011
130016501
130016502
130016503
130016504
130016505
130016506
130016507
130016508
130016509
130016510
130016511
130017001
130017002
130017003
130017004
130017005
130017006
130017007
130017008
130017009
130017010
130017011
130017501
130017502
130017503
130017504
130017505
130017506
130017507
130017508
130017509
130017510
130017511
130018001
130018002
130018003
130018004
130018005
130018006
130018007
130018008
130018009
130018010
130018011
130018501
130018502
130018503
130018504
130018505
130018506
130018507
130018508
130018509
130018510
130018511
130019001
130019002
130019003
130019004
130019005
130019006
130019007
130019008
130019009
130019010
130019011
130019501
130019502
130019503
130019504
130019505
130019506
130019507
130019508
130019509
130019510
130019511
130020001
130020002
130020003
130020004
130020005
130020006
130020007
130020008
130020009
130020010
130020011
130020501
130020502
130020503
130020504
130020505
130020506
130020507
130020508
130020509
130020510
130020511
130021001
130021002
130021003
130021004
130021005
130021006
130021007
130021008
130021009
130021010
130021011
130021501
130021502
130021503
130021504
130021505
130021506
130021507
130021508
130021509
130021510
130021511
130022001
130022002
130022003
130022004
130022005
130022006
130022007
130022008
130022009
130022010
130022011
130022501
130022502
130022503
130022504
130022505
130022506
130022507
130022508
130022509
130022510
130022511
130023001
130023002
130023003
130023004
130023005
130023006
130023007
130023008
130023009
130023010
130023011
130023501
130023502
130023503
130023504
130023505
130023506
130023507
130023508
130023509
130023510
130023511
130024001
130024002
130024003
130024004
130024005
130024006
130024007
130024008
130024009
130024010
130024011
130024501
130024502
130024503
130024504
130024505
130024506
130024507
130024508
130024509
130024510
130024511
130025001
130025002
130025003
130025004
130025005
130025006
130025007
130025008
130025009
130025010
130025011
130025501
130025502
130025503
130025504
130025505
130025506
130025507
130025508
130025509
130025510
130025511
130026001
130026002
130026003
130026004
130026005
130026006
130026007
130026008
130026009
130026010
130026011
130026501
130026502
130026503
130026504
130026505
130026506
130026507
130026508
130026509
130026510
130026511
130027001
130027002
130027003
130027004
130027005
130027006
130027007
130027008
130027009
130027010
130027011
130027501
130027502
130027503
130027504
130027505
130027506
130027507
130027508
130027509
130027510
130027511
130028001
130028002
130028003
130028004
130028005
130028006
130028007
130028008
130028009
130028010
130028011
130028501
130028502
130028503
130028504
130028505
130028506
130028507
130028508
130028509
130028510
130028511
130029001
130029002
130029003
130029004
130029005
130029006
130029007
130029008
130029009
130029010
130029011
130029501
130029502
130029503
130029504
130029505
130029506
130029507
130029508
130029509
130029510
130029511
130030001
130030002
130030003
130030004
130030005
130030006
130030007
130030008
130030009
130030010
130030011
130030501
130030502
130030503
130030504
130030505
130030506
130030507
130030508
130030509
130030510
130030511
130031001
130031002
130031003
130031004
130031005
130031006
130031007
130031008
130031009
130031010
130031011
140014001
140014002
140014003
140014004
140014005
140014006
140014007
140014008
140014009
140014010
140014011
140014501
140014502
140014503
140014504
140014505
140014506
140014507
140014508
140014509
140014510
140014511
140015001
140015002
140015003
140015004
140015005
140015006
140015007
140015008
140015009
140015010
140015011
140015501
140015502
140015503
140015504
140015505
140015506
140015507
140015508
140015509
140015510
140015511
140016001
140016002
140016003
140016004
140016005
140016006
140016007
140016008
140016009
140016010
140016011
140016501
140016502
140016503
140016504
140016505
140016506
140016507
140016508
140016509
140016510
140016511
140017001
140017002
140017003
140017004
140017005
140017006
140017007
140017008
140017009
140017010
140017011
140017501
140017502
140017503
140017504
140017505
140017506
140017507
140017508
140017509
140017510
140017511
140018001
140018002
140018003
140018004
140018005
140018006
140018007
140018008
140018009
140018010
140018011
140018501
140018502
140018503
140018504
140018505
140018506
140018507
140018508
140018509
140018510
140018511
140019001
140019002
140019003
140019004
140019005
140019006
140019007
140019008
140019009
140019010
140019011
140019501
140019502
140019503
140019504
140019505
140019506
140019507
140019508
140019509
140019510
140019511
140020001
140020002
140020003
140020004
140020005
140020006
140020007
140020008
140020009
140020010
140020011
140020501
140020502
140020503
140020504
140020505
140020506
140020507
140020508
140020509
140020510
140020511
140021001
140021002
140021003
140021004
140021005
140021006
140021007
140021008
140021009
140021010
140021011
140021501
140021502
140021503
140021504
140021505
140021506
140021507
140021508
140021509
140021510
140021511
140022001
140022002
140022003
140022004
140022005
140022006
140022007
140022008
140022009
140022010
140022011
140022501
140022502
140022503
140022504
140022505
140022506
140022507
140022508
140022509
140022510
140022511
140023001
140023002
140023003
140023004
140023005
140023006
140023007
140023008
140023009
140023010
140023011
140023501
140023502
140023503
140023504
140023505
140023506
140023507
140023508
140023509
140023510
140023511
140024001
140024002
140024003
140024004
140024005
140024006
140024007
140024008
140024009
140024010
140024011
140024501
140024502
140024503
140024504
140024505
140024506
140024507
140024508
140024509
140024510
140024511
140025001
140025002
140025003
140025004
140025005
140025006
140025007
140025008
140025009
140025010
140025011
140025501
140025502
140025503
140025504
140025505
140025506
140025507
140025508
140025509
140025510
140025511
140026001
140026002
140026003
140026004
140026005
140026006
140026007
140026008
140026009
140026010
140026011
140026501
140026502
140026503
140026504
140026505
140026506
140026507
140026508
140026509
140026510
140026511
140027001
140027002
140027003
140027004
140027005
140027006
140027007
140027008
140027009
140027010
140027011
140027501
140027502
140027503
140027504
140027505
140027506
140027507
140027508
140027509
140027510
140027511
140028001
140028002
140028003
140028004
140028005
140028006
140028007
140028008
140028009
140028010
140028011
140028501
140028502
140028503
140028504
140028505
140028506
140028507
140028508
140028509
140028510
140028511
140029001
140029002
140029003
140029004
140029005
140029006
140029007
140029008
140029009
140029010
140029011
140029501
140029502
140029503
140029504
140029505
140029506
140029507
140029508
140029509
140029510
140029511
140030001
140030002
140030003
140030004
140030005
140030006
140030007
140030008
140030009
140030010
140030011
140030501
140030502
140030503
140030504
140030505
140030506
140030507
140030508
140030509
140030510
140030511
140031001
140031002
140031003
140031004
140031005
140031006
140031007
140031008
140031009
140031010
140031011
150014001
150014002
150014003
150014004
150014005
150014006
150014007
150014008
150014009
150014010
150014011
150014501
150014502
150014503
150014504
150014505
150014506
150014507
150014508
150014509
150014510
150014511
150015001
150015002
150015003
150015004
150015005
150015006
150015007
150015008
150015009
150015010
150015011
150015501
150015502
150015503
150015504
150015505
150015506
150015507
150015508
150015509
150015510
150015511
150016001
150016002
150016003
150016004
150016005
150016006
150016007
150016008
150016009
150016010
150016011
150016501
150016502
150016503
150016504
150016505
150016506
150016507
150016508
150016509
150016510
150016511
150017001
150017002
150017003
150017004
150017005
150017006
150017007
150017008
150017009
150017010
150017011
150017501
150017502
150017503
150017504
150017505
150017506
150017507
150017508
150017509
150017510
150017511
150018001
150018002
150018003
150018004
150018005
150018006
150018007
150018008
150018009
150018010
150018011
150018501
150018502
150018503
150018504
150018505
150018506
150018507
150018508
150018509
150018510
150018511
150019001
150019002
150019003
150019004
150019005
150019006
150019007
150019008
150019009
150019010
150019011
150019501
150019502
150019503
150019504
150019505
150019506
150019507
150019508
150019509
150019510
150019511
150020001
150020002
150020003
150020004
150020005
150020006
150020007
150020008
150020009
150020010
150020011
150020501
150020502
150020503
150020504
150020505
150020506
150020507
150020508
150020509
150020510
150020511
150021001
150021002
150021003
150021004
150021005
150021006
150021007
150021008
150021009
150021010
150021011
150021501
150021502
150021503
150021504
150021505
150021506
150021507
150021508
150021509
150021510
150021511
150022001
150022002
150022003
150022004
150022005
150022006
150022007
150022008
150022009
150022010
150022011
150022501
150022502
150022503
150022504
150022505
150022506
150022507
150022508
150022509
150022510
150022511
150023001
150023002
150023003
150023004
150023005
150023006
150023007
150023008
150023009
150023010
150023011
150023501
150023502
150023503
150023504
150023505
150023506
150023507
150023508
150023509
150023510
150023511
150024001
150024002
150024003
150024004
150024005
150024006
150024007
150024008
150024009
150024010
150024011
150024501
150024502
150024503
150024504
150024505
150024506
150024507
150024508
150024509
150024510
150024511
150025001
150025002
150025003
150025004
150025005
150025006
150025007
150025008
150025009
150025010
150025011
150025501
150025502
150025503
150025504
150025505
150025506
150025507
150025508
150025509
150025510
150025511
150026001
150026002
150026003
150026004
150026005
150026006
150026007
150026008
150026009
150026010
150026011
150026501
150026502
150026503
150026504
150026505
150026506
150026507
150026508
150026509
150026510
150026511
150027001
150027002
150027003
150027004
150027005
150027006
150027007
150027008
150027009
150027010
150027011
150027501
150027502
150027503
150027504
150027505
150027506
150027507
150027508
150027509
150027510
150027511
150028001
150028002
150028003
150028004
150028005
150028006
150028007
150028008
150028009
150028010
150028011
150028501
150028502
150028503
150028504
150028505
150028506
150028507
150028508
150028509
150028510
150028511
150029001
150029002
150029003
150029004
150029005
150029006
150029007
150029008
150029009
150029010
150029011
150029501
150029502
150029503
150029504
150029505
150029506
150029507
150029508
150029509
150029510
150029511
150030001
150030002
150030003
150030004
150030005
150030006
150030007
150030008
150030009
150030010
150030011
150030501
150030502
150030503
150030504
150030505
150030506
150030507
150030508
150030509
150030510
150030511
150031001
150031002
150031003
150031004
150031005
150031006
150031007
150031008
150031009
150031010
150031011
160014001
160014002
160014003
160014004
160014005
160014006
160014007
160014008
160014009
160014010
160014011
160014501
160014502
160014503
160014504
160014505
160014506
160014507
160014508
160014509
160014510
160014511
160015001
160015002
160015003
160015004
160015005
160015006
160015007
160015008
160015009
160015010
160015011
160015501
160015502
160015503
160015504
160015505
160015506
160015507
160015508
160015509
160015510
160015511
160016001
160016002
160016003
160016004
160016005
160016006
160016007
160016008
160016009
160016010
160016011
160016501
160016502
160016503
160016504
160016505
160016506
160016507
160016508
160016509
160016510
160016511
160017001
160017002
160017003
160017004
160017005
160017006
160017007
160017008
160017009
160017010
160017011
160017501
160017502
160017503
160017504
160017505
160017506
160017507
160017508
160017509
160017510
160017511
160018001
160018002
160018003
160018004
160018005
160018006
160018007
160018008
160018009
160018010
160018011
160018501
160018502
160018503
160018504
160018505
160018506
160018507
160018508
160018509
160018510
160018511
160019001
160019002
160019003
160019004
160019005
160019006
160019007
160019008
160019009
160019010
160019011
160019501
160019502
160019503
160019504
160019505
160019506
160019507
160019508
160019509
160019510
160019511
160020001
160020002
160020003
160020004
160020005
160020006
160020007
160020008
160020009
160020010
160020011
160020501
160020502
160020503
160020504
160020505
160020506
160020507
160020508
160020509
160020510
160020511
160021001
160021002
160021003
160021004
160021005
160021006
160021007
160021008
160021009
160021010
160021011
160021501
160021502
160021503
160021504
160021505
160021506
160021507
160021508
160021509
160021510
160021511
160022001
160022002
160022003
160022004
160022005
160022006
160022007
160022008
160022009
160022010
160022011
160022501
160022502
160022503
160022504
160022505
160022506
160022507
160022508
160022509
160022510
160022511
160023001
160023002
160023003
160023004
160023005
160023006
160023007
160023008
160023009
160023010
160023011
160023501
160023502
160023503
160023504
160023505
160023506
160023507
160023508
160023509
160023510
160023511
160024001
160024002
160024003
160024004
160024005
160024006
160024007
160024008
160024009
160024010
160024011
160024501
160024502
160024503
160024504
160024505
160024506
160024507
160024508
160024509
160024510
160024511
160025001
160025002
160025003
160025004
160025005
160025006
160025007
160025008
160025009
160025010
160025011
160025501
160025502
160025503
160025504
160025505
160025506
160025507
160025508
160025509
160025510
160025511
160026001
160026002
160026003
160026004
160026005
160026006
160026007
160026008
160026009
160026010
160026011
160026501
160026502
160026503
160026504
160026505
160026506
160026507
160026508
160026509
160026510
160026511
160027001
160027002
160027003
160027004
160027005
160027006
160027007
160027008
160027009
160027010
160027011
160027501
160027502
160027503
160027504
160027505
160027506
160027507
160027508
160027509
160027510
160027511
160028001
160028002
160028003
160028004
160028005
160028006
160028007
160028008
160028009
160028010
160028011
160028501
160028502
160028503
160028504
160028505
160028506
160028507
160028508
160028509
160028510
160028511
160029001
160029002
160029003
160029004
160029005
160029006
160029007
160029008
160029009
160029010
160029011
160029501
160029502
160029503
160029504
160029505
160029506
160029507
160029508
160029509
160029510
160029511
160030001
160030002
160030003
160030004
160030005
160030006
160030007
160030008
160030009
160030010
160030011
160030501
160030502
160030503
160030504
160030505
160030506
160030507
160030508
160030509
160030510
160030511
160031001
160031002
160031003
160031004
160031005
160031006
160031007
160031008
160031009
160031010
160031011
170014001
170014002
170014003
170014004
170014005
170014006
170014007
170014008
170014009
170014010
170014011
170014501
170014502
170014503
170014504
170014505
170014506
170014507
170014508
170014509
170014510
170014511
170015001
170015002
170015003
170015004
170015005
170015006
170015007
170015008
170015009
170015010
170015011
170015501
170015502
170015503
170015504
170015505
170015506
170015507
170015508
170015509
170015510
170015511
170016001
170016002
170016003
170016004
170016005
170016006
170016007
170016008
170016009
170016010
170016011
170016501
170016502
170016503
170016504
170016505
170016506
170016507
170016508
170016509
170016510
170016511
170017001
170017002
170017003
170017004
170017005
170017006
170017007
170017008
170017009
170017010
170017011
170017501
170017502
170017503
170017504
170017505
170017506
170017507
170017508
170017509
170017510
170017511
170018001
170018002
170018003
170018004
170018005
170018006
170018007
170018008
170018009
170018010
170018011
170018501
170018502
170018503
170018504
170018505
170018506
170018507
170018508
170018509
170018510
170018511
170019001
170019002
170019003
170019004
170019005
170019006
170019007
170019008
170019009
170019010
170019011
170019501
170019502
170019503
170019504
170019505
170019506
170019507
170019508
170019509
170019510
170019511
170020001
170020002
170020003
170020004
170020005
170020006
170020007
170020008
170020009
170020010
170020011
170020501
170020502
170020503
170020504
170020505
170020506
170020507
170020508
170020509
170020510
170020511
170021001
170021002
170021003
170021004
170021005
170021006
170021007
170021008
170021009
170021010
170021011
170021501
170021502
170021503
170021504
170021505
170021506
170021507
170021508
170021509
170021510
170021511
170022001
170022002
170022003
170022004
170022005
170022006
170022007
170022008
170022009
170022010
170022011
170022501
170022502
170022503
170022504
170022505
170022506
170022507
170022508
170022509
170022510
170022511
170023001
170023002
170023003
170023004
170023005
170023006
170023007
170023008
170023009
170023010
170023011
170023501
170023502
170023503
170023504
170023505
170023506
170023507
170023508
170023509
170023510
170023511
170024001
170024002
170024003
170024004
170024005
170024006
170024007
170024008
170024009
170024010
170024011
170024501
170024502
170024503
170024504
170024505
170024506
170024507
170024508
170024509
170024510
170024511
170025001
170025002
170025003
170025004
170025005
170025006
170025007
170025008
170025009
170025010
170025011
170025501
170025502
170025503
170025504
170025505
170025506
170025507
170025508
170025509
170025510
170025511
170026001
170026002
170026003
170026004
170026005
170026006
170026007
170026008
170026009
170026010
170026011
170026501
170026502
170026503
170026504
170026505
170026506
170026507
170026508
170026509
170026510
170026511
170027001
170027002
170027003
170027004
170027005
170027006
170027007
170027008
170027009
170027010
170027011
170027501
170027502
170027503
170027504
170027505
170027506
170027507
170027508
170027509
170027510
170027511
170028001
170028002
170028003
170028004
170028005
170028006
170028007
170028008
170028009
170028010
170028011
170028501
170028502
170028503
170028504
170028505
170028506
170028507
170028508
170028509
170028510
170028511
170029001
170029002
170029003
170029004
170029005
170029006
170029007
170029008
170029009
170029010
170029011
170029501
170029502
170029503
170029504
170029505
170029506
170029507
170029508
170029509
170029510
170029511
170030001
170030002
170030003
170030004
170030005
170030006
170030007
170030008
170030009
170030010
170030011
170030501
170030502
170030503
170030504
170030505
170030506
170030507
170030508
170030509
170030510
170030511
170031001
170031002
170031003
170031004
170031005
170031006
170031007
170031008
170031009
170031010
170031011
200014001
200014002
200014003
200014004
200014005
200014006
200014007
200014008
200014009
200014010
200014011
200014501
200014502
200014503
200014504
200014505
200014506
200014507
200014508
200014509
200014510
200014511
200015001
200015002
200015003
200015004
200015005
200015006
200015007
200015008
200015009
200015010
200015011
200015501
200015502
200015503
200015504
200015505
200015506
200015507
200015508
200015509
200015510
200015511
200016001
200016002
200016003
200016004
200016005
200016006
200016007
200016008
200016009
200016010
200016011
200016501
200016502
200016503
200016504
200016505
200016506
200016507
200016508
200016509
200016510
200016511
200017001
200017002
200017003
200017004
200017005
200017006
200017007
200017008
200017009
200017010
200017011
200017501
200017502
200017503
200017504
200017505
200017506
200017507
200017508
200017509
200017510
200017511
200018001
200018002
200018003
200018004
200018005
200018006
200018007
200018008
200018009
200018010
200018011
200018501
200018502
200018503
200018504
200018505
200018506
200018507
200018508
200018509
200018510
200018511
200019001
200019002
200019003
200019004
200019005
200019006
200019007
200019008
200019009
200019010
200019011
200019501
200019502
200019503
200019504
200019505
200019506
200019507
200019508
200019509
200019510
200019511
200020001
200020002
200020003
200020004
200020005
200020006
200020007
200020008
200020009
200020010
200020011
200020501
200020502
200020503
200020504
200020505
200020506
200020507
200020508
200020509
200020510
200020511
200021001
200021002
200021003
200021004
200021005
200021006
200021007
200021008
200021009
200021010
200021011
200021501
200021502
200021503
200021504
200021505
200021506
200021507
200021508
200021509
200021510
200021511
200022001
200022002
200022003
200022004
200022005
200022006
200022007
200022008
200022009
200022010
200022011
200022501
200022502
200022503
200022504
200022505
200022506
200022507
200022508
200022509
200022510
200022511
200023001
200023002
200023003
200023004
200023005
200023006
200023007
200023008
200023009
200023010
200023011
200023501
200023502
200023503
200023504
200023505
200023506
200023507
200023508
200023509
200023510
200023511
200024001
200024002
200024003
200024004
200024005
200024006
200024007
200024008
200024009
200024010
200024011
200024501
200024502
200024503
200024504
200024505
200024506
200024507
200024508
200024509
200024510
200024511
200025001
200025002
200025003
200025004
200025005
200025006
200025007
200025008
200025009
200025010
200025011
200025501
200025502
200025503
200025504
200025505
200025506
200025507
200025508
200025509
200025510
200025511
200026001
200026002
200026003
200026004
200026005
200026006
200026007
200026008
200026009
200026010
200026011
200026501
200026502
200026503
200026504
200026505
200026506
200026507
200026508
200026509
200026510
200026511
200027001
200027002
200027003
200027004
200027005
200027006
200027007
200027008
200027009
200027010
200027011
200027501
200027502
200027503
200027504
200027505
200027506
200027507
200027508
200027509
200027510
200027511
200028001
200028002
200028003
200028004
200028005
200028006
200028007
200028008
200028009
200028010
200028011
200028501
200028502
200028503
200028504
200028505
200028506
200028507
200028508
200028509
200028510
200028511
200029001
200029002
200029003
200029004
200029005
200029006
200029007
200029008
200029009
200029010
200029011
200029501
200029502
200029503
200029504
200029505
200029506
200029507
200029508
200029509
200029510
200029511
200030001
200030002
200030003
200030004
200030005
200030006
200030007
200030008
200030009
200030010
200030011
200030501
200030502
200030503
200030504
200030505
200030506
200030507
200030508
200030509
200030510
200030511
200031001
200031002
200031003
200031004
200031005
200031006
200031007
200031008
200031009
200031010
200031011
210014001
210014002
210014003
210014004
210014005
210014006
210014007
210014008
210014009
210014010
210014011
210014501
210014502
210014503
210014504
210014505
210014506
210014507
210014508
210014509
210014510
210014511
210015001
210015002
210015003
210015004
210015005
210015006
210015007
210015008
210015009
210015010
210015011
210015501
210015502
210015503
210015504
210015505
210015506
210015507
210015508
210015509
210015510
210015511
210016001
210016002
210016003
210016004
210016005
210016006
210016007
210016008
210016009
210016010
210016011
210016501
210016502
210016503
210016504
210016505
210016506
210016507
210016508
210016509
210016510
210016511
210017001
210017002
210017003
210017004
210017005
210017006
210017007
210017008
210017009
210017010
210017011
210017501
210017502
210017503
210017504
210017505
210017506
210017507
210017508
210017509
210017510
210017511
210018001
210018002
210018003
210018004
210018005
210018006
210018007
210018008
210018009
210018010
210018011
210018501
210018502
210018503
210018504
210018505
210018506
210018507
210018508
210018509
210018510
210018511
210019001
210019002
210019003
210019004
210019005
210019006
210019007
210019008
210019009
210019010
210019011
210019501
210019502
210019503
210019504
210019505
210019506
210019507
210019508
210019509
210019510
210019511
210020001
210020002
210020003
210020004
210020005
210020006
210020007
210020008
210020009
210020010
210020011
210020501
210020502
210020503
210020504
210020505
210020506
210020507
210020508
210020509
210020510
210020511
210021001
210021002
210021003
210021004
210021005
210021006
210021007
210021008
210021009
210021010
210021011
210021501
210021502
210021503
210021504
210021505
210021506
210021507
210021508
210021509
210021510
210021511
210022001
210022002
210022003
210022004
210022005
210022006
210022007
210022008
210022009
210022010
210022011
210022501
210022502
210022503
210022504
210022505
210022506
210022507
210022508
210022509
210022510
210022511
210023001
210023002
210023003
210023004
210023005
210023006
210023007
210023008
210023009
210023010
210023011
210023501
210023502
210023503
210023504
210023505
210023506
210023507
210023508
210023509
210023510
210023511
210024001
210024002
210024003
210024004
210024005
210024006
210024007
210024008
210024009
210024010
210024011
210024501
210024502
210024503
210024504
210024505
210024506
210024507
210024508
210024509
210024510
210024511
210025001
210025002
210025003
210025004
210025005
210025006
210025007
210025008
210025009
210025010
210025011
210025501
210025502
210025503
210025504
210025505
210025506
210025507
210025508
210025509
210025510
210025511
210026001
210026002
210026003
210026004
210026005
210026006
210026007
210026008
210026009
210026010
210026011
210026501
210026502
210026503
210026504
210026505
210026506
210026507
210026508
210026509
210026510
210026511
210027001
210027002
210027003
210027004
210027005
210027006
210027007
210027008
210027009
210027010
210027011
210027501
210027502
210027503
210027504
210027505
210027506
210027507
210027508
210027509
210027510
210027511
210028001
210028002
210028003
210028004
210028005
210028006
210028007
210028008
210028009
210028010
210028011
210028501
210028502
210028503
210028504
210028505
210028506
210028507
210028508
210028509
210028510
210028511
210029001
210029002
210029003
210029004
210029005
210029006
210029007
210029008
210029009
210029010
210029011
210029501
210029502
210029503
210029504
210029505
210029506
210029507
210029508
210029509
210029510
210029511
210030001
210030002
210030003
210030004
210030005
210030006
210030007
210030008
210030009
210030010
210030011
210030501
210030502
210030503
210030504
210030505
210030506
210030507
210030508
210030509
210030510
210030511
210031001
210031002
210031003
210031004
210031005
210031006
210031007
210031008
210031009
210031010
210031011
220014001
220014002
220014003
220014004
220014005
220014006
220014007
220014008
220014009
220014010
220014011
220014501
220014502
220014503
220014504
220014505
220014506
220014507
220014508
220014509
220014510
220014511
220015001
220015002
220015003
220015004
220015005
220015006
220015007
220015008
220015009
220015010
220015011
220015501
220015502
220015503
220015504
220015505
220015506
220015507
220015508
220015509
220015510
220015511
220016001
220016002
220016003
220016004
220016005
220016006
220016007
220016008
220016009
220016010
220016011
220016501
220016502
220016503
220016504
220016505
220016506
220016507
220016508
220016509
220016510
220016511
220017001
220017002
220017003
220017004
220017005
220017006
220017007
220017008
220017009
220017010
220017011
220017501
220017502
220017503
220017504
220017505
220017506
220017507
220017508
220017509
220017510
220017511
220018001
220018002
220018003
220018004
220018005
220018006
220018007
220018008
220018009
220018010
220018011
220018501
220018502
220018503
220018504
220018505
220018506
220018507
220018508
220018509
220018510
220018511
220019001
220019002
220019003
220019004
220019005
220019006
220019007
220019008
220019009
220019010
220019011
220019501
220019502
220019503
220019504
220019505
220019506
220019507
220019508
220019509
220019510
220019511
220020001
220020002
220020003
220020004
220020005
220020006
220020007
220020008
220020009
220020010
220020011
220020501
220020502
220020503
220020504
220020505
220020506
220020507
220020508
220020509
220020510
220020511
220021001
220021002
220021003
220021004
220021005
220021006
220021007
220021008
220021009
220021010
220021011
220021501
220021502
220021503
220021504
220021505
220021506
220021507
220021508
220021509
220021510
220021511
220022001
220022002
220022003
220022004
220022005
220022006
220022007
220022008
220022009
220022010
220022011
220022501
220022502
220022503
220022504
220022505
220022506
220022507
220022508
220022509
220022510
220022511
220023001
220023002
220023003
220023004
220023005
220023006
220023007
220023008
220023009
220023010
220023011
220023501
220023502
220023503
220023504
220023505
220023506
220023507
220023508
220023509
220023510
220023511
220024001
220024002
220024003
220024004
220024005
220024006
220024007
220024008
220024009
220024010
220024011
220024501
220024502
220024503
220024504
220024505
220024506
220024507
220024508
220024509
220024510
220024511
220025001
220025002
220025003
220025004
220025005
220025006
220025007
220025008
220025009
220025010
220025011
220025501
220025502
220025503
220025504
220025505
220025506
220025507
220025508
220025509
220025510
220025511
220026001
220026002
220026003
220026004
220026005
220026006
220026007
220026008
220026009
220026010
220026011
220026501
220026502
220026503
220026504
220026505
220026506
220026507
220026508
220026509
220026510
220026511
220027001
220027002
220027003
220027004
220027005
220027006
220027007
220027008
220027009
220027010
220027011
220027501
220027502
220027503
220027504
220027505
220027506
220027507
220027508
220027509
220027510
220027511
220028001
220028002
220028003
220028004
220028005
220028006
220028007
220028008
220028009
220028010
220028011
220028501
220028502
220028503
220028504
220028505
220028506
220028507
220028508
220028509
220028510
220028511
220029001
220029002
220029003
220029004
220029005
220029006
220029007
220029008
220029009
220029010
220029011
220029501
220029502
220029503
220029504
220029505
220029506
220029507
220029508
220029509
220029510
220029511
220030001
220030002
220030003
220030004
220030005
220030006
220030007
220030008
220030009
220030010
220030011
220030501
220030502
220030503
220030504
220030505
220030506
220030507
220030508
220030509
220030510
220030511
220031001
220031002
220031003
220031004
220031005
220031006
220031007
220031008
220031009
220031010
220031011
230014001
230014002
230014003
230014004
230014005
230014006
230014007
230014008
230014009
230014010
230014011
230014501
230014502
230014503
230014504
230014505
230014506
230014507
230014508
230014509
230014510
230014511
230015001
230015002
230015003
230015004
230015005
230015006
230015007
230015008
230015009
230015010
230015011
230015501
230015502
230015503
230015504
230015505
230015506
230015507
230015508
230015509
230015510
230015511
230016001
230016002
230016003
230016004
230016005
230016006
230016007
230016008
230016009
230016010
230016011
230016501
230016502
230016503
230016504
230016505
230016506
230016507
230016508
230016509
230016510
230016511
230017001
230017002
230017003
230017004
230017005
230017006
230017007
230017008
230017009
230017010
230017011
230017501
230017502
230017503
230017504
230017505
230017506
230017507
230017508
230017509
230017510
230017511
250014001
250014002
250014003
250014004
250014005
250014006
250014007
250014008
250014009
250014010
250014011
250014501
250014502
250014503
250014504
250014505
250014506
250014507
250014508
250014509
250014510
250014511
250015001
250015002
250015003
250015004
250015005
250015006
250015007
250015008
250015009
250015010
250015011
250015501
250015502
250015503
250015504
250015505
250015506
250015507
250015508
250015509
250015510
250015511
250016001
250016002
250016003
250016004
250016005
250016006
250016007
250016008
250016009
250016010
250016011
250016501
250016502
250016503
250016504
250016505
250016506
250016507
250016508
250016509
250016510
250016511
250017001
250017002
250017003
250017004
250017005
250017006
250017007
250017008
250017009
250017010
250017011
250017501
250017502
250017503
250017504
250017505
250017506
250017507
250017508
250017509
250017510
250017511
250018001
250018002
250018003
250018004
250018005
250018006
250018007
250018008
250018009
250018010
250018011
250018501
250018502
250018503
250018504
250018505
250018506
250018507
250018508
250018509
250018510
250018511
250019001
250019002
250019003
250019004
250019005
250019006
250019007
250019008
250019009
250019010
250019011
250019501
250019502
250019503
250019504
250019505
250019506
250019507
250019508
250019509
250019510
250019511
250020001
250020002
250020003
250020004
250020005
250020006
250020007
250020008
250020009
250020010
250020011
250020501
250020502
250020503
250020504
250020505
250020506
250020507
250020508
250020509
250020510
250020511
250021001
250021002
250021003
250021004
250021005
250021006
250021007
250021008
250021009
250021010
250021011
250021501
250021502
250021503
250021504
250021505
250021506
250021507
250021508
250021509
250021510
250021511
250022001
250022002
250022003
250022004
250022005
250022006
250022007
250022008
250022009
250022010
250022011
250022501
250022502
250022503
250022504
250022505
250022506
250022507
250022508
250022509
250022510
250022511
250023001
250023002
250023003
250023004
250023005
250023006
250023007
250023008
250023009
250023010
250023011
250023501
250023502
250023503
250023504
250023505
250023506
250023507
250023508
250023509
250023510
250023511
250024001
250024002
250024003
250024004
250024005
250024006
250024007
250024008
250024009
250024010
250024011
250024501
250024502
250024503
250024504
250024505
250024506
250024507
250024508
250024509
250024510
250024511
250025001
250025002
250025003
250025004
250025005
250025006
250025007
250025008
250025009
250025010
250025011
250025501
250025502
250025503
250025504
250025505
250025506
250025507
250025508
250025509
250025510
250025511
250026001
250026002
250026003
250026004
250026005
250026006
250026007
250026008
250026009
250026010
250026011
250026501
250026502
250026503
250026504
250026505
250026506
250026507
250026508
250026509
250026510
250026511
250027001
250027002
250027003
250027004
250027005
250027006
250027007
250027008
250027009
250027010
250027011
250027501
250027502
250027503
250027504
250027505
250027506
250027507
250027508
250027509
250027510
250027511
250028001
250028002
250028003
250028004
250028005
250028006
250028007
250028008
250028009
250028010
250028011
250028501
250028502
250028503
250028504
250028505
250028506
250028507
250028508
250028509
250028510
250028511
250029001
250029002
250029003
250029004
250029005
250029006
250029007
250029008
250029009
250029010
250029011
250029501
250029502
250029503
250029504
250029505
250029506
250029507
250029508
250029509
250029510
250029511
250030001
250030002
250030003
250030004
250030005
250030006
250030007
250030008
250030009
250030010
250030011
250030501
250030502
250030503
250030504
250030505
250030506
250030507
250030508
250030509
250030510
250030511
250031001
250031002
250031003
250031004
250031005
250031006
250031007
250031008
250031009
250031010
250031011
280014001
280014002
280014003
280014004
280014005
280014006
280014007
280014008
280014009
280014010
280014011
280014501
280014502
280014503
280014504
280014505
280014506
280014507
280014508
280014509
280014510
280014511
280015001
280015002
280015003
280015004
280015005
280015006
280015007
280015008
280015009
280015010
280015011
280015501
280015502
280015503
280015504
280015505
280015506
280015507
280015508
280015509
280015510
280015511
280016001
280016002
280016003
280016004
280016005
280016006
280016007
280016008
280016009
280016010
280016011
280016501
280016502
280016503
280016504
280016505
280016506
280016507
280016508
280016509
280016510
280016511
280017001
280017002
280017003
280017004
280017005
280017006
280017007
280017008
280017009
280017010
280017011
280017501
280017502
280017503
280017504
280017505
280017506
280017507
280017508
280017509
280017510
280017511
280018001
280018002
280018003
280018004
280018005
280018006
280018007
280018008
280018009
280018010
280018011
280018501
280018502
280018503
280018504
280018505
280018506
280018507
280018508
280018509
280018510
280018511
280019001
280019002
280019003
280019004
280019005
280019006
280019007
280019008
280019009
280019010
280019011
280019501
280019502
280019503
280019504
280019505
280019506
280019507
280019508
280019509
280019510
280019511
280020001
280020002
280020003
280020004
280020005
280020006
280020007
280020008
280020009
280020010
280020011
280020501
280020502
280020503
280020504
280020505
280020506
280020507
280020508
280020509
280020510
280020511
280021001
280021002
280021003
280021004
280021005
280021006
280021007
280021008
280021009
280021010
280021011
280021501
280021502
280021503
280021504
280021505
280021506
280021507
280021508
280021509
280021510
280021511
280022001
280022002
280022003
280022004
280022005
280022006
280022007
280022008
280022009
280022010
280022011
280022501
280022502
280022503
280022504
280022505
280022506
280022507
280022508
280022509
280022510
280022511
280023001
280023002
280023003
280023004
280023005
280023006
280023007
280023008
280023009
280023010
280023011
280023501
280023502
280023503
280023504
280023505
280023506
280023507
280023508
280023509
280023510
280023511
280024001
280024002
280024003
280024004
280024005
280024006
280024007
280024008
280024009
280024010
280024011
280024501
280024502
280024503
280024504
280024505
280024506
280024507
280024508
280024509
280024510
280024511
280025001
280025002
280025003
280025004
280025005
280025006
280025007
280025008
280025009
280025010
280025011
280025501
280025502
280025503
280025504
280025505
280025506
280025507
280025508
280025509
280025510
280025511
280026001
280026002
280026003
280026004
280026005
280026006
280026007
280026008
280026009
280026010
280026011
280026501
280026502
280026503
280026504
280026505
280026506
280026507
280026508
280026509
280026510
280026511
280027001
280027002
280027003
280027004
280027005
280027006
280027007
280027008
280027009
280027010
280027011
280027501
280027502
280027503
280027504
280027505
280027506
280027507
280027508
280027509
280027510
280027511
280028001
280028002
280028003
280028004
280028005
280028006
280028007
280028008
280028009
280028010
280028011
280028501
280028502
280028503
280028504
280028505
280028506
280028507
280028508
280028509
280028510
280028511
280029001
280029002
280029003
280029004
280029005
280029006
280029007
280029008
280029009
280029010
280029011
280029501
280029502
280029503
280029504
280029505
280029506
280029507
280029508
280029509
280029510
280029511
280030001
280030002
280030003
280030004
280030005
280030006
280030007
280030008
280030009
280030010
280030011
280030501
280030502
280030503
280030504
280030505
280030506
280030507
280030508
280030509
280030510
280030511
280031001
280031002
280031003
280031004
280031005
280031006
280031007
280031008
280031009
280031010
280031011
310014001
310014002
310014003
310014004
310014005
310014006
310014007
310014008
310014009
310014010
310014011
310014501
310014502
310014503
310014504
310014505
310014506
310014507
310014508
310014509
310014510
310014511
310015001
310015002
310015003
310015004
310015005
310015006
310015007
310015008
310015009
310015010
310015011
310015501
310015502
310015503
310015504
310015505
310015506
310015507
310015508
310015509
310015510
310015511
310016001
310016002
310016003
310016004
310016005
310016006
310016007
310016008
310016009
310016010
310016011
310016501
310016502
310016503
310016504
310016505
310016506
310016507
310016508
310016509
310016510
310016511
310017001
310017002
310017003
310017004
310017005
310017006
310017007
310017008
310017009
310017010
310017011
310017501
310017502
310017503
310017504
310017505
310017506
310017507
310017508
310017509
310017510
310017511
310018001
310018002
310018003
310018004
310018005
310018006
310018007
310018008
310018009
310018010
310018011
310018501
310018502
310018503
310018504
310018505
310018506
310018507
310018508
310018509
310018510
310018511
310019001
310019002
310019003
310019004
310019005
310019006
310019007
310019008
310019009
310019010
310019011
310019501
310019502
310019503
310019504
310019505
310019506
310019507
310019508
310019509
310019510
310019511
310020001
310020002
310020003
310020004
310020005
310020006
310020007
310020008
310020009
310020010
310020011
310020501
310020502
310020503
310020504
310020505
310020506
310020507
310020508
310020509
310020510
310020511
310021001
310021002
310021003
310021004
310021005
310021006
310021007
310021008
310021009
310021010
310021011
310021501
310021502
310021503
310021504
310021505
310021506
310021507
310021508
310021509
310021510
310021511
310022001
310022002
310022003
310022004
310022005
310022006
310022007
310022008
310022009
310022010
310022011
310022501
310022502
310022503
310022504
310022505
310022506
310022507
310022508
310022509
310022510
310022511
310023001
310023002
310023003
310023004
310023005
310023006
310023007
310023008
310023009
310023010
310023011
310023501
310023502
310023503
310023504
310023505
310023506
310023507
310023508
310023509
310023510
310023511
310024001
310024002
310024003
310024004
310024005
310024006
310024007
310024008
310024009
310024010
310024011
310024501
310024502
310024503
310024504
310024505
310024506
310024507
310024508
310024509
310024510
310024511
310025001
310025002
310025003
310025004
310025005
310025006
310025007
310025008
310025009
310025010
310025011
310025501
310025502
310025503
310025504
310025505
310025506
310025507
310025508
310025509
310025510
310025511
310026001
310026002
310026003
310026004
310026005
310026006
310026007
310026008
310026009
310026010
310026011
310026501
310026502
310026503
310026504
310026505
310026506
310026507
310026508
310026509
310026510
310026511
310027001
310027002
310027003
310027004
310027005
310027006
310027007
310027008
310027009
310027010
310027011
310027501
310027502
310027503
310027504
310027505
310027506
310027507
310027508
310027509
310027510
310027511
310028001
310028002
310028003
310028004
310028005
310028006
310028007
310028008
310028009
310028010
310028011
310028501
310028502
310028503
310028504
310028505
310028506
310028507
310028508
310028509
310028510
310028511
310029001
310029002
310029003
310029004
310029005
310029006
310029007
310029008
310029009
310029010
310029011
310029501
310029502
310029503
310029504
310029505
310029506
310029507
310029508
310029509
310029510
310029511
310030001
310030002
310030003
310030004
310030005
310030006
310030007
310030008
310030009
310030010
310030011
310030501
310030502
310030503
310030504
310030505
310030506
310030507
310030508
310030509
310030510
310030511
310031001
310031002
310031003
310031004
310031005
310031006
310031007
310031008
310031009
310031010
310031011
330014001
330014002
330014003
330014004
330014005
330014006
330014007
330014008
330014009
330014010
330014011
330014501
330014502
330014503
330014504
330014505
330014506
330014507
330014508
330014509
330014510
330014511
330015001
330015002
330015003
330015004
330015005
330015006
330015007
330015008
330015009
330015010
330015011
330015501
330015502
330015503
330015504
330015505
330015506
330015507
330015508
330015509
330015510
330015511
330016001
330016002
330016003
330016004
330016005
330016006
330016007
330016008
330016009
330016010
330016011
330016501
330016502
330016503
330016504
330016505
330016506
330016507
330016508
330016509
330016510
330016511
330017001
330017002
330017003
330017004
330017005
330017006
330017007
330017008
330017009
330017010
330017011
330017501
330017502
330017503
330017504
330017505
330017506
330017507
330017508
330017509
330017510
330017511
330018001
330018002
330018003
330018004
330018005
330018006
330018007
330018008
330018009
330018010
330018011
330018501
330018502
330018503
330018504
330018505
330018506
330018507
330018508
330018509
330018510
330018511
330019001
330019002
330019003
330019004
330019005
330019006
330019007
330019008
330019009
330019010
330019011
330019501
330019502
330019503
330019504
330019505
330019506
330019507
330019508
330019509
330019510
330019511
330020001
330020002
330020003
330020004
330020005
330020006
330020007
330020008
330020009
330020010
330020011
330020501
330020502
330020503
330020504
330020505
330020506
330020507
330020508
330020509
330020510
330020511
330021001
330021002
330021003
330021004
330021005
330021006
330021007
330021008
330021009
330021010
330021011
330021501
330021502
330021503
330021504
330021505
330021506
330021507
330021508
330021509
330021510
330021511
330022001
330022002
330022003
330022004
330022005
330022006
330022007
330022008
330022009
330022010
330022011
330022501
330022502
330022503
330022504
330022505
330022506
330022507
330022508
330022509
330022510
330022511
330023001
330023002
330023003
330023004
330023005
330023006
330023007
330023008
330023009
330023010
330023011
330023501
330023502
330023503
330023504
330023505
330023506
330023507
330023508
330023509
330023510
330023511
330024001
330024002
330024003
330024004
330024005
330024006
330024007
330024008
330024009
330024010
330024011
330024501
330024502
330024503
330024504
330024505
330024506
330024507
330024508
330024509
330024510
330024511
330025001
330025002
330025003
330025004
330025005
330025006
330025007
330025008
330025009
330025010
330025011
330025501
330025502
330025503
330025504
330025505
330025506
330025507
330025508
330025509
330025510
330025511
330026001
330026002
330026003
330026004
330026005
330026006
330026007
330026008
330026009
330026010
330026011
330026501
330026502
330026503
330026504
330026505
330026506
330026507
330026508
330026509
330026510
330026511
330027001
330027002
330027003
330027004
330027005
330027006
330027007
330027008
330027009
330027010
330027011
330027501
330027502
330027503
330027504
330027505
330027506
330027507
330027508
330027509
330027510
330027511
330028001
330028002
330028003
330028004
330028005
330028006
330028007
330028008
330028009
330028010
330028011
330028501
330028502
330028503
330028504
330028505
330028506
330028507
330028508
330028509
330028510
330028511
330029001
330029002
330029003
330029004
330029005
330029006
330029007
330029008
330029009
330029010
330029011
330029501
330029502
330029503
330029504
330029505
330029506
330029507
330029508
330029509
330029510
330029511
330030001
330030002
330030003
330030004
330030005
330030006
330030007
330030008
330030009
330030010
330030011
330030501
330030502
330030503
330030504
330030505
330030506
330030507
330030508
330030509
330030510
330030511
330031001
330031002
330031003
330031004
330031005
330031006
330031007
330031008
330031009
330031010
330031011
340014001
340014002
340014003
340014004
340014005
340014006
340014007
340014008
340014009
340014010
340014011
340014501
340014502
340014503
340014504
340014505
340014506
340014507
340014508
340014509
340014510
340014511
340015001
340015002
340015003
340015004
340015005
340015006
340015007
340015008
340015009
340015010
340015011
340015501
340015502
340015503
340015504
340015505
340015506
340015507
340015508
340015509
340015510
340015511
340016001
340016002
340016003
340016004
340016005
340016006
340016007
340016008
340016009
340016010
340016011
340016501
340016502
340016503
340016504
340016505
340016506
340016507
340016508
340016509
340016510
340016511
340017001
340017002
340017003
340017004
340017005
340017006
340017007
340017008
340017009
340017010
340017011
340017501
340017502
340017503
340017504
340017505
340017506
340017507
340017508
340017509
340017510
340017511
340018001
340018002
340018003
340018004
340018005
340018006
340018007
340018008
340018009
340018010
340018011
370014001
370014002
370014003
370014004
370014005
370014006
370014007
370014008
370014009
370014010
370014011
370014501
370014502
370014503
370014504
370014505
370014506
370014507
370014508
370014509
370014510
370014511
370015001
370015002
370015003
370015004
370015005
370015006
370015007
370015008
370015009
370015010
370015011
370015501
370015502
370015503
370015504
370015505
370015506
370015507
370015508
370015509
370015510
370015511
370016001
370016002
370016003
370016004
370016005
370016006
370016007
370016008
370016009
370016010
370016011
370016501
370016502
370016503
370016504
370016505
370016506
370016507
370016508
370016509
370016510
370016511
370017001
370017002
370017003
370017004
370017005
370017006
370017007
370017008
370017009
370017010
370017011
370017501
370017502
370017503
370017504
370017505
370017506
370017507
370017508
370017509
370017510
370017511
370018001
370018002
370018003
370018004
370018005
370018006
370018007
370018008
370018009
370018010
370018011
370018501
370018502
370018503
370018504
370018505
370018506
370018507
370018508
370018509
370018510
370018511
370019001
370019002
370019003
370019004
370019005
370019006
370019007
370019008
370019009
370019010
370019011
370019501
370019502
370019503
370019504
370019505
370019506
370019507
370019508
370019509
370019510
370019511
370020001
370020002
370020003
370020004
370020005
370020006
370020007
370020008
370020009
370020010
370020011
370020501
370020502
370020503
370020504
370020505
370020506
370020507
370020508
370020509
370020510
370020511
370021001
370021002
370021003
370021004
370021005
370021006
370021007
370021008
370021009
370021010
370021011
370021501
370021502
370021503
370021504
370021505
370021506
370021507
370021508
370021509
370021510
370021511
370022001
370022002
370022003
370022004
370022005
370022006
370022007
370022008
370022009
370022010
370022011
370022501
370022502
370022503
370022504
370022505
370022506
370022507
370022508
370022509
370022510
370022511
370023001
370023002
370023003
370023004
370023005
370023006
370023007
370023008
370023009
370023010
370023011
370023501
370023502
370023503
370023504
370023505
370023506
370023507
370023508
370023509
370023510
370023511
370024001
370024002
370024003
370024004
370024005
370024006
370024007
370024008
370024009
370024010
370024011
370024501
370024502
370024503
370024504
370024505
370024506
370024507
370024508
370024509
370024510
370024511
370025001
370025002
370025003
370025004
370025005
370025006
370025007
370025008
370025009
370025010
370025011
370025501
370025502
370025503
370025504
370025505
370025506
370025507
370025508
370025509
370025510
370025511
370026001
370026002
370026003
370026004
370026005
370026006
370026007
370026008
370026009
370026010
370026011
370026501
370026502
370026503
370026504
370026505
370026506
370026507
370026508
370026509
370026510
370026511
370027001
370027002
370027003
370027004
370027005
370027006
370027007
370027008
370027009
370027010
370027011
370027501
370027502
370027503
370027504
370027505
370027506
370027507
370027508
370027509
370027510
370027511
370028001
370028002
370028003
370028004
370028005
370028006
370028007
370028008
370028009
370028010
370028011
370028501
370028502
370028503
370028504
370028505
370028506
370028507
370028508
370028509
370028510
370028511
370029001
370029002
370029003
370029004
370029005
370029006
370029007
370029008
370029009
370029010
370029011
370029501
370029502
370029503
370029504
370029505
370029506
370029507
370029508
370029509
370029510
370029511
370030001
370030002
370030003
370030004
370030005
370030006
370030007
370030008
370030009
370030010
370030011
370030501
370030502
370030503
370030504
370030505
370030506
370030507
370030508
370030509
370030510
370030511
370031001
370031002
370031003
370031004
370031005
370031006
370031007
370031008
370031009
370031010
370031011
