090060501
090060502
090060503
090060504
090060505
090060506
090060507
090060508
090060509
090060510
090060511
090063001
090063002
090063003
090063004
090063005
090063006
090063007
090063008
090063009
090063010
090063011
090065501
090065502
090065503
090065504
090065505
090065506
090065507
090065508
090065509
090065510
090065511
090100501
090100502
090100503
090100504
090100505
090100506
090100507
090100508
090100509
090100510
090100511
090103001
090103002
090103003
090103004
090103005
090103006
090103007
090103008
090103009
090103010
090103011
090105501
090105502
090105503
090105504
090105505
090105506
090105507
090105508
090105509
090105510
090105511
090108001
090108002
090108003
090108004
090108005
090108006
090108007
090108008
090108009
090108010
090108011
090110501
090110502
090110503
090110504
090110505
090110506
090110507
090110508
090110509
090110510
090110511
090113001
090113002
090113003
090113004
090113005
090113006
090113007
090113008
090113009
090113010
090113011
090115501
090115502
090115503
090115504
090115505
090115506
090115507
090115508
090115509
090115510
090115511
090118001
090118002
090118003
090118004
090118005
090118006
090118007
090118008
090118009
090118010
090118011
090120501
090120502
090120503
090120504
090120505
090120506
090120507
090120508
090120509
090120510
090120511
090123001
090123002
090123003
090123004
090123005
090123006
090123007
090123008
090123009
090123010
090123011
090125501
090125502
090125503
090125504
090125505
090125506
090125507
090125508
090125509
090125510
090125511
090128001
090128002
090128003
090128004
090128005
090128006
090128007
090128008
090128009
090128010
090128011
090130501
090130502
090130503
090130504
090130505
090130506
090130507
090130508
090130509
090130510
090130511
090133001
090133002
090133003
090133004
090133005
090133006
090133007
090133008
090133009
090133010
090133011
090135501
090135502
090135503
090135504
090135505
090135506
090135507
090135508
090135509
090135510
090135511
090138001
090138002
090138003
090138004
090138005
090138006
090138007
090138008
090138009
090138010
090138011
090140501
090140502
090140503
090140504
090140505
090140506
090140507
090140508
090140509
090140510
090140511
090143001
090143002
090143003
090143004
090143005
090143006
090143007
090143008
090143009
090143010
090143011
090240501
090240502
090240503
090240504
090240505
090240506
090240507
090240508
090240509
090240510
090240511
090243001
090243002
090243003
090243004
090243005
090243006
090243007
090243008
090243009
090243010
090243011
090245501
090245502
090245503
090245504
090245505
090245506
090245507
090245508
090245509
090245510
090245511
090248001
090248002
090248003
090248004
090248005
090248006
090248007
090248008
090248009
090248010
090248011
090250501
090250502
090250503
090250504
090250505
090250506
090250507
090250508
090250509
090250510
090250511
090253001
090253002
090253003
090253004
090253005
090253006
090253007
090253008
090253009
090253010
090253011
090255501
090255502
090255503
090255504
090255505
090255506
090255507
090255508
090255509
090255510
090255511
090258001
090258002
090258003
090258004
090258005
090258006
090258007
090258008
090258009
090258010
090258011
090260501
090260502
090260503
090260504
090260505
090260506
090260507
090260508
090260509
090260510
090260511
090263001
090263002
090263003
090263004
090263005
090263006
090263007
090263008
090263009
090263010
090263011
090265501
090265502
090265503
090265504
090265505
090265506
090265507
090265508
090265509
090265510
090265511
090268001
090268002
090268003
090268004
090268005
090268006
090268007
090268008
090268009
090268010
090268011
090270501
090270502
090270503
090270504
090270505
090270506
090270507
090270508
090270509
090270510
090270511
090273001
090273002
090273003
090273004
090273005
090273006
090273007
090273008
090273009
090273010
090273011
090275501
090275502
090275503
090275504
090275505
090275506
090275507
090275508
090275509
090275510
090275511
090278001
090278002
090278003
090278004
090278005
090278006
090278007
090278008
090278009
090278010
090278011
090280501
090280502
090280503
090280504
090280505
090280506
090280507
090280508
090280509
090280510
090280511
100060501
100060502
100060503
100060504
100060505
100060506
100060507
100060508
100060509
100060510
100060511
100063001
100063002
100063003
100063004
100063005
100063006
100063007
100063008
100063009
100063010
100063011
100065501
100065502
100065503
100065504
100065505
100065506
100065507
100065508
100065509
100065510
100065511
100068001
100068002
100068003
100068004
100068005
100068006
100068007
100068008
100068009
100068010
100068011
100070501
100070502
100070503
100070504
100070505
100070506
100070507
100070508
100070509
100070510
100070511
100073001
100073002
100073003
100073004
100073005
100073006
100073007
100073008
100073009
100073010
100073011
100075501
100075502
100075503
100075504
100075505
100075506
100075507
100075508
100075509
100075510
100075511
100078001
100078002
100078003
100078004
100078005
100078006
100078007
100078008
100078009
100078010
100078011
100080501
100080502
100080503
100080504
100080505
100080506
100080507
100080508
100080509
100080510
100080511
100083001
100083002
100083003
100083004
100083005
100083006
100083007
100083008
100083009
100083010
100083011
100085501
100085502
100085503
100085504
100085505
100085506
100085507
100085508
100085509
100085510
100085511
100088001
100088002
100088003
100088004
100088005
100088006
100088007
100088008
100088009
100088010
100088011
100090501
100090502
100090503
100090504
100090505
100090506
100090507
100090508
100090509
100090510
100090511
100093001
100093002
100093003
100093004
100093005
100093006
100093007
100093008
100093009
100093010
100093011
100095501
100095502
100095503
100095504
100095505
100095506
100095507
100095508
100095509
100095510
100095511
100098001
100098002
100098003
100098004
100098005
100098006
100098007
100098008
100098009
100098010
100098011
100100501
100100502
100100503
100100504
100100505
100100506
100100507
100100508
100100509
100100510
100100511
100110501
100110502
100110503
100110504
100110505
100110506
100110507
100110508
100110509
100110510
100110511
100113001
100113002
100113003
100113004
100113005
100113006
100113007
100113008
100113009
100113010
100113011
100115501
100115502
100115503
100115504
100115505
100115506
100115507
100115508
100115509
100115510
100115511
100118001
100118002
100118003
100118004
100118005
100118006
100118007
100118008
100118009
100118010
100118011
100120501
100120502
100120503
100120504
100120505
100120506
100120507
100120508
100120509
100120510
100120511
100123001
100123002
100123003
100123004
100123005
100123006
100123007
100123008
100123009
100123010
100123011
100125501
100125502
100125503
100125504
100125505
100125506
100125507
100125508
100125509
100125510
100125511
100128001
100128002
100128003
100128004
100128005
100128006
100128007
100128008
100128009
100128010
100128011
100130501
100130502
100130503
100130504
100130505
100130506
100130507
100130508
100130509
100130510
100130511
100133001
100133002
100133003
100133004
100133005
100133006
100133007
100133008
100133009
100133010
100133011
100135501
100135502
100135503
100135504
100135505
100135506
100135507
100135508
100135509
100135510
100135511
100138001
100138002
100138003
100138004
100138005
100138006
100138007
100138008
100138009
100138010
100138011
100140501
100140502
100140503
100140504
100140505
100140506
100140507
100140508
100140509
100140510
100140511
100143001
100143002
100143003
100143004
100143005
100143006
100143007
100143008
100143009
100143010
100143011
100145501
100145502
100145503
100145504
100145505
100145506
100145507
100145508
100145509
100145510
100145511
100148001
100148002
100148003
100148004
100148005
100148006
100148007
100148008
100148009
100148010
100148011
100150501
100150502
100150503
100150504
100150505
100150506
100150507
100150508
100150509
100150510
100150511
100153001
100153002
100153003
100153004
100153005
100153006
100153007
100153008
100153009
100153010
100153011
100155501
100155502
100155503
100155504
100155505
100155506
100155507
100155508
100155509
100155510
100155511
100158001
100158002
100158003
100158004
100158005
100158006
100158007
100158008
100158009
100158010
100158011
100160501
100160502
100160503
100160504
100160505
100160506
100160507
100160508
100160509
100160510
100160511
100163001
100163002
100163003
100163004
100163005
100163006
100163007
100163008
100163009
100163010
100163011
100165501
100165502
100165503
100165504
100165505
100165506
100165507
100165508
100165509
100165510
100165511
100168001
100168002
100168003
100168004
100168005
100168006
100168007
100168008
100168009
100168010
100168011
100170501
100170502
100170503
100170504
100170505
100170506
100170507
100170508
100170509
100170510
100170511
100173001
100173002
100173003
100173004
100173005
100173006
100173007
100173008
100173009
100173010
100173011
100175501
100175502
100175503
100175504
100175505
100175506
100175507
100175508
100175509
100175510
100175511
100178001
100178002
100178003
100178004
100178005
100178006
100178007
100178008
100178009
100178010
100178011
100180501
100180502
100180503
100180504
100180505
100180506
100180507
100180508
100180509
100180510
100180511
100183001
100183002
100183003
100183004
100183005
100183006
100183007
100183008
100183009
100183010
100183011
100185501
100185502
100185503
100185504
100185505
100185506
100185507
100185508
100185509
100185510
100185511
100188001
100188002
100188003
100188004
100188005
100188006
100188007
100188008
100188009
100188010
100188011
100268001
100268002
100268003
100268004
100268005
100268006
100268007
100268008
100268009
100268010
100268011
100270501
100270502
100270503
100270504
100270505
100270506
100270507
100270508
100270509
100270510
100270511
100273001
100273002
100273003
100273004
100273005
100273006
100273007
100273008
100273009
100273010
100273011
100275501
100275502
100275503
100275504
100275505
100275506
100275507
100275508
100275509
100275510
100275511
100278001
100278002
100278003
100278004
100278005
100278006
100278007
100278008
100278009
100278010
100278011
100280501
100280502
100280503
100280504
100280505
100280506
100280507
100280508
100280509
100280510
100280511
100283001
100283002
100283003
100283004
100283005
100283006
100283007
100283008
100283009
100283010
100283011
110060501
110060502
110060503
110060504
110060505
110060506
110060507
110060508
110060509
110060510
110060511
110063001
110063002
110063003
110063004
110063005
110063006
110063007
110063008
110063009
110063010
110063011
110065501
110065502
110065503
110065504
110065505
110065506
110065507
110065508
110065509
110065510
110065511
110068001
110068002
110068003
110068004
110068005
110068006
110068007
110068008
110068009
110068010
110068011
110070501
110070502
110070503
110070504
110070505
110070506
110070507
110070508
110070509
110070510
110070511
110073001
110073002
110073003
110073004
110073005
110073006
110073007
110073008
110073009
110073010
110073011
110075501
110075502
110075503
110075504
110075505
110075506
110075507
110075508
110075509
110075510
110075511
110078001
110078002
110078003
110078004
110078005
110078006
110078007
110078008
110078009
110078010
110078011
110080501
110080502
110080503
110080504
110080505
110080506
110080507
110080508
110080509
110080510
110080511
110083001
110083002
110083003
110083004
110083005
110083006
110083007
110083008
110083009
110083010
110083011
110085501
110085502
110085503
110085504
110085505
110085506
110085507
110085508
110085509
110085510
110085511
110088001
110088002
110088003
110088004
110088005
110088006
110088007
110088008
110088009
110088010
110088011
110090501
110090502
110090503
110090504
110090505
110090506
110090507
110090508
110090509
110090510
110090511
110093001
110093002
110093003
110093004
110093005
110093006
110093007
110093008
110093009
110093010
110093011
110095501
110095502
110095503
110095504
110095505
110095506
110095507
110095508
110095509
110095510
110095511
110098001
110098002
110098003
110098004
110098005
110098006
110098007
110098008
110098009
110098010
110098011
110100501
110100502
110100503
110100504
110100505
110100506
110100507
110100508
110100509
110100510
110100511
110103001
110103002
110103003
110103004
110103005
110103006
110103007
110103008
110103009
110103010
110103011
110105501
110105502
110105503
110105504
110105505
110105506
110105507
110105508
110105509
110105510
110105511
110108001
110108002
110108003
110108004
110108005
110108006
110108007
110108008
110108009
110108010
110108011
110110501
110110502
110110503
110110504
110110505
110110506
110110507
110110508
110110509
110110510
110110511
110113001
110113002
110113003
110113004
110113005
110113006
110113007
110113008
110113009
110113010
110113011
110115501
110115502
110115503
110115504
110115505
110115506
110115507
110115508
110115509
110115510
110115511
110118001
110118002
110118003
110118004
110118005
110118006
110118007
110118008
110118009
110118010
110118011
110120501
110120502
110120503
110120504
110120505
110120506
110120507
110120508
110120509
110120510
110120511
110123001
110123002
110123003
110123004
110123005
110123006
110123007
110123008
110123009
110123010
110123011
110125501
110125502
110125503
110125504
110125505
110125506
110125507
110125508
110125509
110125510
110125511
110128001
110128002
110128003
110128004
110128005
110128006
110128007
110128008
110128009
110128010
110128011
110130501
110130502
110130503
110130504
110130505
110130506
110130507
110130508
110130509
110130510
110130511
110133001
110133002
110133003
110133004
110133005
110133006
110133007
110133008
110133009
110133010
110133011
110135501
110135502
110135503
110135504
110135505
110135506
110135507
110135508
110135509
110135510
110135511
110138001
110138002
110138003
110138004
110138005
110138006
110138007
110138008
110138009
110138010
110138011
110140501
110140502
110140503
110140504
110140505
110140506
110140507
110140508
110140509
110140510
110140511
110143001
110143002
110143003
110143004
110143005
110143006
110143007
110143008
110143009
110143010
110143011
110145501
110145502
110145503
110145504
110145505
110145506
110145507
110145508
110145509
110145510
110145511
110148001
110148002
110148003
110148004
110148005
110148006
110148007
110148008
110148009
110148010
110148011
110150501
110150502
110150503
110150504
110150505
110150506
110150507
110150508
110150509
110150510
110150511
110153001
110153002
110153003
110153004
110153005
110153006
110153007
110153008
110153009
110153010
110153011
110155501
110155502
110155503
110155504
110155505
110155506
110155507
110155508
110155509
110155510
110155511
110158001
110158002
110158003
110158004
110158005
110158006
110158007
110158008
110158009
110158010
110158011
110160501
110160502
110160503
110160504
110160505
110160506
110160507
110160508
110160509
110160510
110160511
110163001
110163002
110163003
110163004
110163005
110163006
110163007
110163008
110163009
110163010
110163011
110165501
110165502
110165503
110165504
110165505
110165506
110165507
110165508
110165509
110165510
110165511
110168001
110168002
110168003
110168004
110168005
110168006
110168007
110168008
110168009
110168010
110168011
110170501
110170502
110170503
110170504
110170505
110170506
110170507
110170508
110170509
110170510
110170511
110173001
110173002
110173003
110173004
110173005
110173006
110173007
110173008
110173009
110173010
110173011
110175501
110175502
110175503
110175504
110175505
110175506
110175507
110175508
110175509
110175510
110175511
110178001
110178002
110178003
110178004
110178005
110178006
110178007
110178008
110178009
110178010
110178011
110180501
110180502
110180503
110180504
110180505
110180506
110180507
110180508
110180509
110180510
110180511
110183001
110183002
110183003
110183004
110183005
110183006
110183007
110183008
110183009
110183010
110183011
110185501
110185502
110185503
110185504
110185505
110185506
110185507
110185508
110185509
110185510
110185511
110188001
110188002
110188003
110188004
110188005
110188006
110188007
110188008
110188009
110188010
110188011
110190501
110190502
110190503
110190504
110190505
110190506
110190507
110190508
110190509
110190510
110190511
110193001
110193002
110193003
110193004
110193005
110193006
110193007
110193008
110193009
110193010
110193011
110195501
110195502
110195503
110195504
110195505
110195506
110195507
110195508
110195509
110195510
110195511
110198001
110198002
110198003
110198004
110198005
110198006
110198007
110198008
110198009
110198010
110198011
110200501
110200502
110200503
110200504
110200505
110200506
110200507
110200508
110200509
110200510
110200511
110203001
110203002
110203003
110203004
110203005
110203006
110203007
110203008
110203009
110203010
110203011
110205501
110205502
110205503
110205504
110205505
110205506
110205507
110205508
110205509
110205510
110205511
110208001
110208002
110208003
110208004
110208005
110208006
110208007
110208008
110208009
110208010
110208011
110210501
110210502
110210503
110210504
110210505
110210506
110210507
110210508
110210509
110210510
110210511
110213001
110213002
110213003
110213004
110213005
110213006
110213007
110213008
110213009
110213010
110213011
110215501
110215502
110215503
110215504
110215505
110215506
110215507
110215508
110215509
110215510
110215511
110218001
110218002
110218003
110218004
110218005
110218006
110218007
110218008
110218009
110218010
110218011
110220501
110220502
110220503
110220504
110220505
110220506
110220507
110220508
110220509
110220510
110220511
110223001
110223002
110223003
110223004
110223005
110223006
110223007
110223008
110223009
110223010
110223011
110225501
110225502
110225503
110225504
110225505
110225506
110225507
110225508
110225509
110225510
110225511
110228001
110228002
110228003
110228004
110228005
110228006
110228007
110228008
110228009
110228010
110228011
110230501
110230502
110230503
110230504
110230505
110230506
110230507
110230508
110230509
110230510
110230511
110233001
110233002
110233003
110233004
110233005
110233006
110233007
110233008
110233009
110233010
110233011
110235501
110235502
110235503
110235504
110235505
110235506
110235507
110235508
110235509
110235510
110235511
110238001
110238002
110238003
110238004
110238005
110238006
110238007
110238008
110238009
110238010
110238011
110240501
110240502
110240503
110240504
110240505
110240506
110240507
110240508
110240509
110240510
110240511
110243001
110243002
110243003
110243004
110243005
110243006
110243007
110243008
110243009
110243010
110243011
110245501
110245502
110245503
110245504
110245505
110245506
110245507
110245508
110245509
110245510
110245511
110248001
110248002
110248003
110248004
110248005
110248006
110248007
110248008
110248009
110248010
110248011
110250501
110250502
110250503
110250504
110250505
110250506
110250507
110250508
110250509
110250510
110250511
110253001
110253002
110253003
110253004
110253005
110253006
110253007
110253008
110253009
110253010
110253011
110255501
110255502
110255503
110255504
110255505
110255506
110255507
110255508
110255509
110255510
110255511
110258001
110258002
110258003
110258004
110258005
110258006
110258007
110258008
110258009
110258010
110258011
110260501
110260502
110260503
110260504
110260505
110260506
110260507
110260508
110260509
110260510
110260511
110263001
110263002
110263003
110263004
110263005
110263006
110263007
110263008
110263009
110263010
110263011
110265501
110265502
110265503
110265504
110265505
110265506
110265507
110265508
110265509
110265510
110265511
110268001
110268002
110268003
110268004
110268005
110268006
110268007
110268008
110268009
110268010
110268011
110270501
110270502
110270503
110270504
110270505
110270506
110270507
110270508
110270509
110270510
110270511
110273001
110273002
110273003
110273004
110273005
110273006
110273007
110273008
110273009
110273010
110273011
110275501
110275502
110275503
110275504
110275505
110275506
110275507
110275508
110275509
110275510
110275511
110278001
110278002
110278003
110278004
110278005
110278006
110278007
110278008
110278009
110278010
110278011
110280501
110280502
110280503
110280504
110280505
110280506
110280507
110280508
110280509
110280510
110280511
110283001
110283002
110283003
110283004
110283005
110283006
110283007
110283008
110283009
110283010
110283011
120060501
120060502
120060503
120060504
120060505
120060506
120060507
120060508
120060509
120060510
120060511
120063001
120063002
120063003
120063004
120063005
120063006
120063007
120063008
120063009
120063010
120063011
120065501
120065502
120065503
120065504
120065505
120065506
120065507
120065508
120065509
120065510
120065511
120068001
120068002
120068003
120068004
120068005
120068006
120068007
120068008
120068009
120068010
120068011
120070501
120070502
120070503
120070504
120070505
120070506
120070507
120070508
120070509
120070510
120070511
120073001
120073002
120073003
120073004
120073005
120073006
120073007
120073008
120073009
120073010
120073011
120075501
120075502
120075503
120075504
120075505
120075506
120075507
120075508
120075509
120075510
120075511
120078001
120078002
120078003
120078004
120078005
120078006
120078007
120078008
120078009
120078010
120078011
120080501
120080502
120080503
120080504
120080505
120080506
120080507
120080508
120080509
120080510
120080511
120083001
120083002
120083003
120083004
120083005
120083006
120083007
120083008
120083009
120083010
120083011
120085501
120085502
120085503
120085504
120085505
120085506
120085507
120085508
120085509
120085510
120085511
120088001
120088002
120088003
120088004
120088005
120088006
120088007
120088008
120088009
120088010
120088011
120090501
120090502
120090503
120090504
120090505
120090506
120090507
120090508
120090509
120090510
120090511
120093001
120093002
120093003
120093004
120093005
120093006
120093007
120093008
120093009
120093010
120093011
120095501
120095502
120095503
120095504
120095505
120095506
120095507
120095508
120095509
120095510
120095511
120098001
120098002
120098003
120098004
120098005
120098006
120098007
120098008
120098009
120098010
120098011
120105501
120105502
120105503
120105504
120105505
120105506
120105507
120105508
120105509
120105510
120105511
120108001
120108002
120108003
120108004
120108005
120108006
120108007
120108008
120108009
120108010
120108011
120110501
120110502
120110503
120110504
120110505
120110506
120110507
120110508
120110509
120110510
120110511
120113001
120113002
120113003
120113004
120113005
120113006
120113007
120113008
120113009
120113010
120113011
120115501
120115502
120115503
120115504
120115505
120115506
120115507
120115508
120115509
120115510
120115511
120118001
120118002
120118003
120118004
120118005
120118006
120118007
120118008
120118009
120118010
120118011
120120501
120120502
120120503
120120504
120120505
120120506
120120507
120120508
120120509
120120510
120120511
120123001
120123002
120123003
120123004
120123005
120123006
120123007
120123008
120123009
120123010
120123011
120125501
120125502
120125503
120125504
120125505
120125506
120125507
120125508
120125509
120125510
120125511
120128001
120128002
120128003
120128004
120128005
120128006
120128007
120128008
120128009
120128010
120128011
120130501
120130502
120130503
120130504
120130505
120130506
120130507
120130508
120130509
120130510
120130511
120133001
120133002
120133003
120133004
120133005
120133006
120133007
120133008
120133009
120133010
120133011
120135501
120135502
120135503
120135504
120135505
120135506
120135507
120135508
120135509
120135510
120135511
120138001
120138002
120138003
120138004
120138005
120138006
120138007
120138008
120138009
120138010
120138011
120140501
120140502
120140503
120140504
120140505
120140506
120140507
120140508
120140509
120140510
120140511
120160501
120160502
120160503
120160504
120160505
120160506
120160507
120160508
120160509
120160510
120160511
120163001
120163002
120163003
120163004
120163005
120163006
120163007
120163008
120163009
120163010
120163011
120165501
120165502
120165503
120165504
120165505
120165506
120165507
120165508
120165509
120165510
120165511
120168001
120168002
120168003
120168004
120168005
120168006
120168007
120168008
120168009
120168010
120168011
120170501
120170502
120170503
120170504
120170505
120170506
120170507
120170508
120170509
120170510
120170511
120173001
120173002
120173003
120173004
120173005
120173006
120173007
120173008
120173009
120173010
120173011
120175501
120175502
120175503
120175504
120175505
120175506
120175507
120175508
120175509
120175510
120175511
120178001
120178002
120178003
120178004
120178005
120178006
120178007
120178008
120178009
120178010
120178011
130060501
130060502
130060503
130060504
130060505
130060506
130060507
130060508
130060509
130060510
130060511
130063001
130063002
130063003
130063004
130063005
130063006
130063007
130063008
130063009
130063010
130063011
130065501
130065502
130065503
130065504
130065505
130065506
130065507
130065508
130065509
130065510
130065511
130068001
130068002
130068003
130068004
130068005
130068006
130068007
130068008
130068009
130068010
130068011
130070501
130070502
130070503
130070504
130070505
130070506
130070507
130070508
130070509
130070510
130070511
130073001
130073002
130073003
130073004
130073005
130073006
130073007
130073008
130073009
130073010
130073011
130075501
130075502
130075503
130075504
130075505
130075506
130075507
130075508
130075509
130075510
130075511
130078001
130078002
130078003
130078004
130078005
130078006
130078007
130078008
130078009
130078010
130078011
130080501
130080502
130080503
130080504
130080505
130080506
130080507
130080508
130080509
130080510
130080511
130083001
130083002
130083003
130083004
130083005
130083006
130083007
130083008
130083009
130083010
130083011
130085501
130085502
130085503
130085504
130085505
130085506
130085507
130085508
130085509
130085510
130085511
130088001
130088002
130088003
130088004
130088005
130088006
130088007
130088008
130088009
130088010
130088011
130090501
130090502
130090503
130090504
130090505
130090506
130090507
130090508
130090509
130090510
130090511
130093001
130093002
130093003
130093004
130093005
130093006
130093007
130093008
130093009
130093010
130093011
130095501
130095502
130095503
130095504
130095505
130095506
130095507
130095508
130095509
130095510
130095511
130098001
130098002
130098003
130098004
130098005
130098006
130098007
130098008
130098009
130098010
130098011
130100501
130100502
130100503
130100504
130100505
130100506
130100507
130100508
130100509
130100510
130100511
130103001
130103002
130103003
130103004
130103005
130103006
130103007
130103008
130103009
130103010
130103011
130105501
130105502
130105503
130105504
130105505
130105506
130105507
130105508
130105509
130105510
130105511
130108001
130108002
130108003
130108004
130108005
130108006
130108007
130108008
130108009
130108010
130108011
130110501
130110502
130110503
130110504
130110505
130110506
130110507
130110508
130110509
130110510
130110511
130113001
130113002
130113003
130113004
130113005
130113006
130113007
130113008
130113009
130113010
130113011
130115501
130115502
130115503
130115504
130115505
130115506
130115507
130115508
130115509
130115510
130115511
130118001
130118002
130118003
130118004
130118005
130118006
130118007
130118008
130118009
130118010
130118011
130120501
130120502
130120503
130120504
130120505
130120506
130120507
130120508
130120509
130120510
130120511
130123001
130123002
130123003
130123004
130123005
130123006
130123007
130123008
130123009
130123010
130123011
130125501
130125502
130125503
130125504
130125505
130125506
130125507
130125508
130125509
130125510
130125511
130128001
130128002
130128003
130128004
130128005
130128006
130128007
130128008
130128009
130128010
130128011
130130501
130130502
130130503
130130504
130130505
130130506
130130507
130130508
130130509
130130510
130130511
130133001
130133002
130133003
130133004
130133005
130133006
130133007
130133008
130133009
130133010
130133011
130135501
130135502
130135503
130135504
130135505
130135506
130135507
130135508
130135509
130135510
130135511
130138001
130138002
130138003
130138004
130138005
130138006
130138007
130138008
130138009
130138010
130138011
130140501
130140502
130140503
130140504
130140505
130140506
130140507
130140508
130140509
130140510
130140511
130143001
130143002
130143003
130143004
130143005
130143006
130143007
130143008
130143009
130143010
130143011
130145501
130145502
130145503
130145504
130145505
130145506
130145507
130145508
130145509
130145510
130145511
130148001
130148002
130148003
130148004
130148005
130148006
130148007
130148008
130148009
130148010
130148011
130150501
130150502
130150503
130150504
130150505
130150506
130150507
130150508
130150509
130150510
130150511
130153001
130153002
130153003
130153004
130153005
130153006
130153007
130153008
130153009
130153010
130153011
130155501
130155502
130155503
130155504
130155505
130155506
130155507
130155508
130155509
130155510
130155511
130158001
130158002
130158003
130158004
130158005
130158006
130158007
130158008
130158009
130158010
130158011
130160501
130160502
130160503
130160504
130160505
130160506
130160507
130160508
130160509
130160510
130160511
130163001
130163002
130163003
130163004
130163005
130163006
130163007
130163008
130163009
130163010
130163011
130165501
130165502
130165503
130165504
130165505
130165506
130165507
130165508
130165509
130165510
130165511
130168001
130168002
130168003
130168004
130168005
130168006
130168007
130168008
130168009
130168010
130168011
130170501
130170502
130170503
130170504
130170505
130170506
130170507
130170508
130170509
130170510
130170511
130173001
130173002
130173003
130173004
130173005
130173006
130173007
130173008
130173009
130173010
130173011
130175501
130175502
130175503
130175504
130175505
130175506
130175507
130175508
130175509
130175510
130175511
130178001
130178002
130178003
130178004
130178005
130178006
130178007
130178008
130178009
130178010
130178011
130180501
130180502
130180503
130180504
130180505
130180506
130180507
130180508
130180509
130180510
130180511
130183001
130183002
130183003
130183004
130183005
130183006
130183007
130183008
130183009
130183010
130183011
130185501
130185502
130185503
130185504
130185505
130185506
130185507
130185508
130185509
130185510
130185511
130188001
130188002
130188003
130188004
130188005
130188006
130188007
130188008
130188009
130188010
130188011
130190501
130190502
130190503
130190504
130190505
130190506
130190507
130190508
130190509
130190510
130190511
130193001
130193002
130193003
130193004
130193005
130193006
130193007
130193008
130193009
130193010
130193011
130195501
130195502
130195503
130195504
130195505
130195506
130195507
130195508
130195509
130195510
130195511
130198001
130198002
130198003
130198004
130198005
130198006
130198007
130198008
130198009
130198010
130198011
130200501
130200502
130200503
130200504
130200505
130200506
130200507
130200508
130200509
130200510
130200511
130203001
130203002
130203003
130203004
130203005
130203006
130203007
130203008
130203009
130203010
130203011
130205501
130205502
130205503
130205504
130205505
130205506
130205507
130205508
130205509
130205510
130205511
130208001
130208002
130208003
130208004
130208005
130208006
130208007
130208008
130208009
130208010
130208011
130210501
130210502
130210503
130210504
130210505
130210506
130210507
130210508
130210509
130210510
130210511
130213001
130213002
130213003
130213004
130213005
130213006
130213007
130213008
130213009
130213010
130213011
130215501
130215502
130215503
130215504
130215505
130215506
130215507
130215508
130215509
130215510
130215511
130218001
130218002
130218003
130218004
130218005
130218006
130218007
130218008
130218009
130218010
130218011
130220501
130220502
130220503
130220504
130220505
130220506
130220507
130220508
130220509
130220510
130220511
130223001
130223002
130223003
130223004
130223005
130223006
130223007
130223008
130223009
130223010
130223011
130225501
130225502
130225503
130225504
130225505
130225506
130225507
130225508
130225509
130225510
130225511
130228001
130228002
130228003
130228004
130228005
130228006
130228007
130228008
130228009
130228010
130228011
130230501
130230502
130230503
130230504
130230505
130230506
130230507
130230508
130230509
130230510
130230511
130233001
130233002
130233003
130233004
130233005
130233006
130233007
130233008
130233009
130233010
130233011
130235501
130235502
130235503
130235504
130235505
130235506
130235507
130235508
130235509
130235510
130235511
130238001
130238002
130238003
130238004
130238005
130238006
130238007
130238008
130238009
130238010
130238011
130240501
130240502
130240503
130240504
130240505
130240506
130240507
130240508
130240509
130240510
130240511
130243001
130243002
130243003
130243004
130243005
130243006
130243007
130243008
130243009
130243010
130243011
130245501
130245502
130245503
130245504
130245505
130245506
130245507
130245508
130245509
130245510
130245511
130248001
130248002
130248003
130248004
130248005
130248006
130248007
130248008
130248009
130248010
130248011
130250501
130250502
130250503
130250504
130250505
130250506
130250507
130250508
130250509
130250510
130250511
130253001
130253002
130253003
130253004
130253005
130253006
130253007
130253008
130253009
130253010
130253011
130255501
130255502
130255503
130255504
130255505
130255506
130255507
130255508
130255509
130255510
130255511
130258001
130258002
130258003
130258004
130258005
130258006
130258007
130258008
130258009
130258010
130258011
130260501
130260502
130260503
130260504
130260505
130260506
130260507
130260508
130260509
130260510
130260511
130263001
130263002
130263003
130263004
130263005
130263006
130263007
130263008
130263009
130263010
130263011
130265501
130265502
130265503
130265504
130265505
130265506
130265507
130265508
130265509
130265510
130265511
130268001
130268002
130268003
130268004
130268005
130268006
130268007
130268008
130268009
130268010
130268011
130270501
130270502
130270503
130270504
130270505
130270506
130270507
130270508
130270509
130270510
130270511
130273001
130273002
130273003
130273004
130273005
130273006
130273007
130273008
130273009
130273010
130273011
130275501
130275502
130275503
130275504
130275505
130275506
130275507
130275508
130275509
130275510
130275511
130278001
130278002
130278003
130278004
130278005
130278006
130278007
130278008
130278009
130278010
130278011
130280501
130280502
130280503
130280504
130280505
130280506
130280507
130280508
130280509
130280510
130280511
130283001
130283002
130283003
130283004
130283005
130283006
130283007
130283008
130283009
130283010
130283011
140060501
140060502
140060503
140060504
140060505
140060506
140060507
140060508
140060509
140060510
140060511
140063001
140063002
140063003
140063004
140063005
140063006
140063007
140063008
140063009
140063010
140063011
140065501
140065502
140065503
140065504
140065505
140065506
140065507
140065508
140065509
140065510
140065511
140068001
140068002
140068003
140068004
140068005
140068006
140068007
140068008
140068009
140068010
140068011
140070501
140070502
140070503
140070504
140070505
140070506
140070507
140070508
140070509
140070510
140070511
140073001
140073002
140073003
140073004
140073005
140073006
140073007
140073008
140073009
140073010
140073011
140075501
140075502
140075503
140075504
140075505
140075506
140075507
140075508
140075509
140075510
140075511
140078001
140078002
140078003
140078004
140078005
140078006
140078007
140078008
140078009
140078010
140078011
140080501
140080502
140080503
140080504
140080505
140080506
140080507
140080508
140080509
140080510
140080511
140083001
140083002
140083003
140083004
140083005
140083006
140083007
140083008
140083009
140083010
140083011
140085501
140085502
140085503
140085504
140085505
140085506
140085507
140085508
140085509
140085510
140085511
140088001
140088002
140088003
140088004
140088005
140088006
140088007
140088008
140088009
140088010
140088011
140090501
140090502
140090503
140090504
140090505
140090506
140090507
140090508
140090509
140090510
140090511
140093001
140093002
140093003
140093004
140093005
140093006
140093007
140093008
140093009
140093010
140093011
140095501
140095502
140095503
140095504
140095505
140095506
140095507
140095508
140095509
140095510
140095511
140098001
140098002
140098003
140098004
140098005
140098006
140098007
140098008
140098009
140098010
140098011
140100501
140100502
140100503
140100504
140100505
140100506
140100507
140100508
140100509
140100510
140100511
140103001
140103002
140103003
140103004
140103005
140103006
140103007
140103008
140103009
140103010
140103011
140105501
140105502
140105503
140105504
140105505
140105506
140105507
140105508
140105509
140105510
140105511
140108001
140108002
140108003
140108004
140108005
140108006
140108007
140108008
140108009
140108010
140108011
140110501
140110502
140110503
140110504
140110505
140110506
140110507
140110508
140110509
140110510
140110511
140113001
140113002
140113003
140113004
140113005
140113006
140113007
140113008
140113009
140113010
140113011
140115501
140115502
140115503
140115504
140115505
140115506
140115507
140115508
140115509
140115510
140115511
140118001
140118002
140118003
140118004
140118005
140118006
140118007
140118008
140118009
140118010
140118011
140120501
140120502
140120503
140120504
140120505
140120506
140120507
140120508
140120509
140120510
140120511
140123001
140123002
140123003
140123004
140123005
140123006
140123007
140123008
140123009
140123010
140123011
140125501
140125502
140125503
140125504
140125505
140125506
140125507
140125508
140125509
140125510
140125511
140128001
140128002
140128003
140128004
140128005
140128006
140128007
140128008
140128009
140128010
140128011
140130501
140130502
140130503
140130504
140130505
140130506
140130507
140130508
140130509
140130510
140130511
140133001
140133002
140133003
140133004
140133005
140133006
140133007
140133008
140133009
140133010
140133011
140135501
140135502
140135503
140135504
140135505
140135506
140135507
140135508
140135509
140135510
140135511
140138001
140138002
140138003
140138004
140138005
140138006
140138007
140138008
140138009
140138010
140138011
140140501
140140502
140140503
140140504
140140505
140140506
140140507
140140508
140140509
140140510
140140511
140143001
140143002
140143003
140143004
140143005
140143006
140143007
140143008
140143009
140143010
140143011
140145501
140145502
140145503
140145504
140145505
140145506
140145507
140145508
140145509
140145510
140145511
140148001
140148002
140148003
140148004
140148005
140148006
140148007
140148008
140148009
140148010
140148011
140150501
140150502
140150503
140150504
140150505
140150506
140150507
140150508
140150509
140150510
140150511
140153001
140153002
140153003
140153004
140153005
140153006
140153007
140153008
140153009
140153010
140153011
140155501
140155502
140155503
140155504
140155505
140155506
140155507
140155508
140155509
140155510
140155511
140158001
140158002
140158003
140158004
140158005
140158006
140158007
140158008
140158009
140158010
140158011
140160501
140160502
140160503
140160504
140160505
140160506
140160507
140160508
140160509
140160510
140160511
140163001
140163002
140163003
140163004
140163005
140163006
140163007
140163008
140163009
140163010
140163011
140165501
140165502
140165503
140165504
140165505
140165506
140165507
140165508
140165509
140165510
140165511
140168001
140168002
140168003
140168004
140168005
140168006
140168007
140168008
140168009
140168010
140168011
140170501
140170502
140170503
140170504
140170505
140170506
140170507
140170508
140170509
140170510
140170511
140173001
140173002
140173003
140173004
140173005
140173006
140173007
140173008
140173009
140173010
140173011
140175501
140175502
140175503
140175504
140175505
140175506
140175507
140175508
140175509
140175510
140175511
140178001
140178002
140178003
140178004
140178005
140178006
140178007
140178008
140178009
140178010
140178011
140180501
140180502
140180503
140180504
140180505
140180506
140180507
140180508
140180509
140180510
140180511
140183001
140183002
140183003
140183004
140183005
140183006
140183007
140183008
140183009
140183010
140183011
140185501
140185502
140185503
140185504
140185505
140185506
140185507
140185508
140185509
140185510
140185511
140188001
140188002
140188003
140188004
140188005
140188006
140188007
140188008
140188009
140188010
140188011
140190501
140190502
140190503
140190504
140190505
140190506
140190507
140190508
140190509
140190510
140190511
140193001
140193002
140193003
140193004
140193005
140193006
140193007
140193008
140193009
140193010
140193011
140195501
140195502
140195503
140195504
140195505
140195506
140195507
140195508
140195509
140195510
140195511
140198001
140198002
140198003
140198004
140198005
140198006
140198007
140198008
140198009
140198010
140198011
140200501
140200502
140200503
140200504
140200505
140200506
140200507
140200508
140200509
140200510
140200511
140203001
140203002
140203003
140203004
140203005
140203006
140203007
140203008
140203009
140203010
140203011
140205501
140205502
140205503
140205504
140205505
140205506
140205507
140205508
140205509
140205510
140205511
140208001
140208002
140208003
140208004
140208005
140208006
140208007
140208008
140208009
140208010
140208011
140210501
140210502
140210503
140210504
140210505
140210506
140210507
140210508
140210509
140210510
140210511
140213001
140213002
140213003
140213004
140213005
140213006
140213007
140213008
140213009
140213010
140213011
140215501
140215502
140215503
140215504
140215505
140215506
140215507
140215508
140215509
140215510
140215511
140218001
140218002
140218003
140218004
140218005
140218006
140218007
140218008
140218009
140218010
140218011
140220501
140220502
140220503
140220504
140220505
140220506
140220507
140220508
140220509
140220510
140220511
140223001
140223002
140223003
140223004
140223005
140223006
140223007
140223008
140223009
140223010
140223011
140225501
140225502
140225503
140225504
140225505
140225506
140225507
140225508
140225509
140225510
140225511
140228001
140228002
140228003
140228004
140228005
140228006
140228007
140228008
140228009
140228010
140228011
140230501
140230502
140230503
140230504
140230505
140230506
140230507
140230508
140230509
140230510
140230511
140233001
140233002
140233003
140233004
140233005
140233006
140233007
140233008
140233009
140233010
140233011
140235501
140235502
140235503
140235504
140235505
140235506
140235507
140235508
140235509
140235510
140235511
140238001
140238002
140238003
140238004
140238005
140238006
140238007
140238008
140238009
140238010
140238011
140240501
140240502
140240503
140240504
140240505
140240506
140240507
140240508
140240509
140240510
140240511
140243001
140243002
140243003
140243004
140243005
140243006
140243007
140243008
140243009
140243010
140243011
140245501
140245502
140245503
140245504
140245505
140245506
140245507
140245508
140245509
140245510
140245511
140248001
140248002
140248003
140248004
140248005
140248006
140248007
140248008
140248009
140248010
140248011
140250501
140250502
140250503
140250504
140250505
140250506
140250507
140250508
140250509
140250510
140250511
140253001
140253002
140253003
140253004
140253005
140253006
140253007
140253008
140253009
140253010
140253011
140255501
140255502
140255503
140255504
140255505
140255506
140255507
140255508
140255509
140255510
140255511
140258001
140258002
140258003
140258004
140258005
140258006
140258007
140258008
140258009
140258010
140258011
140260501
140260502
140260503
140260504
140260505
140260506
140260507
140260508
140260509
140260510
140260511
140263001
140263002
140263003
140263004
140263005
140263006
140263007
140263008
140263009
140263010
140263011
140265501
140265502
140265503
140265504
140265505
140265506
140265507
140265508
140265509
140265510
140265511
140268001
140268002
140268003
140268004
140268005
140268006
140268007
140268008
140268009
140268010
140268011
140270501
140270502
140270503
140270504
140270505
140270506
140270507
140270508
140270509
140270510
140270511
140273001
140273002
140273003
140273004
140273005
140273006
140273007
140273008
140273009
140273010
140273011
140275501
140275502
140275503
140275504
140275505
140275506
140275507
140275508
140275509
140275510
140275511
140278001
140278002
140278003
140278004
140278005
140278006
140278007
140278008
140278009
140278010
140278011
140280501
140280502
140280503
140280504
140280505
140280506
140280507
140280508
140280509
140280510
140280511
140283001
140283002
140283003
140283004
140283005
140283006
140283007
140283008
140283009
140283010
140283011
150060501
150060502
150060503
150060504
150060505
150060506
150060507
150060508
150060509
150060510
150060511
150063001
150063002
150063003
150063004
150063005
150063006
150063007
150063008
150063009
150063010
150063011
150065501
150065502
150065503
150065504
150065505
150065506
150065507
150065508
150065509
150065510
150065511
150068001
150068002
150068003
150068004
150068005
150068006
150068007
150068008
150068009
150068010
150068011
150070501
150070502
150070503
150070504
150070505
150070506
150070507
150070508
150070509
150070510
150070511
150073001
150073002
150073003
150073004
150073005
150073006
150073007
150073008
150073009
150073010
150073011
150075501
150075502
150075503
150075504
150075505
150075506
150075507
150075508
150075509
150075510
150075511
150078001
150078002
150078003
150078004
150078005
150078006
150078007
150078008
150078009
150078010
150078011
150080501
150080502
150080503
150080504
150080505
150080506
150080507
150080508
150080509
150080510
150080511
150083001
150083002
150083003
150083004
150083005
150083006
150083007
150083008
150083009
150083010
150083011
150085501
150085502
150085503
150085504
150085505
150085506
150085507
150085508
150085509
150085510
150085511
150088001
150088002
150088003
150088004
150088005
150088006
150088007
150088008
150088009
150088010
150088011
150090501
150090502
150090503
150090504
150090505
150090506
150090507
150090508
150090509
150090510
150090511
150093001
150093002
150093003
150093004
150093005
150093006
150093007
150093008
150093009
150093010
150093011
150095501
150095502
150095503
150095504
150095505
150095506
150095507
150095508
150095509
150095510
150095511
150098001
150098002
150098003
150098004
150098005
150098006
150098007
150098008
150098009
150098010
150098011
150100501
150100502
150100503
150100504
150100505
150100506
150100507
150100508
150100509
150100510
150100511
150103001
150103002
150103003
150103004
150103005
150103006
150103007
150103008
150103009
150103010
150103011
150105501
150105502
150105503
150105504
150105505
150105506
150105507
150105508
150105509
150105510
150105511
150108001
150108002
150108003
150108004
150108005
150108006
150108007
150108008
150108009
150108010
150108011
150110501
150110502
150110503
150110504
150110505
150110506
150110507
150110508
150110509
150110510
150110511
150113001
150113002
150113003
150113004
150113005
150113006
150113007
150113008
150113009
150113010
150113011
150115501
150115502
150115503
150115504
150115505
150115506
150115507
150115508
150115509
150115510
150115511
150118001
150118002
150118003
150118004
150118005
150118006
150118007
150118008
150118009
150118010
150118011
150120501
150120502
150120503
150120504
150120505
150120506
150120507
150120508
150120509
150120510
150120511
150123001
150123002
150123003
150123004
150123005
150123006
150123007
150123008
150123009
150123010
150123011
150125501
150125502
150125503
150125504
150125505
150125506
150125507
150125508
150125509
150125510
150125511
150128001
150128002
150128003
150128004
150128005
150128006
150128007
150128008
150128009
150128010
150128011
150130501
150130502
150130503
150130504
150130505
150130506
150130507
150130508
150130509
150130510
150130511
150133001
150133002
150133003
150133004
150133005
150133006
150133007
150133008
150133009
150133010
150133011
150135501
150135502
150135503
150135504
150135505
150135506
150135507
150135508
150135509
150135510
150135511
150138001
150138002
150138003
150138004
150138005
150138006
150138007
150138008
150138009
150138010
150138011
150140501
150140502
150140503
150140504
150140505
150140506
150140507
150140508
150140509
150140510
150140511
150143001
150143002
150143003
150143004
150143005
150143006
150143007
150143008
150143009
150143010
150143011
150145501
150145502
150145503
150145504
150145505
150145506
150145507
150145508
150145509
150145510
150145511
150148001
150148002
150148003
150148004
150148005
150148006
150148007
150148008
150148009
150148010
150148011
150150501
150150502
150150503
150150504
150150505
150150506
150150507
150150508
150150509
150150510
150150511
150153001
150153002
150153003
150153004
150153005
150153006
150153007
150153008
150153009
150153010
150153011
150155501
150155502
150155503
150155504
150155505
150155506
150155507
150155508
150155509
150155510
150155511
150158001
150158002
150158003
150158004
150158005
150158006
150158007
150158008
150158009
150158010
150158011
150160501
150160502
150160503
150160504
150160505
150160506
150160507
150160508
150160509
150160510
150160511
150163001
150163002
150163003
150163004
150163005
150163006
150163007
150163008
150163009
150163010
150163011
150165501
150165502
150165503
150165504
150165505
150165506
150165507
150165508
150165509
150165510
150165511
150168001
150168002
150168003
150168004
150168005
150168006
150168007
150168008
150168009
150168010
150168011
150170501
150170502
150170503
150170504
150170505
150170506
150170507
150170508
150170509
150170510
150170511
150173001
150173002
150173003
150173004
150173005
150173006
150173007
150173008
150173009
150173010
150173011
150175501
150175502
150175503
150175504
150175505
150175506
150175507
150175508
150175509
150175510
150175511
150178001
150178002
150178003
150178004
150178005
150178006
150178007
150178008
150178009
150178010
150178011
150180501
150180502
150180503
150180504
150180505
150180506
150180507
150180508
150180509
150180510
150180511
150183001
150183002
150183003
150183004
150183005
150183006
150183007
150183008
150183009
150183010
150183011
150185501
150185502
150185503
150185504
150185505
150185506
150185507
150185508
150185509
150185510
150185511
150188001
150188002
150188003
150188004
150188005
150188006
150188007
150188008
150188009
150188010
150188011
150190501
150190502
150190503
150190504
150190505
150190506
150190507
150190508
150190509
150190510
150190511
150193001
150193002
150193003
150193004
150193005
150193006
150193007
150193008
150193009
150193010
150193011
150195501
150195502
150195503
150195504
150195505
150195506
150195507
150195508
150195509
150195510
150195511
150198001
150198002
150198003
150198004
150198005
150198006
150198007
150198008
150198009
150198010
150198011
150200501
150200502
150200503
150200504
150200505
150200506
150200507
150200508
150200509
150200510
150200511
150203001
150203002
150203003
150203004
150203005
150203006
150203007
150203008
150203009
150203010
150203011
150205501
150205502
150205503
150205504
150205505
150205506
150205507
150205508
150205509
150205510
150205511
150208001
150208002
150208003
150208004
150208005
150208006
150208007
150208008
150208009
150208010
150208011
150210501
150210502
150210503
150210504
150210505
150210506
150210507
150210508
150210509
150210510
150210511
150213001
150213002
150213003
150213004
150213005
150213006
150213007
150213008
150213009
150213010
150213011
150215501
150215502
150215503
150215504
150215505
150215506
150215507
150215508
150215509
150215510
150215511
150218001
150218002
150218003
150218004
150218005
150218006
150218007
150218008
150218009
150218010
150218011
150220501
150220502
150220503
150220504
150220505
150220506
150220507
150220508
150220509
150220510
150220511
150223001
150223002
150223003
150223004
150223005
150223006
150223007
150223008
150223009
150223010
150223011
150225501
150225502
150225503
150225504
150225505
150225506
150225507
150225508
150225509
150225510
150225511
150228001
150228002
150228003
150228004
150228005
150228006
150228007
150228008
150228009
150228010
150228011
150230501
150230502
150230503
150230504
150230505
150230506
150230507
150230508
150230509
150230510
150230511
150233001
150233002
150233003
150233004
150233005
150233006
150233007
150233008
150233009
150233010
150233011
150235501
150235502
150235503
150235504
150235505
150235506
150235507
150235508
150235509
150235510
150235511
150238001
150238002
150238003
150238004
150238005
150238006
150238007
150238008
150238009
150238010
150238011
150240501
150240502
150240503
150240504
150240505
150240506
150240507
150240508
150240509
150240510
150240511
150243001
150243002
150243003
150243004
150243005
150243006
150243007
150243008
150243009
150243010
150243011
150245501
150245502
150245503
150245504
150245505
150245506
150245507
150245508
150245509
150245510
150245511
150248001
150248002
150248003
150248004
150248005
150248006
150248007
150248008
150248009
150248010
150248011
150250501
150250502
150250503
150250504
150250505
150250506
150250507
150250508
150250509
150250510
150250511
150253001
150253002
150253003
150253004
150253005
150253006
150253007
150253008
150253009
150253010
150253011
150255501
150255502
150255503
150255504
150255505
150255506
150255507
150255508
150255509
150255510
150255511
150258001
150258002
150258003
150258004
150258005
150258006
150258007
150258008
150258009
150258010
150258011
150260501
150260502
150260503
150260504
150260505
150260506
150260507
150260508
150260509
150260510
150260511
150263001
150263002
150263003
150263004
150263005
150263006
150263007
150263008
150263009
150263010
150263011
150265501
150265502
150265503
150265504
150265505
150265506
150265507
150265508
150265509
150265510
150265511
150268001
150268002
150268003
150268004
150268005
150268006
150268007
150268008
150268009
150268010
150268011
150270501
150270502
150270503
150270504
150270505
150270506
150270507
150270508
150270509
150270510
150270511
150273001
150273002
150273003
150273004
150273005
150273006
150273007
150273008
150273009
150273010
150273011
150275501
150275502
150275503
150275504
150275505
150275506
150275507
150275508
150275509
150275510
150275511
150278001
150278002
150278003
150278004
150278005
150278006
150278007
150278008
150278009
150278010
150278011
150280501
150280502
150280503
150280504
150280505
150280506
150280507
150280508
150280509
150280510
150280511
150283001
150283002
150283003
150283004
150283005
150283006
150283007
150283008
150283009
150283010
150283011
160060501
160060502
160060503
160060504
160060505
160060506
160060507
160060508
160060509
160060510
160060511
160108001
160108002
160108003
160108004
160108005
160108006
160108007
160108008
160108009
160108010
160108011
160110501
160110502
160110503
160110504
160110505
160110506
160110507
160110508
160110509
160110510
160110511
160113001
160113002
160113003
160113004
160113005
160113006
160113007
160113008
160113009
160113010
160113011
160115501
160115502
160115503
160115504
160115505
160115506
160115507
160115508
160115509
160115510
160115511
160118001
160118002
160118003
160118004
160118005
160118006
160118007
160118008
160118009
160118010
160118011
160120501
160120502
160120503
160120504
160120505
160120506
160120507
160120508
160120509
160120510
160120511
160123001
160123002
160123003
160123004
160123005
160123006
160123007
160123008
160123009
160123010
160123011
160125501
160125502
160125503
160125504
160125505
160125506
160125507
160125508
160125509
160125510
160125511
160128001
160128002
160128003
160128004
160128005
160128006
160128007
160128008
160128009
160128010
160128011
160130501
160130502
160130503
160130504
160130505
160130506
160130507
160130508
160130509
160130510
160130511
160133001
160133002
160133003
160133004
160133005
160133006
160133007
160133008
160133009
160133010
160133011
160135501
160135502
160135503
160135504
160135505
160135506
160135507
160135508
160135509
160135510
160135511
160138001
160138002
160138003
160138004
160138005
160138006
160138007
160138008
160138009
160138010
160138011
160140501
160140502
160140503
160140504
160140505
160140506
160140507
160140508
160140509
160140510
160140511
160143001
160143002
160143003
160143004
160143005
160143006
160143007
160143008
160143009
160143010
160143011
160145501
160145502
160145503
160145504
160145505
160145506
160145507
160145508
160145509
160145510
160145511
160148001
160148002
160148003
160148004
160148005
160148006
160148007
160148008
160148009
160148010
160148011
160150501
160150502
160150503
160150504
160150505
160150506
160150507
160150508
160150509
160150510
160150511
160153001
160153002
160153003
160153004
160153005
160153006
160153007
160153008
160153009
160153010
160153011
160155501
160155502
160155503
160155504
160155505
160155506
160155507
160155508
160155509
160155510
160155511
160158001
160158002
160158003
160158004
160158005
160158006
160158007
160158008
160158009
160158010
160158011
160160501
160160502
160160503
160160504
160160505
160160506
160160507
160160508
160160509
160160510
160160511
160163001
160163002
160163003
160163004
160163005
160163006
160163007
160163008
160163009
160163010
160163011
160165501
160165502
160165503
160165504
160165505
160165506
160165507
160165508
160165509
160165510
160165511
160168001
160168002
160168003
160168004
160168005
160168006
160168007
160168008
160168009
160168010
160168011
160170501
160170502
160170503
160170504
160170505
160170506
160170507
160170508
160170509
160170510
160170511
160173001
160173002
160173003
160173004
160173005
160173006
160173007
160173008
160173009
160173010
160173011
160175501
160175502
160175503
160175504
160175505
160175506
160175507
160175508
160175509
160175510
160175511
160178001
160178002
160178003
160178004
160178005
160178006
160178007
160178008
160178009
160178010
160178011
160180501
160180502
160180503
160180504
160180505
160180506
160180507
160180508
160180509
160180510
160180511
160183001
160183002
160183003
160183004
160183005
160183006
160183007
160183008
160183009
160183010
160183011
160185501
160185502
160185503
160185504
160185505
160185506
160185507
160185508
160185509
160185510
160185511
160188001
160188002
160188003
160188004
160188005
160188006
160188007
160188008
160188009
160188010
160188011
160190501
160190502
160190503
160190504
160190505
160190506
160190507
160190508
160190509
160190510
160190511
160193001
160193002
160193003
160193004
160193005
160193006
160193007
160193008
160193009
160193010
160193011
160195501
160195502
160195503
160195504
160195505
160195506
160195507
160195508
160195509
160195510
160195511
160198001
160198002
160198003
160198004
160198005
160198006
160198007
160198008
160198009
160198010
160198011
160200501
160200502
160200503
160200504
160200505
160200506
160200507
160200508
160200509
160200510
160200511
160203001
160203002
160203003
160203004
160203005
160203006
160203007
160203008
160203009
160203010
160203011
160205501
160205502
160205503
160205504
160205505
160205506
160205507
160205508
160205509
160205510
160205511
160208001
160208002
160208003
160208004
160208005
160208006
160208007
160208008
160208009
160208010
160208011
160210501
160210502
160210503
160210504
160210505
160210506
160210507
160210508
160210509
160210510
160210511
160213001
160213002
160213003
160213004
160213005
160213006
160213007
160213008
160213009
160213010
160213011
160215501
160215502
160215503
160215504
160215505
160215506
160215507
160215508
160215509
160215510
160215511
160218001
160218002
160218003
160218004
160218005
160218006
160218007
160218008
160218009
160218010
160218011
160220501
160220502
160220503
160220504
160220505
160220506
160220507
160220508
160220509
160220510
160220511
160223001
160223002
160223003
160223004
160223005
160223006
160223007
160223008
160223009
160223010
160223011
160225501
160225502
160225503
160225504
160225505
160225506
160225507
160225508
160225509
160225510
160225511
160228001
160228002
160228003
160228004
160228005
160228006
160228007
160228008
160228009
160228010
160228011
160230501
160230502
160230503
160230504
160230505
160230506
160230507
160230508
160230509
160230510
160230511
160233001
160233002
160233003
160233004
160233005
160233006
160233007
160233008
160233009
160233010
160233011
160235501
160235502
160235503
160235504
160235505
160235506
160235507
160235508
160235509
160235510
160235511
160238001
160238002
160238003
160238004
160238005
160238006
160238007
160238008
160238009
160238010
160238011
160240501
160240502
160240503
160240504
160240505
160240506
160240507
160240508
160240509
160240510
160240511
160243001
160243002
160243003
160243004
160243005
160243006
160243007
160243008
160243009
160243010
160243011
160245501
160245502
160245503
160245504
160245505
160245506
160245507
160245508
160245509
160245510
160245511
160248001
160248002
160248003
160248004
160248005
160248006
160248007
160248008
160248009
160248010
160248011
160250501
160250502
160250503
160250504
160250505
160250506
160250507
160250508
160250509
160250510
160250511
160253001
160253002
160253003
160253004
160253005
160253006
160253007
160253008
160253009
160253010
160253011
160255501
160255502
160255503
160255504
160255505
160255506
160255507
160255508
160255509
160255510
160255511
160258001
160258002
160258003
160258004
160258005
160258006
160258007
160258008
160258009
160258010
160258011
160260501
160260502
160260503
160260504
160260505
160260506
160260507
160260508
160260509
160260510
160260511
160263001
160263002
160263003
160263004
160263005
160263006
160263007
160263008
160263009
160263010
160263011
160265501
160265502
160265503
160265504
160265505
160265506
160265507
160265508
160265509
160265510
160265511
160268001
160268002
160268003
160268004
160268005
160268006
160268007
160268008
160268009
160268010
160268011
160270501
160270502
160270503
160270504
160270505
160270506
160270507
160270508
160270509
160270510
160270511
160273001
160273002
160273003
160273004
160273005
160273006
160273007
160273008
160273009
160273010
160273011
160275501
160275502
160275503
160275504
160275505
160275506
160275507
160275508
160275509
160275510
160275511
160278001
160278002
160278003
160278004
160278005
160278006
160278007
160278008
160278009
160278010
160278011
160280501
160280502
160280503
160280504
160280505
160280506
160280507
160280508
160280509
160280510
160280511
160283001
160283002
160283003
160283004
160283005
160283006
160283007
160283008
160283009
160283010
160283011
170098001
170098002
170098003
170098004
170098005
170098006
170098007
170098008
170098009
170098010
170098011
170100501
170100502
170100503
170100504
170100505
170100506
170100507
170100508
170100509
170100510
170100511
170103001
170103002
170103003
170103004
170103005
170103006
170103007
170103008
170103009
170103010
170103011
170105501
170105502
170105503
170105504
170105505
170105506
170105507
170105508
170105509
170105510
170105511
170108001
170108002
170108003
170108004
170108005
170108006
170108007
170108008
170108009
170108010
170108011
170110501
170110502
170110503
170110504
170110505
170110506
170110507
170110508
170110509
170110510
170110511
170113001
170113002
170113003
170113004
170113005
170113006
170113007
170113008
170113009
170113010
170113011
170115501
170115502
170115503
170115504
170115505
170115506
170115507
170115508
170115509
170115510
170115511
170118001
170118002
170118003
170118004
170118005
170118006
170118007
170118008
170118009
170118010
170118011
170120501
170120502
170120503
170120504
170120505
170120506
170120507
170120508
170120509
170120510
170120511
170123001
170123002
170123003
170123004
170123005
170123006
170123007
170123008
170123009
170123010
170123011
170125501
170125502
170125503
170125504
170125505
170125506
170125507
170125508
170125509
170125510
170125511
170128001
170128002
170128003
170128004
170128005
170128006
170128007
170128008
170128009
170128010
170128011
170130501
170130502
170130503
170130504
170130505
170130506
170130507
170130508
170130509
170130510
170130511
170133001
170133002
170133003
170133004
170133005
170133006
170133007
170133008
170133009
170133010
170133011
170135501
170135502
170135503
170135504
170135505
170135506
170135507
170135508
170135509
170135510
170135511
170138001
170138002
170138003
170138004
170138005
170138006
170138007
170138008
170138009
170138010
170138011
170140501
170140502
170140503
170140504
170140505
170140506
170140507
170140508
170140509
170140510
170140511
170143001
170143002
170143003
170143004
170143005
170143006
170143007
170143008
170143009
170143010
170143011
170145501
170145502
170145503
170145504
170145505
170145506
170145507
170145508
170145509
170145510
170145511
170148001
170148002
170148003
170148004
170148005
170148006
170148007
170148008
170148009
170148010
170148011
170150501
170150502
170150503
170150504
170150505
170150506
170150507
170150508
170150509
170150510
170150511
170153001
170153002
170153003
170153004
170153005
170153006
170153007
170153008
170153009
170153010
170153011
170155501
170155502
170155503
170155504
170155505
170155506
170155507
170155508
170155509
170155510
170155511
170158001
170158002
170158003
170158004
170158005
170158006
170158007
170158008
170158009
170158010
170158011
170160501
170160502
170160503
170160504
170160505
170160506
170160507
170160508
170160509
170160510
170160511
170163001
170163002
170163003
170163004
170163005
170163006
170163007
170163008
170163009
170163010
170163011
170165501
170165502
170165503
170165504
170165505
170165506
170165507
170165508
170165509
170165510
170165511
170168001
170168002
170168003
170168004
170168005
170168006
170168007
170168008
170168009
170168010
170168011
170170501
170170502
170170503
170170504
170170505
170170506
170170507
170170508
170170509
170170510
170170511
170173001
170173002
170173003
170173004
170173005
170173006
170173007
170173008
170173009
170173010
170173011
170175501
170175502
170175503
170175504
170175505
170175506
170175507
170175508
170175509
170175510
170175511
170178001
170178002
170178003
170178004
170178005
170178006
170178007
170178008
170178009
170178010
170178011
170180501
170180502
170180503
170180504
170180505
170180506
170180507
170180508
170180509
170180510
170180511
170183001
170183002
170183003
170183004
170183005
170183006
170183007
170183008
170183009
170183010
170183011
170185501
170185502
170185503
170185504
170185505
170185506
170185507
170185508
170185509
170185510
170185511
170188001
170188002
170188003
170188004
170188005
170188006
170188007
170188008
170188009
170188010
170188011
170190501
170190502
170190503
170190504
170190505
170190506
170190507
170190508
170190509
170190510
170190511
170193001
170193002
170193003
170193004
170193005
170193006
170193007
170193008
170193009
170193010
170193011
170195501
170195502
170195503
170195504
170195505
170195506
170195507
170195508
170195509
170195510
170195511
170198001
170198002
170198003
170198004
170198005
170198006
170198007
170198008
170198009
170198010
170198011
170200501
170200502
170200503
170200504
170200505
170200506
170200507
170200508
170200509
170200510
170200511
170203001
170203002
170203003
170203004
170203005
170203006
170203007
170203008
170203009
170203010
170203011
170205501
170205502
170205503
170205504
170205505
170205506
170205507
170205508
170205509
170205510
170205511
170208001
170208002
170208003
170208004
170208005
170208006
170208007
170208008
170208009
170208010
170208011
170210501
170210502
170210503
170210504
170210505
170210506
170210507
170210508
170210509
170210510
170210511
170213001
170213002
170213003
170213004
170213005
170213006
170213007
170213008
170213009
170213010
170213011
170215501
170215502
170215503
170215504
170215505
170215506
170215507
170215508
170215509
170215510
170215511
170218001
170218002
170218003
170218004
170218005
170218006
170218007
170218008
170218009
170218010
170218011
170220501
170220502
170220503
170220504
170220505
170220506
170220507
170220508
170220509
170220510
170220511
170223001
170223002
170223003
170223004
170223005
170223006
170223007
170223008
170223009
170223010
170223011
170225501
170225502
170225503
170225504
170225505
170225506
170225507
170225508
170225509
170225510
170225511
170228001
170228002
170228003
170228004
170228005
170228006
170228007
170228008
170228009
170228010
170228011
170230501
170230502
170230503
170230504
170230505
170230506
170230507
170230508
170230509
170230510
170230511
170233001
170233002
170233003
170233004
170233005
170233006
170233007
170233008
170233009
170233010
170233011
170235501
170235502
170235503
170235504
170235505
170235506
170235507
170235508
170235509
170235510
170235511
170238001
170238002
170238003
170238004
170238005
170238006
170238007
170238008
170238009
170238010
170238011
170240501
170240502
170240503
170240504
170240505
170240506
170240507
170240508
170240509
170240510
170240511
170243001
170243002
170243003
170243004
170243005
170243006
170243007
170243008
170243009
170243010
170243011
170245501
170245502
170245503
170245504
170245505
170245506
170245507
170245508
170245509
170245510
170245511
170248001
170248002
170248003
170248004
170248005
170248006
170248007
170248008
170248009
170248010
170248011
170250501
170250502
170250503
170250504
170250505
170250506
170250507
170250508
170250509
170250510
170250511
170253001
170253002
170253003
170253004
170253005
170253006
170253007
170253008
170253009
170253010
170253011
170255501
170255502
170255503
170255504
170255505
170255506
170255507
170255508
170255509
170255510
170255511
170258001
170258002
170258003
170258004
170258005
170258006
170258007
170258008
170258009
170258010
170258011
170260501
170260502
170260503
170260504
170260505
170260506
170260507
170260508
170260509
170260510
170260511
170263001
170263002
170263003
170263004
170263005
170263006
170263007
170263008
170263009
170263010
170263011
170265501
170265502
170265503
170265504
170265505
170265506
170265507
170265508
170265509
170265510
170265511
170268001
170268002
170268003
170268004
170268005
170268006
170268007
170268008
170268009
170268010
170268011
170270501
170270502
170270503
170270504
170270505
170270506
170270507
170270508
170270509
170270510
170270511
170273001
170273002
170273003
170273004
170273005
170273006
170273007
170273008
170273009
170273010
170273011
170275501
170275502
170275503
170275504
170275505
170275506
170275507
170275508
170275509
170275510
170275511
170278001
170278002
170278003
170278004
170278005
170278006
170278007
170278008
170278009
170278010
170278011
170280501
170280502
170280503
170280504
170280505
170280506
170280507
170280508
170280509
170280510
170280511
170283001
170283002
170283003
170283004
170283005
170283006
170283007
170283008
170283009
170283010
170283011
180073001
180073002
180073003
180073004
180073005
180073006
180073007
180073008
180073009
180073010
180073011
180075501
180075502
180075503
180075504
180075505
180075506
180075507
180075508
180075509
180075510
180075511
180078001
180078002
180078003
180078004
180078005
180078006
180078007
180078008
180078009
180078010
180078011
180080501
180080502
180080503
180080504
180080505
180080506
180080507
180080508
180080509
180080510
180080511
180083001
180083002
180083003
180083004
180083005
180083006
180083007
180083008
180083009
180083010
180083011
180085501
180085502
180085503
180085504
180085505
180085506
180085507
180085508
180085509
180085510
180085511
180088001
180088002
180088003
180088004
180088005
180088006
180088007
180088008
180088009
180088010
180088011
180090501
180090502
180090503
180090504
180090505
180090506
180090507
180090508
180090509
180090510
180090511
180105501
180105502
180105503
180105504
180105505
180105506
180105507
180105508
180105509
180105510
180105511
180108001
180108002
180108003
180108004
180108005
180108006
180108007
180108008
180108009
180108010
180108011
180110501
180110502
180110503
180110504
180110505
180110506
180110507
180110508
180110509
180110510
180110511
180113001
180113002
180113003
180113004
180113005
180113006
180113007
180113008
180113009
180113010
180113011
180115501
180115502
180115503
180115504
180115505
180115506
180115507
180115508
180115509
180115510
180115511
180118001
180118002
180118003
180118004
180118005
180118006
180118007
180118008
180118009
180118010
180118011
180120501
180120502
180120503
180120504
180120505
180120506
180120507
180120508
180120509
180120510
180120511
180123001
180123002
180123003
180123004
180123005
180123006
180123007
180123008
180123009
180123010
180123011
190078001
190078002
190078003
190078004
190078005
190078006
190078007
190078008
190078009
190078010
190078011
190080501
190080502
190080503
190080504
190080505
190080506
190080507
190080508
190080509
190080510
190080511
190083001
190083002
190083003
190083004
190083005
190083006
190083007
190083008
190083009
190083010
190083011
190085501
190085502
190085503
190085504
190085505
190085506
190085507
190085508
190085509
190085510
190085511
190088001
190088002
190088003
190088004
190088005
190088006
190088007
190088008
190088009
190088010
190088011
190090501
190090502
190090503
190090504
190090505
190090506
190090507
190090508
190090509
190090510
190090511
190095501
190095502
190095503
190095504
190095505
190095506
190095507
190095508
190095509
190095510
190095511
190098001
190098002
190098003
190098004
190098005
190098006
190098007
190098008
190098009
190098010
190098011
190100501
190100502
190100503
190100504
190100505
190100506
190100507
190100508
190100509
190100510
190100511
190103001
190103002
190103003
190103004
190103005
190103006
190103007
190103008
190103009
190103010
190103011
190105501
190105502
190105503
190105504
190105505
190105506
190105507
190105508
190105509
190105510
190105511
190108001
190108002
190108003
190108004
190108005
190108006
190108007
190108008
190108009
190108010
190108011
190110501
190110502
190110503
190110504
190110505
190110506
190110507
190110508
190110509
190110510
190110511
190163001
190163002
190163003
190163004
190163005
190163006
190163007
190163008
190163009
190163010
190163011
190165501
190165502
190165503
190165504
190165505
190165506
190165507
190165508
190165509
190165510
190165511
190168001
190168002
190168003
190168004
190168005
190168006
190168007
190168008
190168009
190168010
190168011
190170501
190170502
190170503
190170504
190170505
190170506
190170507
190170508
190170509
190170510
190170511
190173001
190173002
190173003
190173004
190173005
190173006
190173007
190173008
190173009
190173010
190173011
190175501
190175502
190175503
190175504
190175505
190175506
190175507
190175508
190175509
190175510
190175511
190180501
190180502
190180503
190180504
190180505
190180506
190180507
190180508
190180509
190180510
190180511
190183001
190183002
190183003
190183004
190183005
190183006
190183007
190183008
190183009
190183010
190183011
190185501
190185502
190185503
190185504
190185505
190185506
190185507
190185508
190185509
190185510
190185511
190188001
190188002
190188003
190188004
190188005
190188006
190188007
190188008
190188009
190188010
190188011
190190501
190190502
190190503
190190504
190190505
190190506
190190507
190190508
190190509
190190510
190190511
190193001
190193002
190193003
190193004
190193005
190193006
190193007
190193008
190193009
190193010
190193011
190195501
190195502
190195503
190195504
190195505
190195506
190195507
190195508
190195509
190195510
190195511
190198001
190198002
190198003
190198004
190198005
190198006
190198007
190198008
190198009
190198010
190198011
190200501
190200502
190200503
190200504
190200505
190200506
190200507
190200508
190200509
190200510
190200511
190203001
190203002
190203003
190203004
190203005
190203006
190203007
190203008
190203009
190203010
190203011
190205501
190205502
190205503
190205504
190205505
190205506
190205507
190205508
190205509
190205510
190205511
190208001
190208002
190208003
190208004
190208005
190208006
190208007
190208008
190208009
190208010
190208011
190210501
190210502
190210503
190210504
190210505
190210506
190210507
190210508
190210509
190210510
190210511
190213001
190213002
190213003
190213004
190213005
190213006
190213007
190213008
190213009
190213010
190213011
190215501
190215502
190215503
190215504
190215505
190215506
190215507
190215508
190215509
190215510
190215511
190248001
190248002
190248003
190248004
190248005
190248006
190248007
190248008
190248009
190248010
190248011
190250501
190250502
190250503
190250504
190250505
190250506
190250507
190250508
190250509
190250510
190250511
190253001
190253002
190253003
190253004
190253005
190253006
190253007
190253008
190253009
190253010
190253011
190255501
190255502
190255503
190255504
190255505
190255506
190255507
190255508
190255509
190255510
190255511
190258001
190258002
190258003
190258004
190258005
190258006
190258007
190258008
190258009
190258010
190258011
190260501
190260502
190260503
190260504
190260505
190260506
190260507
190260508
190260509
190260510
190260511
190265501
190265502
190265503
190265504
190265505
190265506
190265507
190265508
190265509
190265510
190265511
190268001
190268002
190268003
190268004
190268005
190268006
190268007
190268008
190268009
190268010
190268011
190270501
190270502
190270503
190270504
190270505
190270506
190270507
190270508
190270509
190270510
190270511
190273001
190273002
190273003
190273004
190273005
190273006
190273007
190273008
190273009
190273010
190273011
190275501
190275502
190275503
190275504
190275505
190275506
190275507
190275508
190275509
190275510
190275511
190278001
190278002
190278003
190278004
190278005
190278006
190278007
190278008
190278009
190278010
190278011
190280501
190280502
190280503
190280504
190280505
190280506
190280507
190280508
190280509
190280510
190280511
190283001
190283002
190283003
190283004
190283005
190283006
190283007
190283008
190283009
190283010
190283011
200158001
200158002
200158003
200158004
200158005
200158006
200158007
200158008
200158009
200158010
200158011
200160501
200160502
200160503
200160504
200160505
200160506
200160507
200160508
200160509
200160510
200160511
200163001
200163002
200163003
200163004
200163005
200163006
200163007
200163008
200163009
200163010
200163011
200165501
200165502
200165503
200165504
200165505
200165506
200165507
200165508
200165509
200165510
200165511
200168001
200168002
200168003
200168004
200168005
200168006
200168007
200168008
200168009
200168010
200168011
200170501
200170502
200170503
200170504
200170505
200170506
200170507
200170508
200170509
200170510
200170511
200173001
200173002
200173003
200173004
200173005
200173006
200173007
200173008
200173009
200173010
200173011
200175501
200175502
200175503
200175504
200175505
200175506
200175507
200175508
200175509
200175510
200175511
200178001
200178002
200178003
200178004
200178005
200178006
200178007
200178008
200178009
200178010
200178011
200180501
200180502
200180503
200180504
200180505
200180506
200180507
200180508
200180509
200180510
200180511
200183001
200183002
200183003
200183004
200183005
200183006
200183007
200183008
200183009
200183010
200183011
200185501
200185502
200185503
200185504
200185505
200185506
200185507
200185508
200185509
200185510
200185511
200255501
200255502
200255503
200255504
200255505
200255506
200255507
200255508
200255509
200255510
200255511
200258001
200258002
200258003
200258004
200258005
200258006
200258007
200258008
200258009
200258010
200258011
200260501
200260502
200260503
200260504
200260505
200260506
200260507
200260508
200260509
200260510
200260511
200263001
200263002
200263003
200263004
200263005
200263006
200263007
200263008
200263009
200263010
200263011
200265501
200265502
200265503
200265504
200265505
200265506
200265507
200265508
200265509
200265510
200265511
200268001
200268002
200268003
200268004
200268005
200268006
200268007
200268008
200268009
200268010
200268011
200270501
200270502
200270503
200270504
200270505
200270506
200270507
200270508
200270509
200270510
200270511
200273001
200273002
200273003
200273004
200273005
200273006
200273007
200273008
200273009
200273010
200273011
200275501
200275502
200275503
200275504
200275505
200275506
200275507
200275508
200275509
200275510
200275511
200278001
200278002
200278003
200278004
200278005
200278006
200278007
200278008
200278009
200278010
200278011
200280501
200280502
200280503
200280504
200280505
200280506
200280507
200280508
200280509
200280510
200280511
200283001
200283002
200283003
200283004
200283005
200283006
200283007
200283008
200283009
200283010
200283011
