1  1.0712E+00  3.8885E-04  291.953  3.7272E-07 
2  1.0427E+00  3.7850E-04  290.487  3.6760E-07 
3  1.0146E+00  3.6830E-04  289.002  3.6244E-07 
4  9.8687E-01  3.5824E-04  287.497  3.5724E-07 
5  9.5955E-01  3.4832E-04  285.971  3.5202E-07 
6  9.3264E-01  3.3855E-04  284.425  3.4677E-07 
7  9.0612E-01  3.2893E-04  282.858  3.4149E-07 
8  8.8002E-01  3.1945E-04  281.282  3.3619E-07 
9  8.5432E-01  3.1012E-04  279.711  3.3087E-07 
0  8.2903E-01  3.0094E-04  278.119  3.2553E-07 
1  8.0415E-01  2.9191E-04  276.506  3.2018E-07 
2  7.7969E-01  2.8303E-04  274.878  3.1480E-07 
3  7.5563E-01  2.7430E-04  273.254  3.0941E-07 
4  7.3199E-01  2.6572E-04  271.609  3.0401E-07 
5  7.0877E-01  2.5729E-04  269.940  2.9859E-07 
6  6.8596E-01  2.4901E-04  268.258  2.9318E-07 
7  6.6357E-01  2.4088E-04  266.580  2.8776E-07 
8  6.4160E-01  2.3291E-04  264.877  2.8233E-07 
9  6.2005E-01  2.2508E-04  263.150  2.7690E-07 
0  5.9891E-01  2.1741E-04  261.416  2.7148E-07 
1  5.7819E-01  2.0989E-04  259.679  2.6606E-07 
2  5.5789E-01  2.0252E-04  257.915  2.6064E-07 
3  5.3801E-01  1.9530E-04  256.126  2.5522E-07 
4  5.1854E-01  1.8824E-04  254.341  2.4982E-07 
5  4.9950E-01  1.8132E-04  252.540  2.4443E-07 
6  4.8086E-01  1.7456E-04  250.711  2.3904E-07 
7  4.6265E-01  1.6794E-04  248.864  2.3367E-07 
8  4.4484E-01  1.6148E-04  247.021  2.2832E-07 
9  4.2745E-01  1.5517E-04  245.151  2.2298E-07 
0  4.1048E-01  1.4901E-04  243.251  2.1766E-07 
1  3.9391E-01  1.4299E-04  241.355  2.1237E-07 
2  3.7775E-01  1.3713E-04  239.444  2.0710E-07 
3  3.6199E-01  1.3141E-04  237.501  2.0185E-07 
4  3.4664E-01  1.2584E-04  235.543  1.9662E-07 
5  3.3170E-01  1.2041E-04  233.583  1.9143E-07 
6  3.1715E-01  1.1513E-04  231.590  1.8627E-07 
7  3.0300E-01  1.0999E-04  229.575  1.8114E-07 
8  2.8924E-01  1.0500E-04  227.590  1.7604E-07 
9  2.7588E-01  1.0015E-04  225.577  1.7099E-07 
0  2.6291E-01  9.5439E-05  223.529  1.6597E-07 
1  2.5032E-01  9.0870E-05  221.464  1.6100E-07 
2  2.3811E-01  8.6439E-05  219.365  1.5606E-07 
3  2.2629E-01  8.2146E-05  217.324  1.5118E-07 
4  2.1484E-01  7.7986E-05  216.773  1.4634E-07 
5  2.0376E-01  7.3965E-05  216.740  1.4155E-07 
6  1.9305E-01  7.0076E-05  216.707  1.3681E-07 
7  1.8270E-01  6.6320E-05  216.700  1.3213E-07 
8  1.7271E-01  6.2695E-05  216.700  1.2750E-07 
9  1.6308E-01  5.9198E-05  216.700  1.2293E-07 
0  1.5380E-01  5.5829E-05  216.700  1.1841E-07 
1  1.4486E-01  5.2585E-05  216.700  1.1396E-07 
2  1.3627E-01  4.9465E-05  216.700  1.0958E-07 
3  1.2801E-01  4.6466E-05  216.700  1.0525E-07 
4  1.2008E-01  4.3588E-05  216.700  1.0100E-07 
5  1.1248E-01  4.0828E-05  216.700  9.6810E-08 
6  1.0519E-01  3.8185E-05  216.700  9.2695E-08 
7  9.8224E-02  3.5655E-05  216.700  8.8650E-08 
8  9.1565E-02  3.3238E-05  216.700  8.4680E-08 
9  8.5209E-02  3.0931E-05  216.700  8.0788E-08 
0  7.9149E-02  2.8731E-05  216.700  7.6971E-08 
1  7.3381E-02  2.6637E-05  216.700  7.3236E-08 
2  6.7897E-02  2.4647E-05  216.700  6.9581E-08 
3  6.2692E-02  2.2757E-05  216.700  6.6010E-08 
4  5.7759E-02  2.0966E-05  216.700  6.2521E-08 
5  5.3091E-02  1.9272E-05  216.864  5.9120E-08 
6  4.8681E-02  1.7671E-05  217.355  5.5805E-08 
7  4.4523E-02  1.6162E-05  217.900  5.2581E-08 
8  4.0610E-02  1.4741E-05  218.491  4.9444E-08 
9  3.6935E-02  1.3407E-05  219.103  4.6398E-08 
0  3.3491E-02  1.2157E-05  219.737  4.3447E-08 
1  3.0270E-02  1.0988E-05  220.393  4.0590E-08 
2  2.7265E-02  9.8968E-06  221.073  3.7827E-08 
3  2.4468E-02  8.8818E-06  221.771  3.5160E-08 
4  2.1874E-02  7.9399E-06  222.480  3.2590E-08 
5  1.9472E-02  7.0683E-06  223.214  3.0118E-08 
6  1.7258E-02  6.2642E-06  223.980  2.7744E-08 
7  1.5221E-02  5.5250E-06  224.809  2.5470E-08 
8  1.3355E-02  4.8478E-06  225.679  2.3295E-08 
9  1.1653E-02  4.2298E-06  226.636  2.1221E-08 
0  1.0106E-02  3.6682E-06  227.853  1.9247E-08 
1  8.7062E-03  3.1601E-06  229.151  1.7376E-08 
2  7.4463E-03  2.7025E-06  231.163  1.5605E-08 
3  6.3183E-03  2.2931E-06  234.362  1.3936E-08 
4  5.3144E-03  1.9287E-06  237.751  1.2366E-08 
5  4.4268E-03  1.6065E-06  241.343  1.0900E-08 
6  3.6478E-03  1.3238E-06  245.224  9.5319E-09 
7  2.9697E-03  1.0777E-06  249.409  8.2648E-09 
8  2.3848E-03  8.6537E-07  253.939  7.0964E-09 
9  1.8855E-03  6.8414E-07  258.858  6.0268E-09 
0  1.4643E-03  5.3128E-07  264.213  5.0535E-09 
1  1.1139E-03  4.0418E-07  269.429  4.1739E-09 
2  8.2691E-04  3.0020E-07  270.402  3.3906E-09 
3  5.9637E-04  2.1660E-07  266.409  2.6960E-09 
4  4.1528E-04  1.5087E-07  260.486  2.0927E-09 
5  2.7690E-04  1.0064E-07  252.316  1.5743E-09 
6  1.7480E-04  6.3555E-08  243.031  1.1383E-09 
7  1.0271E-04  3.7367E-08  232.752  7.8367E-10 
8  5.4715E-05  1.9921E-08  221.308  5.0268E-10 
9  2.5319E-05  9.2217E-09  209.975  2.9147E-10 
0  9.3681E-06  3.3885E-09  198.141  1.4399E-10 
