0100605011 
0100605021 
0100605031 
0100605041 
0100605051 
0100605061 
0100605071 
0100605081 
0100605091 
0100605101 
0100605111 
0100605012 
0100605022 
0100605032 
0100605042 
0100605052 
0100605062 
0100605072 
0100605082 
0100605092 
0100605102 
0100605112 
0100605013 
0100605023 
0100605033 
0100605043 
0100605053 
0100605063 
0100605073 
0100605083 
0100605093 
0100605103 
0100605113 
0100605014 
0100605024 
0100605034 
0100605044 
0100605054 
0100605064 
0100605074 
0100605084 
0100605094 
0100605104 
0100605114 
0100605015 
0100605025 
0100605035 
0100605045 
0100605055 
0100605065 
0100605075 
0100605085 
0100605095 
0100605105 
0100605115 
