01030.001
01030.002
01030.003
01030.004
01030.005
01030.006
01030.007
01030.008
01030.009
01030.010
01030.011
01031.001
01031.002
01031.003
01031.004
01031.005
01031.006
01031.007
01031.008
01031.009
01031.010
01031.011
01032.001
01032.002
01032.003
01032.004
01032.005
01032.006
01032.007
01032.008
01032.009
01032.010
01032.011
01033.001
01033.002
01033.003
01033.004
01033.005
01033.006
01033.007
01033.008
01033.009
01033.010
01033.011
01034.001
01034.002
01034.003
01034.004
01034.005
01034.006
01034.007
01034.008
01034.009
01034.010
01034.011
01035.001
01035.002
01035.003
01035.004
01035.005
01035.006
01035.007
01035.008
01035.009
01035.010
01035.011
01036.001
01036.002
01036.003
01036.004
01036.005
01036.006
01036.007
01036.008
01036.009
01036.010
01036.011
01037.001
01037.002
01037.003
01037.004
01037.005
01037.006
01037.007
01037.008
01037.009
01037.010
01037.011
01038.001
01038.002
01038.003
01038.004
01038.005
01038.006
01038.007
01038.008
01038.009
01038.010
01038.011
01039.001
01039.002
01039.003
01039.004
01039.005
01039.006
01039.007
01039.008
01039.009
01039.010
01039.011
01040.001
01040.002
01040.003
01040.004
01040.005
01040.006
01040.007
01040.008
01040.009
01040.010
01040.011
01041.001
01041.002
01041.003
01041.004
01041.005
01041.006
01041.007
01041.008
01041.009
01041.010
01041.011
01042.001
01042.002
01042.003
01042.004
01042.005
01042.006
01042.007
01042.008
01042.009
01042.010
01042.011
01043.001
01043.002
01043.003
01043.004
01043.005
01043.006
01043.007
01043.008
01043.009
01043.010
01043.011
01044.001
01044.002
01044.003
01044.004
01044.005
01044.006
01044.007
01044.008
01044.009
01044.010
01044.011
01045.001
01045.002
01045.003
01045.004
01045.005
01045.006
01045.007
01045.008
01045.009
01045.010
01045.011
01046.001
01046.002
01046.003
01046.004
01046.005
01046.006
01046.007
01046.008
01046.009
01046.010
01046.011
01047.001
01047.002
01047.003
01047.004
01047.005
01047.006
01047.007
01047.008
01047.009
01047.010
01047.011
01048.001
01048.002
01048.003
01048.004
01048.005
01048.006
01048.007
01048.008
01048.009
01048.010
01048.011
01049.001
01049.002
01049.003
01049.004
01049.005
01049.006
01049.007
01049.008
01049.009
01049.010
01049.011
