02050.001
02050.002
02050.003
02050.004
02050.005
02050.006
02050.007
02050.008
02050.009
02050.010
02050.011
02051.501
02051.502
02051.503
02051.504
02051.505
02051.506
02051.507
02051.508
02051.509
02051.510
02051.511
02053.001
02053.002
02053.003
02053.004
02053.005
02053.006
02053.007
02053.008
02053.009
02053.010
02053.011
02054.501
02054.502
02054.503
02054.504
02054.505
02054.506
02054.507
02054.508
02054.509
02054.510
02054.511
02056.001
02056.002
02056.003
02056.004
02056.005
02056.006
02056.007
02056.008
02056.009
02056.010
02056.011
02057.501
02057.502
02057.503
02057.504
02057.505
02057.506
02057.507
02057.508
02057.509
02057.510
02057.511
02059.001
02059.002
02059.003
02059.004
02059.005
02059.006
02059.007
02059.008
02059.009
02059.010
02059.011
02060.501
02060.502
02060.503
02060.504
02060.505
02060.506
02060.507
02060.508
02060.509
02060.510
02060.511
02062.001
02062.002
02062.003
02062.004
02062.005
02062.006
02062.007
02062.008
02062.009
02062.010
02062.011
02063.501
02063.502
02063.503
02063.504
02063.505
02063.506
02063.507
02063.508
02063.509
02063.510
02063.511
02065.001
02065.002
02065.003
02065.004
02065.005
02065.006
02065.007
02065.008
02065.009
02065.010
02065.011
02066.501
02066.502
02066.503
02066.504
02066.505
02066.506
02066.507
02066.508
02066.509
02066.510
02066.511
02068.001
02068.002
02068.003
02068.004
02068.005
02068.006
02068.007
02068.008
02068.009
02068.010
02068.011
02069.501
02069.502
02069.503
02069.504
02069.505
02069.506
02069.507
02069.508
02069.509
02069.510
02069.511
02071.001
02071.002
02071.003
02071.004
02071.005
02071.006
02071.007
02071.008
02071.009
02071.010
02071.011
02072.501
02072.502
02072.503
02072.504
02072.505
02072.506
02072.507
02072.508
02072.509
02072.510
02072.511
02074.001
02074.002
02074.003
02074.004
02074.005
02074.006
02074.007
02074.008
02074.009
02074.010
02074.011
02075.501
02075.502
02075.503
02075.504
02075.505
02075.506
02075.507
02075.508
02075.509
02075.510
02075.511
02077.001
02077.002
02077.003
02077.004
02077.005
02077.006
02077.007
02077.008
02077.009
02077.010
02077.011
02078.501
02078.502
02078.503
02078.504
02078.505
02078.506
02078.507
02078.508
02078.509
02078.510
02078.511
03050.001
03050.002
03050.003
03050.004
03050.005
03050.006
03050.007
03050.008
03050.009
03050.010
03050.011
03051.501
03051.502
03051.503
03051.504
03051.505
03051.506
03051.507
03051.508
03051.509
03051.510
03051.511
03053.001
03053.002
03053.003
03053.004
03053.005
03053.006
03053.007
03053.008
03053.009
03053.010
03053.011
03054.501
03054.502
03054.503
03054.504
03054.505
03054.506
03054.507
03054.508
03054.509
03054.510
03054.511
03056.001
03056.002
03056.003
03056.004
03056.005
03056.006
03056.007
03056.008
03056.009
03056.010
03056.011
03057.501
03057.502
03057.503
03057.504
03057.505
03057.506
03057.507
03057.508
03057.509
03057.510
03057.511
03059.001
03059.002
03059.003
03059.004
03059.005
03059.006
03059.007
03059.008
03059.009
03059.010
03059.011
03060.501
03060.502
03060.503
03060.504
03060.505
03060.506
03060.507
03060.508
03060.509
03060.510
03060.511
03062.001
03062.002
03062.003
03062.004
03062.005
03062.006
03062.007
03062.008
03062.009
03062.010
03062.011
03063.501
03063.502
03063.503
03063.504
03063.505
03063.506
03063.507
03063.508
03063.509
03063.510
03063.511
03065.001
03065.002
03065.003
03065.004
03065.005
03065.006
03065.007
03065.008
03065.009
03065.010
03065.011
03066.501
03066.502
03066.503
03066.504
03066.505
03066.506
03066.507
03066.508
03066.509
03066.510
03066.511
03068.001
03068.002
03068.003
03068.004
03068.005
03068.006
03068.007
03068.008
03068.009
03068.010
03068.011
03069.501
03069.502
03069.503
03069.504
03069.505
03069.506
03069.507
03069.508
03069.509
03069.510
03069.511
03071.001
03071.002
03071.003
03071.004
03071.005
03071.006
03071.007
03071.008
03071.009
03071.010
03071.011
03072.501
03072.502
03072.503
03072.504
03072.505
03072.506
03072.507
03072.508
03072.509
03072.510
03072.511
03074.001
03074.002
03074.003
03074.004
03074.005
03074.006
03074.007
03074.008
03074.009
03074.010
03074.011
03075.501
03075.502
03075.503
03075.504
03075.505
03075.506
03075.507
03075.508
03075.509
03075.510
03075.511
03077.001
03077.002
03077.003
03077.004
03077.005
03077.006
03077.007
03077.008
03077.009
03077.010
03077.011
03078.501
03078.502
03078.503
03078.504
03078.505
03078.506
03078.507
03078.508
03078.509
03078.510
03078.511
04050.001
04050.002
04050.003
04050.004
04050.005
04050.006
04050.007
04050.008
04050.009
04050.010
04050.011
04051.501
04051.502
04051.503
04051.504
04051.505
04051.506
04051.507
04051.508
04051.509
04051.510
04051.511
04053.001
04053.002
04053.003
04053.004
04053.005
04053.006
04053.007
04053.008
04053.009
04053.010
04053.011
04054.501
04054.502
04054.503
04054.504
04054.505
04054.506
04054.507
04054.508
04054.509
04054.510
04054.511
04056.001
04056.002
04056.003
04056.004
04056.005
04056.006
04056.007
04056.008
04056.009
04056.010
04056.011
04057.501
04057.502
04057.503
04057.504
04057.505
04057.506
04057.507
04057.508
04057.509
04057.510
04057.511
04059.001
04059.002
04059.003
04059.004
04059.005
04059.006
04059.007
04059.008
04059.009
04059.010
04059.011
04060.501
04060.502
04060.503
04060.504
04060.505
04060.506
04060.507
04060.508
04060.509
04060.510
04060.511
04062.001
04062.002
04062.003
04062.004
04062.005
04062.006
04062.007
04062.008
04062.009
04062.010
04062.011
04063.501
04063.502
04063.503
04063.504
04063.505
04063.506
04063.507
04063.508
04063.509
04063.510
04063.511
04065.001
04065.002
04065.003
04065.004
04065.005
04065.006
04065.007
04065.008
04065.009
04065.010
04065.011
04066.501
04066.502
04066.503
04066.504
04066.505
04066.506
04066.507
04066.508
04066.509
04066.510
04066.511
04068.001
04068.002
04068.003
04068.004
04068.005
04068.006
04068.007
04068.008
04068.009
04068.010
04068.011
04069.501
04069.502
04069.503
04069.504
04069.505
04069.506
04069.507
04069.508
04069.509
04069.510
04069.511
05050.001
05050.002
05050.003
05050.004
05050.005
05050.006
05050.007
05050.008
05050.009
05050.010
05050.011
05051.501
05051.502
05051.503
05051.504
05051.505
05051.506
05051.507
05051.508
05051.509
05051.510
05051.511
05053.001
05053.002
05053.003
05053.004
05053.005
05053.006
05053.007
05053.008
05053.009
05053.010
05053.011
05054.501
05054.502
05054.503
05054.504
05054.505
05054.506
05054.507
05054.508
05054.509
05054.510
05054.511
05056.001
05056.002
05056.003
05056.004
05056.005
05056.006
05056.007
05056.008
05056.009
05056.010
05056.011
05057.501
05057.502
05057.503
05057.504
05057.505
05057.506
05057.507
05057.508
05057.509
05057.510
05057.511
05059.001
05059.002
05059.003
05059.004
05059.005
05059.006
05059.007
05059.008
05059.009
05059.010
05059.011
05060.501
05060.502
05060.503
05060.504
05060.505
05060.506
05060.507
05060.508
05060.509
05060.510
05060.511
05062.001
05062.002
05062.003
05062.004
05062.005
05062.006
05062.007
05062.008
05062.009
05062.010
05062.011
05063.501
05063.502
05063.503
05063.504
05063.505
05063.506
05063.507
05063.508
05063.509
05063.510
05063.511
05065.001
05065.002
05065.003
05065.004
05065.005
05065.006
05065.007
05065.008
05065.009
05065.010
05065.011
05066.501
05066.502
05066.503
05066.504
05066.505
05066.506
05066.507
05066.508
05066.509
05066.510
05066.511
05068.001
05068.002
05068.003
05068.004
05068.005
05068.006
05068.007
05068.008
05068.009
05068.010
05068.011
05069.501
05069.502
05069.503
05069.504
05069.505
05069.506
05069.507
05069.508
05069.509
05069.510
05069.511
05071.001
05071.002
05071.003
05071.004
05071.005
05071.006
05071.007
05071.008
05071.009
05071.010
05071.011
05072.501
05072.502
05072.503
05072.504
05072.505
05072.506
05072.507
05072.508
05072.509
05072.510
05072.511
05074.001
05074.002
05074.003
05074.004
05074.005
05074.006
05074.007
05074.008
05074.009
05074.010
05074.011
05075.501
05075.502
05075.503
05075.504
05075.505
05075.506
05075.507
05075.508
05075.509
05075.510
05075.511
05077.001
05077.002
05077.003
05077.004
05077.005
05077.006
05077.007
05077.008
05077.009
05077.010
05077.011
05078.501
05078.502
05078.503
05078.504
05078.505
05078.506
05078.507
05078.508
05078.509
05078.510
05078.511
06050.001
06050.002
06050.003
06050.004
06050.005
06050.006
06050.007
06050.008
06050.009
06050.010
06050.011
06051.501
06051.502
06051.503
06051.504
06051.505
06051.506
06051.507
06051.508
06051.509
06051.510
06051.511
06053.001
06053.002
06053.003
06053.004
06053.005
06053.006
06053.007
06053.008
06053.009
06053.010
06053.011
06054.501
06054.502
06054.503
06054.504
06054.505
06054.506
06054.507
06054.508
06054.509
06054.510
06054.511
06056.001
06056.002
06056.003
06056.004
06056.005
06056.006
06056.007
06056.008
06056.009
06056.010
06056.011
06057.501
06057.502
06057.503
06057.504
06057.505
06057.506
06057.507
06057.508
06057.509
06057.510
06057.511
06059.001
06059.002
06059.003
06059.004
06059.005
06059.006
06059.007
06059.008
06059.009
06059.010
06059.011
06060.501
06060.502
06060.503
06060.504
06060.505
06060.506
06060.507
06060.508
06060.509
06060.510
06060.511
06062.001
06062.002
06062.003
06062.004
06062.005
06062.006
06062.007
06062.008
06062.009
06062.010
06062.011
06063.501
06063.502
06063.503
06063.504
06063.505
06063.506
06063.507
06063.508
06063.509
06063.510
06063.511
06065.001
06065.002
06065.003
06065.004
06065.005
06065.006
06065.007
06065.008
06065.009
06065.010
06065.011
06066.501
06066.502
06066.503
06066.504
06066.505
06066.506
06066.507
06066.508
06066.509
06066.510
06066.511
06068.001
06068.002
06068.003
06068.004
06068.005
06068.006
06068.007
06068.008
06068.009
06068.010
06068.011
06069.501
06069.502
06069.503
06069.504
06069.505
06069.506
06069.507
06069.508
06069.509
06069.510
06069.511
06071.001
06071.002
06071.003
06071.004
06071.005
06071.006
06071.007
06071.008
06071.009
06071.010
06071.011
06072.501
06072.502
06072.503
06072.504
06072.505
06072.506
06072.507
06072.508
06072.509
06072.510
06072.511
06074.001
06074.002
06074.003
06074.004
06074.005
06074.006
06074.007
06074.008
06074.009
06074.010
06074.011
06075.501
06075.502
06075.503
06075.504
06075.505
06075.506
06075.507
06075.508
06075.509
06075.510
06075.511
06077.001
06077.002
06077.003
06077.004
06077.005
06077.006
06077.007
06077.008
06077.009
06077.010
06077.011
06078.501
06078.502
06078.503
06078.504
06078.505
06078.506
06078.507
06078.508
06078.509
06078.510
06078.511
07050.001
07050.002
07050.003
07050.004
07050.005
07050.006
07050.007
07050.008
07050.009
07050.010
07050.011
07051.501
07051.502
07051.503
07051.504
07051.505
07051.506
07051.507
07051.508
07051.509
07051.510
07051.511
07053.001
07053.002
07053.003
07053.004
07053.005
07053.006
07053.007
07053.008
07053.009
07053.010
07053.011
07054.501
07054.502
07054.503
07054.504
07054.505
07054.506
07054.507
07054.508
07054.509
07054.510
07054.511
07056.001
07056.002
07056.003
07056.004
07056.005
07056.006
07056.007
07056.008
07056.009
07056.010
07056.011
07057.501
07057.502
07057.503
07057.504
07057.505
07057.506
07057.507
07057.508
07057.509
07057.510
07057.511
07059.001
07059.002
07059.003
07059.004
07059.005
07059.006
07059.007
07059.008
07059.009
07059.010
07059.011
07060.501
07060.502
07060.503
07060.504
07060.505
07060.506
07060.507
07060.508
07060.509
07060.510
07060.511
07062.001
07062.002
07062.003
07062.004
07062.005
07062.006
07062.007
07062.008
07062.009
07062.010
07062.011
07063.501
07063.502
07063.503
07063.504
07063.505
07063.506
07063.507
07063.508
07063.509
07063.510
07063.511
07065.001
07065.002
07065.003
07065.004
07065.005
07065.006
07065.007
07065.008
07065.009
07065.010
07065.011
07066.501
07066.502
07066.503
07066.504
07066.505
07066.506
07066.507
07066.508
07066.509
07066.510
07066.511
07068.001
07068.002
07068.003
07068.004
07068.005
07068.006
07068.007
07068.008
07068.009
07068.010
07068.011
07069.501
07069.502
07069.503
07069.504
07069.505
07069.506
07069.507
07069.508
07069.509
07069.510
07069.511
07071.001
07071.002
07071.003
07071.004
07071.005
07071.006
07071.007
07071.008
07071.009
07071.010
07071.011
07072.501
07072.502
07072.503
07072.504
07072.505
07072.506
07072.507
07072.508
07072.509
07072.510
07072.511
07074.001
07074.002
07074.003
07074.004
07074.005
07074.006
07074.007
07074.008
07074.009
07074.010
07074.011
07075.501
07075.502
07075.503
07075.504
07075.505
07075.506
07075.507
07075.508
07075.509
07075.510
07075.511
07077.001
07077.002
07077.003
07077.004
07077.005
07077.006
07077.007
07077.008
07077.009
07077.010
07077.011
07078.501
07078.502
07078.503
07078.504
07078.505
07078.506
07078.507
07078.508
07078.509
07078.510
07078.511
08050.001
08050.002
08050.003
08050.004
08050.005
08050.006
08050.007
08050.008
08050.009
08050.010
08050.011
08051.501
08051.502
08051.503
08051.504
08051.505
08051.506
08051.507
08051.508
08051.509
08051.510
08051.511
08053.001
08053.002
08053.003
08053.004
08053.005
08053.006
08053.007
08053.008
08053.009
08053.010
08053.011
08054.501
08054.502
08054.503
08054.504
08054.505
08054.506
08054.507
08054.508
08054.509
08054.510
08054.511
08056.001
08056.002
08056.003
08056.004
08056.005
08056.006
08056.007
08056.008
08056.009
08056.010
08056.011
08057.501
08057.502
08057.503
08057.504
08057.505
08057.506
08057.507
08057.508
08057.509
08057.510
08057.511
08059.001
08059.002
08059.003
08059.004
08059.005
08059.006
08059.007
08059.008
08059.009
08059.010
08059.011
08060.501
08060.502
08060.503
08060.504
08060.505
08060.506
08060.507
08060.508
08060.509
08060.510
08060.511
08062.001
08062.002
08062.003
08062.004
08062.005
08062.006
08062.007
08062.008
08062.009
08062.010
08062.011
08063.501
08063.502
08063.503
08063.504
08063.505
08063.506
08063.507
08063.508
08063.509
08063.510
08063.511
08065.001
08065.002
08065.003
08065.004
08065.005
08065.006
08065.007
08065.008
08065.009
08065.010
08065.011
08066.501
08066.502
08066.503
08066.504
08066.505
08066.506
08066.507
08066.508
08066.509
08066.510
08066.511
08068.001
08068.002
08068.003
08068.004
08068.005
08068.006
08068.007
08068.008
08068.009
08068.010
08068.011
08069.501
08069.502
08069.503
08069.504
08069.505
08069.506
08069.507
08069.508
08069.509
08069.510
08069.511
08071.001
08071.002
08071.003
08071.004
08071.005
08071.006
08071.007
08071.008
08071.009
08071.010
08071.011
08072.501
08072.502
08072.503
08072.504
08072.505
08072.506
08072.507
08072.508
08072.509
08072.510
08072.511
08074.001
08074.002
08074.003
08074.004
08074.005
08074.006
08074.007
08074.008
08074.009
08074.010
08074.011
08075.501
08075.502
08075.503
08075.504
08075.505
08075.506
08075.507
08075.508
08075.509
08075.510
08075.511
08077.001
08077.002
08077.003
08077.004
08077.005
08077.006
08077.007
08077.008
08077.009
08077.010
08077.011
08078.501
08078.502
08078.503
08078.504
08078.505
08078.506
08078.507
08078.508
08078.509
08078.510
08078.511
09050.001
09050.002
09050.003
09050.004
09050.005
09050.006
09050.007
09050.008
09050.009
09050.010
09050.011
09051.501
09051.502
09051.503
09051.504
09051.505
09051.506
09051.507
09051.508
09051.509
09051.510
09051.511
09053.001
09053.002
09053.003
09053.004
09053.005
09053.006
09053.007
09053.008
09053.009
09053.010
09053.011
09054.501
09054.502
09054.503
09054.504
09054.505
09054.506
09054.507
09054.508
09054.509
09054.510
09054.511
09056.001
09056.002
09056.003
09056.004
09056.005
09056.006
09056.007
09056.008
09056.009
09056.010
09056.011
09057.501
09057.502
09057.503
09057.504
09057.505
09057.506
09057.507
09057.508
09057.509
09057.510
09057.511
09059.001
09059.002
09059.003
09059.004
09059.005
09059.006
09059.007
09059.008
09059.009
09059.010
09059.011
09060.501
09060.502
09060.503
09060.504
09060.505
09060.506
09060.507
09060.508
09060.509
09060.510
09060.511
09062.001
09062.002
09062.003
09062.004
09062.005
09062.006
09062.007
09062.008
09062.009
09062.010
09062.011
09063.501
09063.502
09063.503
09063.504
09063.505
09063.506
09063.507
09063.508
09063.509
09063.510
09063.511
09065.001
09065.002
09065.003
09065.004
09065.005
09065.006
09065.007
09065.008
09065.009
09065.010
09065.011
09066.501
09066.502
09066.503
09066.504
09066.505
09066.506
09066.507
09066.508
09066.509
09066.510
09066.511
09068.001
09068.002
09068.003
09068.004
09068.005
09068.006
09068.007
09068.008
09068.009
09068.010
09068.011
09069.501
09069.502
09069.503
09069.504
09069.505
09069.506
09069.507
09069.508
09069.509
09069.510
09069.511
09071.001
09071.002
09071.003
09071.004
09071.005
09071.006
09071.007
09071.008
09071.009
09071.010
09071.011
09072.501
09072.502
09072.503
09072.504
09072.505
09072.506
09072.507
09072.508
09072.509
09072.510
09072.511
09074.001
09074.002
09074.003
09074.004
09074.005
09074.006
09074.007
09074.008
09074.009
09074.010
09074.011
09075.501
09075.502
09075.503
09075.504
09075.505
09075.506
09075.507
09075.508
09075.509
09075.510
09075.511
09077.001
09077.002
09077.003
09077.004
09077.005
09077.006
09077.007
09077.008
09077.009
09077.010
09077.011
09078.501
09078.502
09078.503
09078.504
09078.505
09078.506
09078.507
09078.508
09078.509
09078.510
09078.511
10050.001
10050.002
10050.003
10050.004
10050.005
10050.006
10050.007
10050.008
10050.009
10050.010
10050.011
10051.501
10051.502
10051.503
10051.504
10051.505
10051.506
10051.507
10051.508
10051.509
10051.510
10051.511
10053.001
10053.002
10053.003
10053.004
10053.005
10053.006
10053.007
10053.008
10053.009
10053.010
10053.011
10054.501
10054.502
10054.503
10054.504
10054.505
10054.506
10054.507
10054.508
10054.509
10054.510
10054.511
10056.001
10056.002
10056.003
10056.004
10056.005
10056.006
10056.007
10056.008
10056.009
10056.010
10056.011
10057.501
10057.502
10057.503
10057.504
10057.505
10057.506
10057.507
10057.508
10057.509
10057.510
10057.511
10059.001
10059.002
10059.003
10059.004
10059.005
10059.006
10059.007
10059.008
10059.009
10059.010
10059.011
10060.501
10060.502
10060.503
10060.504
10060.505
10060.506
10060.507
10060.508
10060.509
10060.510
10060.511
10062.001
10062.002
10062.003
10062.004
10062.005
10062.006
10062.007
10062.008
10062.009
10062.010
10062.011
10063.501
10063.502
10063.503
10063.504
10063.505
10063.506
10063.507
10063.508
10063.509
10063.510
10063.511
10065.001
10065.002
10065.003
10065.004
10065.005
10065.006
10065.007
10065.008
10065.009
10065.010
10065.011
10066.501
10066.502
10066.503
10066.504
10066.505
10066.506
10066.507
10066.508
10066.509
10066.510
10066.511
10068.001
10068.002
10068.003
10068.004
10068.005
10068.006
10068.007
10068.008
10068.009
10068.010
10068.011
10069.501
10069.502
10069.503
10069.504
10069.505
10069.506
10069.507
10069.508
10069.509
10069.510
10069.511
10071.001
10071.002
10071.003
10071.004
10071.005
10071.006
10071.007
10071.008
10071.009
10071.010
10071.011
10072.501
10072.502
10072.503
10072.504
10072.505
10072.506
10072.507
10072.508
10072.509
10072.510
10072.511
10074.001
10074.002
10074.003
10074.004
10074.005
10074.006
10074.007
10074.008
10074.009
10074.010
10074.011
10075.501
10075.502
10075.503
10075.504
10075.505
10075.506
10075.507
10075.508
10075.509
10075.510
10075.511
10077.001
10077.002
10077.003
10077.004
10077.005
10077.006
10077.007
10077.008
10077.009
10077.010
10077.011
10078.501
10078.502
10078.503
10078.504
10078.505
10078.506
10078.507
10078.508
10078.509
10078.510
10078.511
11050.001
11050.002
11050.003
11050.004
11050.005
11050.006
11050.007
11050.008
11050.009
11050.010
11050.011
11051.501
11051.502
11051.503
11051.504
11051.505
11051.506
11051.507
11051.508
11051.509
11051.510
11051.511
11053.001
11053.002
11053.003
11053.004
11053.005
11053.006
11053.007
11053.008
11053.009
11053.010
11053.011
11054.501
11054.502
11054.503
11054.504
11054.505
11054.506
11054.507
11054.508
11054.509
11054.510
11054.511
11056.001
11056.002
11056.003
11056.004
11056.005
11056.006
11056.007
11056.008
11056.009
11056.010
11056.011
11057.501
11057.502
11057.503
11057.504
11057.505
11057.506
11057.507
11057.508
11057.509
11057.510
11057.511
11059.001
11059.002
11059.003
11059.004
11059.005
11059.006
11059.007
11059.008
11059.009
11059.010
11059.011
11060.501
11060.502
11060.503
11060.504
11060.505
11060.506
11060.507
11060.508
11060.509
11060.510
11060.511
11062.001
11062.002
11062.003
11062.004
11062.005
11062.006
11062.007
11062.008
11062.009
11062.010
11062.011
11063.501
11063.502
11063.503
11063.504
11063.505
11063.506
11063.507
11063.508
11063.509
11063.510
11063.511
11065.001
11065.002
11065.003
11065.004
11065.005
11065.006
11065.007
11065.008
11065.009
11065.010
11065.011
11066.501
11066.502
11066.503
11066.504
11066.505
11066.506
11066.507
11066.508
11066.509
11066.510
11066.511
11068.001
11068.002
11068.003
11068.004
11068.005
11068.006
11068.007
11068.008
11068.009
11068.010
11068.011
11069.501
11069.502
11069.503
11069.504
11069.505
11069.506
11069.507
11069.508
11069.509
11069.510
11069.511
11071.001
11071.002
11071.003
11071.004
11071.005
11071.006
11071.007
11071.008
11071.009
11071.010
11071.011
11072.501
11072.502
11072.503
11072.504
11072.505
11072.506
11072.507
11072.508
11072.509
11072.510
11072.511
11074.001
11074.002
11074.003
11074.004
11074.005
11074.006
11074.007
11074.008
11074.009
11074.010
11074.011
11075.501
11075.502
11075.503
11075.504
11075.505
11075.506
11075.507
11075.508
11075.509
11075.510
11075.511
11077.001
11077.002
11077.003
11077.004
11077.005
11077.006
11077.007
11077.008
11077.009
11077.010
11077.011
11078.501
11078.502
11078.503
11078.504
11078.505
11078.506
11078.507
11078.508
11078.509
11078.510
11078.511
12050.001
12050.002
12050.003
12050.004
12050.005
12050.006
12050.007
12050.008
12050.009
12050.010
12050.011
12051.501
12051.502
12051.503
12051.504
12051.505
12051.506
12051.507
12051.508
12051.509
12051.510
12051.511
12053.001
12053.002
12053.003
12053.004
12053.005
12053.006
12053.007
12053.008
12053.009
12053.010
12053.011
12054.501
12054.502
12054.503
12054.504
12054.505
12054.506
12054.507
12054.508
12054.509
12054.510
12054.511
12056.001
12056.002
12056.003
12056.004
12056.005
12056.006
12056.007
12056.008
12056.009
12056.010
12056.011
12057.501
12057.502
12057.503
12057.504
12057.505
12057.506
12057.507
12057.508
12057.509
12057.510
12057.511
12059.001
12059.002
12059.003
12059.004
12059.005
12059.006
12059.007
12059.008
12059.009
12059.010
12059.011
12060.501
12060.502
12060.503
12060.504
12060.505
12060.506
12060.507
12060.508
12060.509
12060.510
12060.511
12062.001
12062.002
12062.003
12062.004
12062.005
12062.006
12062.007
12062.008
12062.009
12062.010
12062.011
12063.501
12063.502
12063.503
12063.504
12063.505
12063.506
12063.507
12063.508
12063.509
12063.510
12063.511
12065.001
12065.002
12065.003
12065.004
12065.005
12065.006
12065.007
12065.008
12065.009
12065.010
12065.011
12066.501
12066.502
12066.503
12066.504
12066.505
12066.506
12066.507
12066.508
12066.509
12066.510
12066.511
12068.001
12068.002
12068.003
12068.004
12068.005
12068.006
12068.007
12068.008
12068.009
12068.010
12068.011
12069.501
12069.502
12069.503
12069.504
12069.505
12069.506
12069.507
12069.508
12069.509
12069.510
12069.511
12071.001
12071.002
12071.003
12071.004
12071.005
12071.006
12071.007
12071.008
12071.009
12071.010
12071.011
12072.501
12072.502
12072.503
12072.504
12072.505
12072.506
12072.507
12072.508
12072.509
12072.510
12072.511
12074.001
12074.002
12074.003
12074.004
12074.005
12074.006
12074.007
12074.008
12074.009
12074.010
12074.011
12075.501
12075.502
12075.503
12075.504
12075.505
12075.506
12075.507
12075.508
12075.509
12075.510
12075.511
12077.001
12077.002
12077.003
12077.004
12077.005
12077.006
12077.007
12077.008
12077.009
12077.010
12077.011
12078.501
12078.502
12078.503
12078.504
12078.505
12078.506
12078.507
12078.508
12078.509
12078.510
12078.511
13050.001
13050.002
13050.003
13050.004
13050.005
13050.006
13050.007
13050.008
13050.009
13050.010
13050.011
13051.501
13051.502
13051.503
13051.504
13051.505
13051.506
13051.507
13051.508
13051.509
13051.510
13051.511
13053.001
13053.002
13053.003
13053.004
13053.005
13053.006
13053.007
13053.008
13053.009
13053.010
13053.011
13054.501
13054.502
13054.503
13054.504
13054.505
13054.506
13054.507
13054.508
13054.509
13054.510
13054.511
13056.001
13056.002
13056.003
13056.004
13056.005
13056.006
13056.007
13056.008
13056.009
13056.010
13056.011
13057.501
13057.502
13057.503
13057.504
13057.505
13057.506
13057.507
13057.508
13057.509
13057.510
13057.511
13059.001
13059.002
13059.003
13059.004
13059.005
13059.006
13059.007
13059.008
13059.009
13059.010
13059.011
13060.501
13060.502
13060.503
13060.504
13060.505
13060.506
13060.507
13060.508
13060.509
13060.510
13060.511
13062.001
13062.002
13062.003
13062.004
13062.005
13062.006
13062.007
13062.008
13062.009
13062.010
13062.011
13063.501
13063.502
13063.503
13063.504
13063.505
13063.506
13063.507
13063.508
13063.509
13063.510
13063.511
13065.001
13065.002
13065.003
13065.004
13065.005
13065.006
13065.007
13065.008
13065.009
13065.010
13065.011
13066.501
13066.502
13066.503
13066.504
13066.505
13066.506
13066.507
13066.508
13066.509
13066.510
13066.511
13068.001
13068.002
13068.003
13068.004
13068.005
13068.006
13068.007
13068.008
13068.009
13068.010
13068.011
13069.501
13069.502
13069.503
13069.504
13069.505
13069.506
13069.507
13069.508
13069.509
13069.510
13069.511
13071.001
13071.002
13071.003
13071.004
13071.005
13071.006
13071.007
13071.008
13071.009
13071.010
13071.011
13072.501
13072.502
13072.503
13072.504
13072.505
13072.506
13072.507
13072.508
13072.509
13072.510
13072.511
13074.001
13074.002
13074.003
13074.004
13074.005
13074.006
13074.007
13074.008
13074.009
13074.010
13074.011
13075.501
13075.502
13075.503
13075.504
13075.505
13075.506
13075.507
13075.508
13075.509
13075.510
13075.511
13077.001
13077.002
13077.003
13077.004
13077.005
13077.006
13077.007
13077.008
13077.009
13077.010
13077.011
13078.501
13078.502
13078.503
13078.504
13078.505
13078.506
13078.507
13078.508
13078.509
13078.510
13078.511
14050.001
14050.002
14050.003
14050.004
14050.005
14050.006
14050.007
14050.008
14050.009
14050.010
14050.011
14051.501
14051.502
14051.503
14051.504
14051.505
14051.506
14051.507
14051.508
14051.509
14051.510
14051.511
14053.001
14053.002
14053.003
14053.004
14053.005
14053.006
14053.007
14053.008
14053.009
14053.010
14053.011
14054.501
14054.502
14054.503
14054.504
14054.505
14054.506
14054.507
14054.508
14054.509
14054.510
14054.511
14056.001
14056.002
14056.003
14056.004
14056.005
14056.006
14056.007
14056.008
14056.009
14056.010
14056.011
14057.501
14057.502
14057.503
14057.504
14057.505
14057.506
14057.507
14057.508
14057.509
14057.510
14057.511
14059.001
14059.002
14059.003
14059.004
14059.005
14059.006
14059.007
14059.008
14059.009
14059.010
14059.011
14060.501
14060.502
14060.503
14060.504
14060.505
14060.506
14060.507
14060.508
14060.509
14060.510
14060.511
14062.001
14062.002
14062.003
14062.004
14062.005
14062.006
14062.007
14062.008
14062.009
14062.010
14062.011
14063.501
14063.502
14063.503
14063.504
14063.505
14063.506
14063.507
14063.508
14063.509
14063.510
14063.511
14065.001
14065.002
14065.003
14065.004
14065.005
14065.006
14065.007
14065.008
14065.009
14065.010
14065.011
14066.501
14066.502
14066.503
14066.504
14066.505
14066.506
14066.507
14066.508
14066.509
14066.510
14066.511
14068.001
14068.002
14068.003
14068.004
14068.005
14068.006
14068.007
14068.008
14068.009
14068.010
14068.011
14069.501
14069.502
14069.503
14069.504
14069.505
14069.506
14069.507
14069.508
14069.509
14069.510
14069.511
14071.001
14071.002
14071.003
14071.004
14071.005
14071.006
14071.007
14071.008
14071.009
14071.010
14071.011
14072.501
14072.502
14072.503
14072.504
14072.505
14072.506
14072.507
14072.508
14072.509
14072.510
14072.511
14074.001
14074.002
14074.003
14074.004
14074.005
14074.006
14074.007
14074.008
14074.009
14074.010
14074.011
14075.501
14075.502
14075.503
14075.504
14075.505
14075.506
14075.507
14075.508
14075.509
14075.510
14075.511
14077.001
14077.002
14077.003
14077.004
14077.005
14077.006
14077.007
14077.008
14077.009
14077.010
14077.011
14078.501
14078.502
14078.503
14078.504
14078.505
14078.506
14078.507
14078.508
14078.509
14078.510
14078.511
15050.001
15050.002
15050.003
15050.004
15050.005
15050.006
15050.007
15050.008
15050.009
15050.010
15050.011
15051.501
15051.502
15051.503
15051.504
15051.505
15051.506
15051.507
15051.508
15051.509
15051.510
15051.511
15053.001
15053.002
15053.003
15053.004
15053.005
15053.006
15053.007
15053.008
15053.009
15053.010
15053.011
15054.501
15054.502
15054.503
15054.504
15054.505
15054.506
15054.507
15054.508
15054.509
15054.510
15054.511
15056.001
15056.002
15056.003
15056.004
15056.005
15056.006
15056.007
15056.008
15056.009
15056.010
15056.011
15057.501
15057.502
15057.503
15057.504
15057.505
15057.506
15057.507
15057.508
15057.509
15057.510
15057.511
15059.001
15059.002
15059.003
15059.004
15059.005
15059.006
15059.007
15059.008
15059.009
15059.010
15059.011
15060.501
15060.502
15060.503
15060.504
15060.505
15060.506
15060.507
15060.508
15060.509
15060.510
15060.511
15062.001
15062.002
15062.003
15062.004
15062.005
15062.006
15062.007
15062.008
15062.009
15062.010
15062.011
15063.501
15063.502
15063.503
15063.504
15063.505
15063.506
15063.507
15063.508
15063.509
15063.510
15063.511
15065.001
15065.002
15065.003
15065.004
15065.005
15065.006
15065.007
15065.008
15065.009
15065.010
15065.011
15066.501
15066.502
15066.503
15066.504
15066.505
15066.506
15066.507
15066.508
15066.509
15066.510
15066.511
15068.001
15068.002
15068.003
15068.004
15068.005
15068.006
15068.007
15068.008
15068.009
15068.010
15068.011
15069.501
15069.502
15069.503
15069.504
15069.505
15069.506
15069.507
15069.508
15069.509
15069.510
15069.511
15071.001
15071.002
15071.003
15071.004
15071.005
15071.006
15071.007
15071.008
15071.009
15071.010
15071.011
15072.501
15072.502
15072.503
15072.504
15072.505
15072.506
15072.507
15072.508
15072.509
15072.510
15072.511
15074.001
15074.002
15074.003
15074.004
15074.005
15074.006
15074.007
15074.008
15074.009
15074.010
15074.011
15075.501
15075.502
15075.503
15075.504
15075.505
15075.506
15075.507
15075.508
15075.509
15075.510
15075.511
15077.001
15077.002
15077.003
15077.004
15077.005
15077.006
15077.007
15077.008
15077.009
15077.010
15077.011
15078.501
15078.502
15078.503
15078.504
15078.505
15078.506
15078.507
15078.508
15078.509
15078.510
15078.511
16050.001
16050.002
16050.003
16050.004
16050.005
16050.006
16050.007
16050.008
16050.009
16050.010
16050.011
16051.501
16051.502
16051.503
16051.504
16051.505
16051.506
16051.507
16051.508
16051.509
16051.510
16051.511
16053.001
16053.002
16053.003
16053.004
16053.005
16053.006
16053.007
16053.008
16053.009
16053.010
16053.011
16054.501
16054.502
16054.503
16054.504
16054.505
16054.506
16054.507
16054.508
16054.509
16054.510
16054.511
16056.001
16056.002
16056.003
16056.004
16056.005
16056.006
16056.007
16056.008
16056.009
16056.010
16056.011
16057.501
16057.502
16057.503
16057.504
16057.505
16057.506
16057.507
16057.508
16057.509
16057.510
16057.511
16059.001
16059.002
16059.003
16059.004
16059.005
16059.006
16059.007
16059.008
16059.009
16059.010
16059.011
16060.501
16060.502
16060.503
16060.504
16060.505
16060.506
16060.507
16060.508
16060.509
16060.510
16060.511
16062.001
16062.002
16062.003
16062.004
16062.005
16062.006
16062.007
16062.008
16062.009
16062.010
16062.011
16063.501
16063.502
16063.503
16063.504
16063.505
16063.506
16063.507
16063.508
16063.509
16063.510
16063.511
16065.001
16065.002
16065.003
16065.004
16065.005
16065.006
16065.007
16065.008
16065.009
16065.010
16065.011
16066.501
16066.502
16066.503
16066.504
16066.505
16066.506
16066.507
16066.508
16066.509
16066.510
16066.511
16068.001
16068.002
16068.003
16068.004
16068.005
16068.006
16068.007
16068.008
16068.009
16068.010
16068.011
16069.501
16069.502
16069.503
16069.504
16069.505
16069.506
16069.507
16069.508
16069.509
16069.510
16069.511
16071.001
16071.002
16071.003
16071.004
16071.005
16071.006
16071.007
16071.008
16071.009
16071.010
16071.011
16072.501
16072.502
16072.503
16072.504
16072.505
16072.506
16072.507
16072.508
16072.509
16072.510
16072.511
16074.001
16074.002
16074.003
16074.004
16074.005
16074.006
16074.007
16074.008
16074.009
16074.010
16074.011
16075.501
16075.502
16075.503
16075.504
16075.505
16075.506
16075.507
16075.508
16075.509
16075.510
16075.511
16077.001
16077.002
16077.003
16077.004
16077.005
16077.006
16077.007
16077.008
16077.009
16077.010
16077.011
16078.501
16078.502
16078.503
16078.504
16078.505
16078.506
16078.507
16078.508
16078.509
16078.510
16078.511
17050.001
17050.002
17050.003
17050.004
17050.005
17050.006
17050.007
17050.008
17050.009
17050.010
17050.011
17051.501
17051.502
17051.503
17051.504
17051.505
17051.506
17051.507
17051.508
17051.509
17051.510
17051.511
17053.001
17053.002
17053.003
17053.004
17053.005
17053.006
17053.007
17053.008
17053.009
17053.010
17053.011
17054.501
17054.502
17054.503
17054.504
17054.505
17054.506
17054.507
17054.508
17054.509
17054.510
17054.511
17056.001
17056.002
17056.003
17056.004
17056.005
17056.006
17056.007
17056.008
17056.009
17056.010
17056.011
17057.501
17057.502
17057.503
17057.504
17057.505
17057.506
17057.507
17057.508
17057.509
17057.510
17057.511
17059.001
17059.002
17059.003
17059.004
17059.005
17059.006
17059.007
17059.008
17059.009
17059.010
17059.011
17060.501
17060.502
17060.503
17060.504
17060.505
17060.506
17060.507
17060.508
17060.509
17060.510
17060.511
17062.001
17062.002
17062.003
17062.004
17062.005
17062.006
17062.007
17062.008
17062.009
17062.010
17062.011
17063.501
17063.502
17063.503
17063.504
17063.505
17063.506
17063.507
17063.508
17063.509
17063.510
17063.511
17065.001
17065.002
17065.003
17065.004
17065.005
17065.006
17065.007
17065.008
17065.009
17065.010
17065.011
17066.501
17066.502
17066.503
17066.504
17066.505
17066.506
17066.507
17066.508
17066.509
17066.510
17066.511
17068.001
17068.002
17068.003
17068.004
17068.005
17068.006
17068.007
17068.008
17068.009
17068.010
17068.011
17069.501
17069.502
17069.503
17069.504
17069.505
17069.506
17069.507
17069.508
17069.509
17069.510
17069.511
17071.001
17071.002
17071.003
17071.004
17071.005
17071.006
17071.007
17071.008
17071.009
17071.010
17071.011
17072.501
17072.502
17072.503
17072.504
17072.505
17072.506
17072.507
17072.508
17072.509
17072.510
17072.511
17074.001
17074.002
17074.003
17074.004
17074.005
17074.006
17074.007
17074.008
17074.009
17074.010
17074.011
17075.501
17075.502
17075.503
17075.504
17075.505
17075.506
17075.507
17075.508
17075.509
17075.510
17075.511
17077.001
17077.002
17077.003
17077.004
17077.005
17077.006
17077.007
17077.008
17077.009
17077.010
17077.011
17078.501
17078.502
17078.503
17078.504
17078.505
17078.506
17078.507
17078.508
17078.509
17078.510
17078.511
18050.001
18050.002
18050.003
18050.004
18050.005
18050.006
18050.007
18050.008
18050.009
18050.010
18050.011
18051.501
18051.502
18051.503
18051.504
18051.505
18051.506
18051.507
18051.508
18051.509
18051.510
18051.511
18053.001
18053.002
18053.003
18053.004
18053.005
18053.006
18053.007
18053.008
18053.009
18053.010
18053.011
18054.501
18054.502
18054.503
18054.504
18054.505
18054.506
18054.507
18054.508
18054.509
18054.510
18054.511
18056.001
18056.002
18056.003
18056.004
18056.005
18056.006
18056.007
18056.008
18056.009
18056.010
18056.011
18057.501
18057.502
18057.503
18057.504
18057.505
18057.506
18057.507
18057.508
18057.509
18057.510
18057.511
18059.001
18059.002
18059.003
18059.004
18059.005
18059.006
18059.007
18059.008
18059.009
18059.010
18059.011
18060.501
18060.502
18060.503
18060.504
18060.505
18060.506
18060.507
18060.508
18060.509
18060.510
18060.511
18062.001
18062.002
18062.003
18062.004
18062.005
18062.006
18062.007
18062.008
18062.009
18062.010
18062.011
18063.501
18063.502
18063.503
18063.504
18063.505
18063.506
18063.507
18063.508
18063.509
18063.510
18063.511
18065.001
18065.002
18065.003
18065.004
18065.005
18065.006
18065.007
18065.008
18065.009
18065.010
18065.011
18066.501
18066.502
18066.503
18066.504
18066.505
18066.506
18066.507
18066.508
18066.509
18066.510
18066.511
18068.001
18068.002
18068.003
18068.004
18068.005
18068.006
18068.007
18068.008
18068.009
18068.010
18068.011
18069.501
18069.502
18069.503
18069.504
18069.505
18069.506
18069.507
18069.508
18069.509
18069.510
18069.511
18071.001
18071.002
18071.003
18071.004
18071.005
18071.006
18071.007
18071.008
18071.009
18071.010
18071.011
18072.501
18072.502
18072.503
18072.504
18072.505
18072.506
18072.507
18072.508
18072.509
18072.510
18072.511
18074.001
18074.002
18074.003
18074.004
18074.005
18074.006
18074.007
18074.008
18074.009
18074.010
18074.011
18075.501
18075.502
18075.503
18075.504
18075.505
18075.506
18075.507
18075.508
18075.509
18075.510
18075.511
18077.001
18077.002
18077.003
18077.004
18077.005
18077.006
18077.007
18077.008
18077.009
18077.010
18077.011
18078.501
18078.502
18078.503
18078.504
18078.505
18078.506
18078.507
18078.508
18078.509
18078.510
18078.511
19050.001
19050.002
19050.003
19050.004
19050.005
19050.006
19050.007
19050.008
19050.009
19050.010
19050.011
19051.501
19051.502
19051.503
19051.504
19051.505
19051.506
19051.507
19051.508
19051.509
19051.510
19051.511
19053.001
19053.002
19053.003
19053.004
19053.005
19053.006
19053.007
19053.008
19053.009
19053.010
19053.011
19054.501
19054.502
19054.503
19054.504
19054.505
19054.506
19054.507
19054.508
19054.509
19054.510
19054.511
19056.001
19056.002
19056.003
19056.004
19056.005
19056.006
19056.007
19056.008
19056.009
19056.010
19056.011
19057.501
19057.502
19057.503
19057.504
19057.505
19057.506
19057.507
19057.508
19057.509
19057.510
19057.511
19059.001
19059.002
19059.003
19059.004
19059.005
19059.006
19059.007
19059.008
19059.009
19059.010
19059.011
19060.501
19060.502
19060.503
19060.504
19060.505
19060.506
19060.507
19060.508
19060.509
19060.510
19060.511
19062.001
19062.002
19062.003
19062.004
19062.005
19062.006
19062.007
19062.008
19062.009
19062.010
19062.011
19063.501
19063.502
19063.503
19063.504
19063.505
19063.506
19063.507
19063.508
19063.509
19063.510
19063.511
20050.001
20050.002
20050.003
20050.004
20050.005
20050.006
20050.007
20050.008
20050.009
20050.010
20050.011
20051.501
20051.502
20051.503
20051.504
20051.505
20051.506
20051.507
20051.508
20051.509
20051.510
20051.511
20053.001
20053.002
20053.003
20053.004
20053.005
20053.006
20053.007
20053.008
20053.009
20053.010
20053.011
20054.501
20054.502
20054.503
20054.504
20054.505
20054.506
20054.507
20054.508
20054.509
20054.510
20054.511
20056.001
20056.002
20056.003
20056.004
20056.005
20056.006
20056.007
20056.008
20056.009
20056.010
20056.011
20057.501
20057.502
20057.503
20057.504
20057.505
20057.506
20057.507
20057.508
20057.509
20057.510
20057.511
20059.001
20059.002
20059.003
20059.004
20059.005
20059.006
20059.007
20059.008
20059.009
20059.010
20059.011
20060.501
20060.502
20060.503
20060.504
20060.505
20060.506
20060.507
20060.508
20060.509
20060.510
20060.511
20062.001
20062.002
20062.003
20062.004
20062.005
20062.006
20062.007
20062.008
20062.009
20062.010
20062.011
20063.501
20063.502
20063.503
20063.504
20063.505
20063.506
20063.507
20063.508
20063.509
20063.510
20063.511
20065.001
20065.002
20065.003
20065.004
20065.005
20065.006
20065.007
20065.008
20065.009
20065.010
20065.011
20066.501
20066.502
20066.503
20066.504
20066.505
20066.506
20066.507
20066.508
20066.509
20066.510
20066.511
20068.001
20068.002
20068.003
20068.004
20068.005
20068.006
20068.007
20068.008
20068.009
20068.010
20068.011
20069.501
20069.502
20069.503
20069.504
20069.505
20069.506
20069.507
20069.508
20069.509
20069.510
20069.511
20071.001
20071.002
20071.003
20071.004
20071.005
20071.006
20071.007
20071.008
20071.009
20071.010
20071.011
20072.501
20072.502
20072.503
20072.504
20072.505
20072.506
20072.507
20072.508
20072.509
20072.510
20072.511
20074.001
20074.002
20074.003
20074.004
20074.005
20074.006
20074.007
20074.008
20074.009
20074.010
20074.011
20075.501
20075.502
20075.503
20075.504
20075.505
20075.506
20075.507
20075.508
20075.509
20075.510
20075.511
20077.001
20077.002
20077.003
20077.004
20077.005
20077.006
20077.007
20077.008
20077.009
20077.010
20077.011
20078.501
20078.502
20078.503
20078.504
20078.505
20078.506
20078.507
20078.508
20078.509
20078.510
20078.511
21050.001
21050.002
21050.003
21050.004
21050.005
21050.006
21050.007
21050.008
21050.009
21050.010
21050.011
21051.501
21051.502
21051.503
21051.504
21051.505
21051.506
21051.507
21051.508
21051.509
21051.510
21051.511
21053.001
21053.002
21053.003
21053.004
21053.005
21053.006
21053.007
21053.008
21053.009
21053.010
21053.011
21054.501
21054.502
21054.503
21054.504
21054.505
21054.506
21054.507
21054.508
21054.509
21054.510
21054.511
21056.001
21056.002
21056.003
21056.004
21056.005
21056.006
21056.007
21056.008
21056.009
21056.010
21056.011
21057.501
21057.502
21057.503
21057.504
21057.505
21057.506
21057.507
21057.508
21057.509
21057.510
21057.511
21059.001
21059.002
21059.003
21059.004
21059.005
21059.006
21059.007
21059.008
21059.009
21059.010
21059.011
21060.501
21060.502
21060.503
21060.504
21060.505
21060.506
21060.507
21060.508
21060.509
21060.510
21060.511
21062.001
21062.002
21062.003
21062.004
21062.005
21062.006
21062.007
21062.008
21062.009
21062.010
21062.011
21063.501
21063.502
21063.503
21063.504
21063.505
21063.506
21063.507
21063.508
21063.509
21063.510
21063.511
21065.001
21065.002
21065.003
21065.004
21065.005
21065.006
21065.007
21065.008
21065.009
21065.010
21065.011
21066.501
21066.502
21066.503
21066.504
21066.505
21066.506
21066.507
21066.508
21066.509
21066.510
21066.511
21068.001
21068.002
21068.003
21068.004
21068.005
21068.006
21068.007
21068.008
21068.009
21068.010
21068.011
21069.501
21069.502
21069.503
21069.504
21069.505
21069.506
21069.507
21069.508
21069.509
21069.510
21069.511
21071.001
21071.002
21071.003
21071.004
21071.005
21071.006
21071.007
21071.008
21071.009
21071.010
21071.011
21072.501
21072.502
21072.503
21072.504
21072.505
21072.506
21072.507
21072.508
21072.509
21072.510
21072.511
21074.001
21074.002
21074.003
21074.004
21074.005
21074.006
21074.007
21074.008
21074.009
21074.010
21074.011
21075.501
21075.502
21075.503
21075.504
21075.505
21075.506
21075.507
21075.508
21075.509
21075.510
21075.511
21077.001
21077.002
21077.003
21077.004
21077.005
21077.006
21077.007
21077.008
21077.009
21077.010
21077.011
21078.501
21078.502
21078.503
21078.504
21078.505
21078.506
21078.507
21078.508
21078.509
21078.510
21078.511
22050.001
22050.002
22050.003
22050.004
22050.005
22050.006
22050.007
22050.008
22050.009
22050.010
22050.011
22051.501
22051.502
22051.503
22051.504
22051.505
22051.506
22051.507
22051.508
22051.509
22051.510
22051.511
22053.001
22053.002
22053.003
22053.004
22053.005
22053.006
22053.007
22053.008
22053.009
22053.010
22053.011
22054.501
22054.502
22054.503
22054.504
22054.505
22054.506
22054.507
22054.508
22054.509
22054.510
22054.511
22056.001
22056.002
22056.003
22056.004
22056.005
22056.006
22056.007
22056.008
22056.009
22056.010
22056.011
22057.501
22057.502
22057.503
22057.504
22057.505
22057.506
22057.507
22057.508
22057.509
22057.510
22057.511
22059.001
22059.002
22059.003
22059.004
22059.005
22059.006
22059.007
22059.008
22059.009
22059.010
22059.011
22060.501
22060.502
22060.503
22060.504
22060.505
22060.506
22060.507
22060.508
22060.509
22060.510
22060.511
22062.001
22062.002
22062.003
22062.004
22062.005
22062.006
22062.007
22062.008
22062.009
22062.010
22062.011
22063.501
22063.502
22063.503
22063.504
22063.505
22063.506
22063.507
22063.508
22063.509
22063.510
22063.511
22065.001
22065.002
22065.003
22065.004
22065.005
22065.006
22065.007
22065.008
22065.009
22065.010
22065.011
22066.501
22066.502
22066.503
22066.504
22066.505
22066.506
22066.507
22066.508
22066.509
22066.510
22066.511
22068.001
22068.002
22068.003
22068.004
22068.005
22068.006
22068.007
22068.008
22068.009
22068.010
22068.011
22069.501
22069.502
22069.503
22069.504
22069.505
22069.506
22069.507
22069.508
22069.509
22069.510
22069.511
22071.001
22071.002
22071.003
22071.004
22071.005
22071.006
22071.007
22071.008
22071.009
22071.010
22071.011
22072.501
22072.502
22072.503
22072.504
22072.505
22072.506
22072.507
22072.508
22072.509
22072.510
22072.511
22074.001
22074.002
22074.003
22074.004
22074.005
22074.006
22074.007
22074.008
22074.009
22074.010
22074.011
22075.501
22075.502
22075.503
22075.504
22075.505
22075.506
22075.507
22075.508
22075.509
22075.510
22075.511
22077.001
22077.002
22077.003
22077.004
22077.005
22077.006
22077.007
22077.008
22077.009
22077.010
22077.011
22078.501
22078.502
22078.503
22078.504
22078.505
22078.506
22078.507
22078.508
22078.509
22078.510
22078.511
23050.001
23050.002
23050.003
23050.004
23050.005
23050.006
23050.007
23050.008
23050.009
23050.010
23050.011
23051.501
23051.502
23051.503
23051.504
23051.505
23051.506
23051.507
23051.508
23051.509
23051.510
23051.511
23053.001
23053.002
23053.003
23053.004
23053.005
23053.006
23053.007
23053.008
23053.009
23053.010
23053.011
23054.501
23054.502
23054.503
23054.504
23054.505
23054.506
23054.507
23054.508
23054.509
23054.510
23054.511
23056.001
23056.002
23056.003
23056.004
23056.005
23056.006
23056.007
23056.008
23056.009
23056.010
23056.011
23057.501
23057.502
23057.503
23057.504
23057.505
23057.506
23057.507
23057.508
23057.509
23057.510
23057.511
23059.001
23059.002
23059.003
23059.004
23059.005
23059.006
23059.007
23059.008
23059.009
23059.010
23059.011
23060.501
23060.502
23060.503
23060.504
23060.505
23060.506
23060.507
23060.508
23060.509
23060.510
23060.511
23062.001
23062.002
23062.003
23062.004
23062.005
23062.006
23062.007
23062.008
23062.009
23062.010
23062.011
23063.501
23063.502
23063.503
23063.504
23063.505
23063.506
23063.507
23063.508
23063.509
23063.510
23063.511
23065.001
23065.002
23065.003
23065.004
23065.005
23065.006
23065.007
23065.008
23065.009
23065.010
23065.011
23066.501
23066.502
23066.503
23066.504
23066.505
23066.506
23066.507
23066.508
23066.509
23066.510
23066.511
23068.001
23068.002
23068.003
23068.004
23068.005
23068.006
23068.007
23068.008
23068.009
23068.010
23068.011
23069.501
23069.502
23069.503
23069.504
23069.505
23069.506
23069.507
23069.508
23069.509
23069.510
23069.511
23071.001
23071.002
23071.003
23071.004
23071.005
23071.006
23071.007
23071.008
23071.009
23071.010
23071.011
23072.501
23072.502
23072.503
23072.504
23072.505
23072.506
23072.507
23072.508
23072.509
23072.510
23072.511
23074.001
23074.002
23074.003
23074.004
23074.005
23074.006
23074.007
23074.008
23074.009
23074.010
23074.011
23075.501
23075.502
23075.503
23075.504
23075.505
23075.506
23075.507
23075.508
23075.509
23075.510
23075.511
23077.001
23077.002
23077.003
23077.004
23077.005
23077.006
23077.007
23077.008
23077.009
23077.010
23077.011
23078.501
23078.502
23078.503
23078.504
23078.505
23078.506
23078.507
23078.508
23078.509
23078.510
23078.511
24050.001
24050.002
24050.003
24050.004
24050.005
24050.006
24050.007
24050.008
24050.009
24050.010
24050.011
24051.501
24051.502
24051.503
24051.504
24051.505
24051.506
24051.507
24051.508
24051.509
24051.510
24051.511
24053.001
24053.002
24053.003
24053.004
24053.005
24053.006
24053.007
24053.008
24053.009
24053.010
24053.011
24054.501
24054.502
24054.503
24054.504
24054.505
24054.506
24054.507
24054.508
24054.509
24054.510
24054.511
24056.001
24056.002
24056.003
24056.004
24056.005
24056.006
24056.007
24056.008
24056.009
24056.010
24056.011
24057.501
24057.502
24057.503
24057.504
24057.505
24057.506
24057.507
24057.508
24057.509
24057.510
24057.511
24059.001
24059.002
24059.003
24059.004
24059.005
24059.006
24059.007
24059.008
24059.009
24059.010
24059.011
24060.501
24060.502
24060.503
24060.504
24060.505
24060.506
24060.507
24060.508
24060.509
24060.510
24060.511
24062.001
24062.002
24062.003
24062.004
24062.005
24062.006
24062.007
24062.008
24062.009
24062.010
24062.011
24063.501
24063.502
24063.503
24063.504
24063.505
24063.506
24063.507
24063.508
24063.509
24063.510
24063.511
24065.001
24065.002
24065.003
24065.004
24065.005
24065.006
24065.007
24065.008
24065.009
24065.010
24065.011
24066.501
24066.502
24066.503
24066.504
24066.505
24066.506
24066.507
24066.508
24066.509
24066.510
24066.511
24068.001
24068.002
24068.003
24068.004
24068.005
24068.006
24068.007
24068.008
24068.009
24068.010
24068.011
24069.501
24069.502
24069.503
24069.504
24069.505
24069.506
24069.507
24069.508
24069.509
24069.510
24069.511
24071.001
24071.002
24071.003
24071.004
24071.005
24071.006
24071.007
24071.008
24071.009
24071.010
24071.011
24072.501
24072.502
24072.503
24072.504
24072.505
24072.506
24072.507
24072.508
24072.509
24072.510
24072.511
24074.001
24074.002
24074.003
24074.004
24074.005
24074.006
24074.007
24074.008
24074.009
24074.010
24074.011
24075.501
24075.502
24075.503
24075.504
24075.505
24075.506
24075.507
24075.508
24075.509
24075.510
24075.511
24077.001
24077.002
24077.003
24077.004
24077.005
24077.006
24077.007
24077.008
24077.009
24077.010
24077.011
24078.501
24078.502
24078.503
24078.504
24078.505
24078.506
24078.507
24078.508
24078.509
24078.510
24078.511
25050.001
25050.002
25050.003
25050.004
25050.005
25050.006
25050.007
25050.008
25050.009
25050.010
25050.011
25051.501
25051.502
25051.503
25051.504
25051.505
25051.506
25051.507
25051.508
25051.509
25051.510
25051.511
25053.001
25053.002
25053.003
25053.004
25053.005
25053.006
25053.007
25053.008
25053.009
25053.010
25053.011
25054.501
25054.502
25054.503
25054.504
25054.505
25054.506
25054.507
25054.508
25054.509
25054.510
25054.511
25056.001
25056.002
25056.003
25056.004
25056.005
25056.006
25056.007
25056.008
25056.009
25056.010
25056.011
25057.501
25057.502
25057.503
25057.504
25057.505
25057.506
25057.507
25057.508
25057.509
25057.510
25057.511
25059.001
25059.002
25059.003
25059.004
25059.005
25059.006
25059.007
25059.008
25059.009
25059.010
25059.011
25060.501
25060.502
25060.503
25060.504
25060.505
25060.506
25060.507
25060.508
25060.509
25060.510
25060.511
25062.001
25062.002
25062.003
25062.004
25062.005
25062.006
25062.007
25062.008
25062.009
25062.010
25062.011
25063.501
25063.502
25063.503
25063.504
25063.505
25063.506
25063.507
25063.508
25063.509
25063.510
25063.511
25065.001
25065.002
25065.003
25065.004
25065.005
25065.006
25065.007
25065.008
25065.009
25065.010
25065.011
25066.501
25066.502
25066.503
25066.504
25066.505
25066.506
25066.507
25066.508
25066.509
25066.510
25066.511
25068.001
25068.002
25068.003
25068.004
25068.005
25068.006
25068.007
25068.008
25068.009
25068.010
25068.011
25069.501
25069.502
25069.503
25069.504
25069.505
25069.506
25069.507
25069.508
25069.509
25069.510
25069.511
25071.001
25071.002
25071.003
25071.004
25071.005
25071.006
25071.007
25071.008
25071.009
25071.010
25071.011
25072.501
25072.502
25072.503
25072.504
25072.505
25072.506
25072.507
25072.508
25072.509
25072.510
25072.511
25074.001
25074.002
25074.003
25074.004
25074.005
25074.006
25074.007
25074.008
25074.009
25074.010
25074.011
25075.501
25075.502
25075.503
25075.504
25075.505
25075.506
25075.507
25075.508
25075.509
25075.510
25075.511
25077.001
25077.002
25077.003
25077.004
25077.005
25077.006
25077.007
25077.008
25077.009
25077.010
25077.011
25078.501
25078.502
25078.503
25078.504
25078.505
25078.506
25078.507
25078.508
25078.509
25078.510
25078.511
26050.001
26050.002
26050.003
26050.004
26050.005
26050.006
26050.007
26050.008
26050.009
26050.010
26050.011
26051.501
26051.502
26051.503
26051.504
26051.505
26051.506
26051.507
26051.508
26051.509
26051.510
26051.511
26053.001
26053.002
26053.003
26053.004
26053.005
26053.006
26053.007
26053.008
26053.009
26053.010
26053.011
26054.501
26054.502
26054.503
26054.504
26054.505
26054.506
26054.507
26054.508
26054.509
26054.510
26054.511
26056.001
26056.002
26056.003
26056.004
26056.005
26056.006
26056.007
26056.008
26056.009
26056.010
26056.011
26057.501
26057.502
26057.503
26057.504
26057.505
26057.506
26057.507
26057.508
26057.509
26057.510
26057.511
26059.001
26059.002
26059.003
26059.004
26059.005
26059.006
26059.007
26059.008
26059.009
26059.010
26059.011
26060.501
26060.502
26060.503
26060.504
26060.505
26060.506
26060.507
26060.508
26060.509
26060.510
26060.511
26062.001
26062.002
26062.003
26062.004
26062.005
26062.006
26062.007
26062.008
26062.009
26062.010
26062.011
26063.501
26063.502
26063.503
26063.504
26063.505
26063.506
26063.507
26063.508
26063.509
26063.510
26063.511
26065.001
26065.002
26065.003
26065.004
26065.005
26065.006
26065.007
26065.008
26065.009
26065.010
26065.011
26066.501
26066.502
26066.503
26066.504
26066.505
26066.506
26066.507
26066.508
26066.509
26066.510
26066.511
26068.001
26068.002
26068.003
26068.004
26068.005
26068.006
26068.007
26068.008
26068.009
26068.010
26068.011
26069.501
26069.502
26069.503
26069.504
26069.505
26069.506
26069.507
26069.508
26069.509
26069.510
26069.511
26071.001
26071.002
26071.003
26071.004
26071.005
26071.006
26071.007
26071.008
26071.009
26071.010
26071.011
26072.501
26072.502
26072.503
26072.504
26072.505
26072.506
26072.507
26072.508
26072.509
26072.510
26072.511
26074.001
26074.002
26074.003
26074.004
26074.005
26074.006
26074.007
26074.008
26074.009
26074.010
26074.011
26075.501
26075.502
26075.503
26075.504
26075.505
26075.506
26075.507
26075.508
26075.509
26075.510
26075.511
26077.001
26077.002
26077.003
26077.004
26077.005
26077.006
26077.007
26077.008
26077.009
26077.010
26077.011
26078.501
26078.502
26078.503
26078.504
26078.505
26078.506
26078.507
26078.508
26078.509
26078.510
26078.511
28050.001
28050.002
28050.003
28050.004
28050.005
28050.006
28050.007
28050.008
28050.009
28050.010
28050.011
28051.501
28051.502
28051.503
28051.504
28051.505
28051.506
28051.507
28051.508
28051.509
28051.510
28051.511
28053.001
28053.002
28053.003
28053.004
28053.005
28053.006
28053.007
28053.008
28053.009
28053.010
28053.011
28054.501
28054.502
28054.503
28054.504
28054.505
28054.506
28054.507
28054.508
28054.509
28054.510
28054.511
28056.001
28056.002
28056.003
28056.004
28056.005
28056.006
28056.007
28056.008
28056.009
28056.010
28056.011
28057.501
28057.502
28057.503
28057.504
28057.505
28057.506
28057.507
28057.508
28057.509
28057.510
28057.511
28059.001
28059.002
28059.003
28059.004
28059.005
28059.006
28059.007
28059.008
28059.009
28059.010
28059.011
28060.501
28060.502
28060.503
28060.504
28060.505
28060.506
28060.507
28060.508
28060.509
28060.510
28060.511
28062.001
28062.002
28062.003
28062.004
28062.005
28062.006
28062.007
28062.008
28062.009
28062.010
28062.011
28063.501
28063.502
28063.503
28063.504
28063.505
28063.506
28063.507
28063.508
28063.509
28063.510
28063.511
28065.001
28065.002
28065.003
28065.004
28065.005
28065.006
28065.007
28065.008
28065.009
28065.010
28065.011
28066.501
28066.502
28066.503
28066.504
28066.505
28066.506
28066.507
28066.508
28066.509
28066.510
28066.511
28068.001
28068.002
28068.003
28068.004
28068.005
28068.006
28068.007
28068.008
28068.009
28068.010
28068.011
28069.501
28069.502
28069.503
28069.504
28069.505
28069.506
28069.507
28069.508
28069.509
28069.510
28069.511
28071.001
28071.002
28071.003
28071.004
28071.005
28071.006
28071.007
28071.008
28071.009
28071.010
28071.011
28072.501
28072.502
28072.503
28072.504
28072.505
28072.506
28072.507
28072.508
28072.509
28072.510
28072.511
28074.001
28074.002
28074.003
28074.004
28074.005
28074.006
28074.007
28074.008
28074.009
28074.010
28074.011
28075.501
28075.502
28075.503
28075.504
28075.505
28075.506
28075.507
28075.508
28075.509
28075.510
28075.511
28077.001
28077.002
28077.003
28077.004
28077.005
28077.006
28077.007
28077.008
28077.009
28077.010
28077.011
28078.501
28078.502
28078.503
28078.504
28078.505
28078.506
28078.507
28078.508
28078.509
28078.510
28078.511
31050.001
31050.002
31050.003
31050.004
31050.005
31050.006
31050.007
31050.008
31050.009
31050.010
31050.011
31051.501
31051.502
31051.503
31051.504
31051.505
31051.506
31051.507
31051.508
31051.509
31051.510
31051.511
31053.001
31053.002
31053.003
31053.004
31053.005
31053.006
31053.007
31053.008
31053.009
31053.010
31053.011
31054.501
31054.502
31054.503
31054.504
31054.505
31054.506
31054.507
31054.508
31054.509
31054.510
31054.511
31056.001
31056.002
31056.003
31056.004
31056.005
31056.006
31056.007
31056.008
31056.009
31056.010
31056.011
31057.501
31057.502
31057.503
31057.504
31057.505
31057.506
31057.507
31057.508
31057.509
31057.510
31057.511
31059.001
31059.002
31059.003
31059.004
31059.005
31059.006
31059.007
31059.008
31059.009
31059.010
31059.011
31060.501
31060.502
31060.503
31060.504
31060.505
31060.506
31060.507
31060.508
31060.509
31060.510
31060.511
31062.001
31062.002
31062.003
31062.004
31062.005
31062.006
31062.007
31062.008
31062.009
31062.010
31062.011
31063.501
31063.502
31063.503
31063.504
31063.505
31063.506
31063.507
31063.508
31063.509
31063.510
31063.511
31065.001
31065.002
31065.003
31065.004
31065.005
31065.006
31065.007
31065.008
31065.009
31065.010
31065.011
31066.501
31066.502
31066.503
31066.504
31066.505
31066.506
31066.507
31066.508
31066.509
31066.510
31066.511
31068.001
31068.002
31068.003
31068.004
31068.005
31068.006
31068.007
31068.008
31068.009
31068.010
31068.011
31069.501
31069.502
31069.503
31069.504
31069.505
31069.506
31069.507
31069.508
31069.509
31069.510
31069.511
31071.001
31071.002
31071.003
31071.004
31071.005
31071.006
31071.007
31071.008
31071.009
31071.010
31071.011
31072.501
31072.502
31072.503
31072.504
31072.505
31072.506
31072.507
31072.508
31072.509
31072.510
31072.511
31074.001
31074.002
31074.003
31074.004
31074.005
31074.006
31074.007
31074.008
31074.009
31074.010
31074.011
31075.501
31075.502
31075.503
31075.504
31075.505
31075.506
31075.507
31075.508
31075.509
31075.510
31075.511
31077.001
31077.002
31077.003
31077.004
31077.005
31077.006
31077.007
31077.008
31077.009
31077.010
31077.011
31078.501
31078.502
31078.503
31078.504
31078.505
31078.506
31078.507
31078.508
31078.509
31078.510
31078.511
32050.001
32050.002
32050.003
32050.004
32050.005
32050.006
32050.007
32050.008
32050.009
32050.010
32050.011
32051.501
32051.502
32051.503
32051.504
32051.505
32051.506
32051.507
32051.508
32051.509
32051.510
32051.511
32053.001
32053.002
32053.003
32053.004
32053.005
32053.006
32053.007
32053.008
32053.009
32053.010
32053.011
32054.501
32054.502
32054.503
32054.504
32054.505
32054.506
32054.507
32054.508
32054.509
32054.510
32054.511
32056.001
32056.002
32056.003
32056.004
32056.005
32056.006
32056.007
32056.008
32056.009
32056.010
32056.011
32057.501
32057.502
32057.503
32057.504
32057.505
32057.506
32057.507
32057.508
32057.509
32057.510
32057.511
32059.001
32059.002
32059.003
32059.004
32059.005
32059.006
32059.007
32059.008
32059.009
32059.010
32059.011
32060.501
32060.502
32060.503
32060.504
32060.505
32060.506
32060.507
32060.508
32060.509
32060.510
32060.511
32062.001
32062.002
32062.003
32062.004
32062.005
32062.006
32062.007
32062.008
32062.009
32062.010
32062.011
32063.501
32063.502
32063.503
32063.504
32063.505
32063.506
32063.507
32063.508
32063.509
32063.510
32063.511
32065.001
32065.002
32065.003
32065.004
32065.005
32065.006
32065.007
32065.008
32065.009
32065.010
32065.011
32066.501
32066.502
32066.503
32066.504
32066.505
32066.506
32066.507
32066.508
32066.509
32066.510
32066.511
32068.001
32068.002
32068.003
32068.004
32068.005
32068.006
32068.007
32068.008
32068.009
32068.010
32068.011
32069.501
32069.502
32069.503
32069.504
32069.505
32069.506
32069.507
32069.508
32069.509
32069.510
32069.511
32071.001
32071.002
32071.003
32071.004
32071.005
32071.006
32071.007
32071.008
32071.009
32071.010
32071.011
32072.501
32072.502
32072.503
32072.504
32072.505
32072.506
32072.507
32072.508
32072.509
32072.510
32072.511
32074.001
32074.002
32074.003
32074.004
32074.005
32074.006
32074.007
32074.008
32074.009
32074.010
32074.011
32075.501
32075.502
32075.503
32075.504
32075.505
32075.506
32075.507
32075.508
32075.509
32075.510
32075.511
32077.001
32077.002
32077.003
32077.004
32077.005
32077.006
32077.007
32077.008
32077.009
32077.010
32077.011
32078.501
32078.502
32078.503
32078.504
32078.505
32078.506
32078.507
32078.508
32078.509
32078.510
32078.511
33050.001
33050.002
33050.003
33050.004
33050.005
33050.006
33050.007
33050.008
33050.009
33050.010
33050.011
33051.501
33051.502
33051.503
33051.504
33051.505
33051.506
33051.507
33051.508
33051.509
33051.510
33051.511
33053.001
33053.002
33053.003
33053.004
33053.005
33053.006
33053.007
33053.008
33053.009
33053.010
33053.011
33054.501
33054.502
33054.503
33054.504
33054.505
33054.506
33054.507
33054.508
33054.509
33054.510
33054.511
33056.001
33056.002
33056.003
33056.004
33056.005
33056.006
33056.007
33056.008
33056.009
33056.010
33056.011
33057.501
33057.502
33057.503
33057.504
33057.505
33057.506
33057.507
33057.508
33057.509
33057.510
33057.511
33059.001
33059.002
33059.003
33059.004
33059.005
33059.006
33059.007
33059.008
33059.009
33059.010
33059.011
33060.501
33060.502
33060.503
33060.504
33060.505
33060.506
33060.507
33060.508
33060.509
33060.510
33060.511
33062.001
33062.002
33062.003
33062.004
33062.005
33062.006
33062.007
33062.008
33062.009
33062.010
33062.011
33063.501
33063.502
33063.503
33063.504
33063.505
33063.506
33063.507
33063.508
33063.509
33063.510
33063.511
33065.001
33065.002
33065.003
33065.004
33065.005
33065.006
33065.007
33065.008
33065.009
33065.010
33065.011
33066.501
33066.502
33066.503
33066.504
33066.505
33066.506
33066.507
33066.508
33066.509
33066.510
33066.511
33068.001
33068.002
33068.003
33068.004
33068.005
33068.006
33068.007
33068.008
33068.009
33068.010
33068.011
33069.501
33069.502
33069.503
33069.504
33069.505
33069.506
33069.507
33069.508
33069.509
33069.510
33069.511
33071.001
33071.002
33071.003
33071.004
33071.005
33071.006
33071.007
33071.008
33071.009
33071.010
33071.011
33072.501
33072.502
33072.503
33072.504
33072.505
33072.506
33072.507
33072.508
33072.509
33072.510
33072.511
33074.001
33074.002
33074.003
33074.004
33074.005
33074.006
33074.007
33074.008
33074.009
33074.010
33074.011
33075.501
33075.502
33075.503
33075.504
33075.505
33075.506
33075.507
33075.508
33075.509
33075.510
33075.511
33077.001
33077.002
33077.003
33077.004
33077.005
33077.006
33077.007
33077.008
33077.009
33077.010
33077.011
33078.501
33078.502
33078.503
33078.504
33078.505
33078.506
33078.507
33078.508
33078.509
33078.510
33078.511
34050.001
34050.002
34050.003
34050.004
34050.005
34050.006
34050.007
34050.008
34050.009
34050.010
34050.011
34051.501
34051.502
34051.503
34051.504
34051.505
34051.506
34051.507
34051.508
34051.509
34051.510
34051.511
34053.001
34053.002
34053.003
34053.004
34053.005
34053.006
34053.007
34053.008
34053.009
34053.010
34053.011
34054.501
34054.502
34054.503
34054.504
34054.505
34054.506
34054.507
34054.508
34054.509
34054.510
34054.511
34056.001
34056.002
34056.003
34056.004
34056.005
34056.006
34056.007
34056.008
34056.009
34056.010
34056.011
34057.501
34057.502
34057.503
34057.504
34057.505
34057.506
34057.507
34057.508
34057.509
34057.510
34057.511
34059.001
34059.002
34059.003
34059.004
34059.005
34059.006
34059.007
34059.008
34059.009
34059.010
34059.011
34060.501
34060.502
34060.503
34060.504
34060.505
34060.506
34060.507
34060.508
34060.509
34060.510
34060.511
34062.001
34062.002
34062.003
34062.004
34062.005
34062.006
34062.007
34062.008
34062.009
34062.010
34062.011
34063.501
34063.502
34063.503
34063.504
34063.505
34063.506
34063.507
34063.508
34063.509
34063.510
34063.511
34065.001
34065.002
34065.003
34065.004
34065.005
34065.006
34065.007
34065.008
34065.009
34065.010
34065.011
34066.501
34066.502
34066.503
34066.504
34066.505
34066.506
34066.507
34066.508
34066.509
34066.510
34066.511
34068.001
34068.002
34068.003
34068.004
34068.005
34068.006
34068.007
34068.008
34068.009
34068.010
34068.011
34069.501
34069.502
34069.503
34069.504
34069.505
34069.506
34069.507
34069.508
34069.509
34069.510
34069.511
34071.001
34071.002
34071.003
34071.004
34071.005
34071.006
34071.007
34071.008
34071.009
34071.010
34071.011
34072.501
34072.502
34072.503
34072.504
34072.505
34072.506
34072.507
34072.508
34072.509
34072.510
34072.511
34074.001
34074.002
34074.003
34074.004
34074.005
34074.006
34074.007
34074.008
34074.009
34074.010
34074.011
34075.501
34075.502
34075.503
34075.504
34075.505
34075.506
34075.507
34075.508
34075.509
34075.510
34075.511
34077.001
34077.002
34077.003
34077.004
34077.005
34077.006
34077.007
34077.008
34077.009
34077.010
34077.011
34078.501
34078.502
34078.503
34078.504
34078.505
34078.506
34078.507
34078.508
34078.509
34078.510
34078.511
37050.001
37050.002
37050.003
37050.004
37050.005
37050.006
37050.007
37050.008
37050.009
37050.010
37050.011
37051.501
37051.502
37051.503
37051.504
37051.505
37051.506
37051.507
37051.508
37051.509
37051.510
37051.511
37053.001
37053.002
37053.003
37053.004
37053.005
37053.006
37053.007
37053.008
37053.009
37053.010
37053.011
37054.501
37054.502
37054.503
37054.504
37054.505
37054.506
37054.507
37054.508
37054.509
37054.510
37054.511
37056.001
37056.002
37056.003
37056.004
37056.005
37056.006
37056.007
37056.008
37056.009
37056.010
37056.011
37057.501
37057.502
37057.503
37057.504
37057.505
37057.506
37057.507
37057.508
37057.509
37057.510
37057.511
37059.001
37059.002
37059.003
37059.004
37059.005
37059.006
37059.007
37059.008
37059.009
37059.010
37059.011
37060.501
37060.502
37060.503
37060.504
37060.505
37060.506
37060.507
37060.508
37060.509
37060.510
37060.511
37062.001
37062.002
37062.003
37062.004
37062.005
37062.006
37062.007
37062.008
37062.009
37062.010
37062.011
37063.501
37063.502
37063.503
37063.504
37063.505
37063.506
37063.507
37063.508
37063.509
37063.510
37063.511
37065.001
37065.002
37065.003
37065.004
37065.005
37065.006
37065.007
37065.008
37065.009
37065.010
37065.011
37066.501
37066.502
37066.503
37066.504
37066.505
37066.506
37066.507
37066.508
37066.509
37066.510
37066.511
37068.001
37068.002
37068.003
37068.004
37068.005
37068.006
37068.007
37068.008
37068.009
37068.010
37068.011
37069.501
37069.502
37069.503
37069.504
37069.505
37069.506
37069.507
37069.508
37069.509
37069.510
37069.511
37071.001
37071.002
37071.003
37071.004
37071.005
37071.006
37071.007
37071.008
37071.009
37071.010
37071.011
37072.501
37072.502
37072.503
37072.504
37072.505
37072.506
37072.507
37072.508
37072.509
37072.510
37072.511
37074.001
37074.002
37074.003
37074.004
37074.005
37074.006
37074.007
37074.008
37074.009
37074.010
37074.011
37075.501
37075.502
37075.503
37075.504
37075.505
37075.506
37075.507
37075.508
37075.509
37075.510
37075.511
37077.001
37077.002
37077.003
37077.004
37077.005
37077.006
37077.007
37077.008
37077.009
37077.010
37077.011
37078.501
37078.502
37078.503
37078.504
37078.505
37078.506
37078.507
37078.508
37078.509
37078.510
37078.511
39050.001
39050.002
39050.003
39050.004
39050.005
39050.006
39050.007
39050.008
39050.009
39050.010
39050.011
39051.501
39051.502
39051.503
39051.504
39051.505
39051.506
39051.507
39051.508
39051.509
39051.510
39051.511
39053.001
39053.002
39053.003
39053.004
39053.005
39053.006
39053.007
39053.008
39053.009
39053.010
39053.011
39054.501
39054.502
39054.503
39054.504
39054.505
39054.506
39054.507
39054.508
39054.509
39054.510
39054.511
39056.001
39056.002
39056.003
39056.004
39056.005
39056.006
39056.007
39056.008
39056.009
39056.010
39056.011
39057.501
39057.502
39057.503
39057.504
39057.505
39057.506
39057.507
39057.508
39057.509
39057.510
39057.511
