010065509 
010070511 
010075511 
010083006 
010085503 
010085508 
010088006 
010093006 
010168008 
010168009 
010170506 
010170511 
010215501 
010083011 
010153010 
010168008 
010168009 
010170506 
010170511 
010173006 
010203002 
010215501 
010270503 
010270504 
010270505 
010270506 
010270507 
010270508 
010270509 
010270510 
010270511 
010273001 
010273002 
010273003 
010273004 
010273005 
010273006 
010273007 
010273008 
010273009 
010273010 
010273011 
010275501 
010275502 
010275503 
010275504 
010275505 
010275506 
010275507 
010275508 
010275509 
010275510 
010275511 
010278001 
010278002 
010278003 
010278004 
010278005 
010278006 
010278007 
010278008 
010278009 
010278010 
010278011 
010280501 
010280502 
010280503 
010280504 
010280505 
010280506 
010280507 
010280508 
010280509 
010280510 
010280511 
010283001 
010283002 
010283003 
010283004 
010283005 
010283006 
010283007 
010283008 
010283009 
010283010 
010283011 
